,ds,trend,yhat_lower,yhat_upper,trend_lower,trend_upper,additive_terms,additive_terms_lower,additive_terms_upper,yearly,yearly_lower,yearly_upper,multiplicative_terms,multiplicative_terms_lower,multiplicative_terms_upper,yhat
0,2010-01-31,21.63241416666667,14.252927382258664,24.126851762925778,21.63241416666667,21.63241416666667,-2.327062310037491,-2.327062310037491,-2.327062310037491,-2.327062310037491,-2.327062310037491,-2.327062310037491,0.0,0.0,0.0,19.30535185662918
1,2010-02-28,21.64569371854913,18.981659438880417,28.701179512784613,21.64569371854913,21.64569371854913,1.8752928388235621,1.8752928388235621,1.8752928388235621,1.8752928388235621,1.8752928388235621,1.8752928388235621,0.0,0.0,0.0,23.52098655737269
2,2010-03-31,21.660396079561856,15.894259062089304,25.788376116812056,21.660396079561856,21.660396079561856,-1.005399960213537,-1.005399960213537,-1.005399960213537,-1.005399960213537,-1.005399960213537,-1.005399960213537,0.0,0.0,0.0,20.65499611934832
3,2010-04-30,21.674624170864494,14.656901373954945,24.683051473401303,21.674624170864494,21.674624170864494,-1.9144652023802249,-1.9144652023802249,-1.9144652023802249,-1.9144652023802249,-1.9144652023802249,-1.9144652023802249,0.0,0.0,0.0,19.76015896848427
4,2010-05-31,21.689326531877217,15.554324387612409,25.789090718203227,21.689326531877217,21.689326531877217,-0.9719444139435661,-0.9719444139435661,-0.9719444139435661,-0.9719444139435661,-0.9719444139435661,-0.9719444139435661,0.0,0.0,0.0,20.717382117933653
5,2010-06-30,21.70355462317985,18.33646477846266,27.929095339703306,21.70355462317985,21.70355462317985,1.2883746081886502,1.2883746081886502,1.2883746081886502,1.2883746081886502,1.2883746081886502,1.2883746081886502,0.0,0.0,0.0,22.991929231368502
6,2010-07-31,21.7182569840957,17.461950867741923,27.018075044627416,21.7182569840957,21.7182569840957,0.5944295304961732,0.5944295304961732,0.5944295304961732,0.5944295304961732,0.5944295304961732,0.5944295304961732,0.0,0.0,0.0,22.312686514591874
7,2010-08-31,21.732959345011547,15.866659519750534,25.605539644856805,21.732959345011547,21.732959345011547,-1.0021853621558832,-1.0021853621558832,-1.0021853621558832,-1.0021853621558832,-1.0021853621558832,-1.0021853621558832,0.0,0.0,0.0,20.730773982855663
8,2010-09-30,21.747187436220432,15.646069511261832,25.613232264553826,21.747187436220432,21.747187436220432,-0.8618569311136903,-0.8618569311136903,-0.8618569311136903,-0.8618569311136903,-0.8618569311136903,-0.8618569311136903,0.0,0.0,0.0,20.885330505106744
9,2010-10-31,21.76188979713628,18.137716435168883,27.554330144254664,21.76188979713628,21.76188979713628,1.0866418628910475,1.0866418628910475,1.0866418628910475,1.0866418628910475,1.0866418628910475,1.0866418628910475,0.0,0.0,0.0,22.848531660027326
10,2010-11-30,21.776117888345162,18.085462058433002,27.294650215437077,21.776117888345162,21.776117888345162,0.8243102664162959,0.8243102664162959,0.8243102664162959,0.8243102664162959,0.8243102664162959,0.8243102664162959,0.0,0.0,0.0,22.60042815476146
11,2010-12-31,21.790820249261014,18.041017721151835,27.714765980485964,21.790820249261014,21.790820249261014,1.0040421175290601,1.0040421175290601,1.0040421175290601,1.0040421175290601,1.0040421175290601,1.0040421175290601,0.0,0.0,0.0,22.794862366790074
12,2011-01-31,21.805522610325262,15.040269806386036,24.501279518813888,21.805522610325262,21.805522610325262,-2.1641987976852124,-2.1641987976852124,-2.1641987976852124,-2.1641987976852124,-2.1641987976852124,-2.1641987976852124,0.0,0.0,0.0,19.64132381264005
13,2011-02-28,21.818802162254258,18.37395049395228,28.351871117018664,21.818802162254258,21.818802162254258,1.620639357760625,1.620639357760625,1.620639357760625,1.620639357760625,1.620639357760625,1.620639357760625,0.0,0.0,0.0,23.43944152001488
14,2011-03-31,21.833504523318506,15.7228651336224,25.672597616149076,21.833504523318506,21.833504523318506,-1.2569893447040839,-1.2569893447040839,-1.2569893447040839,-1.2569893447040839,-1.2569893447040839,-1.2569893447040839,0.0,0.0,0.0,20.57651517861442
15,2011-04-30,21.847732614671,15.132852883885255,24.51466483891628,21.847732614671,21.847732614671,-1.7604661303263867,-1.7604661303263867,-1.7604661303263867,-1.7604661303263867,-1.7604661303263867,-1.7604661303263867,0.0,0.0,0.0,20.087266484344614
16,2011-05-31,21.86243497573525,16.267085882741025,25.762569125508193,21.86243497573525,21.86243497573525,-0.8118007426861679,-0.8118007426861679,-0.8118007426861679,-0.8118007426861679,-0.8118007426861679,-0.8118007426861679,0.0,0.0,0.0,21.050634233049085
17,2011-06-30,21.876663027550432,18.455406550887584,28.228286542131478,21.876663027550432,21.876663027550432,1.4020049822881908,1.4020049822881908,1.4020049822881908,1.4020049822881908,1.4020049822881908,1.4020049822881908,0.0,0.0,0.0,23.278668009838622
18,2011-07-31,21.891365347759457,17.469454932135104,27.405805449592943,21.891365347759457,21.891365347759457,0.5540758971735797,0.5540758971735797,0.5540758971735797,0.5540758971735797,0.5540758971735797,0.5540758971735797,0.0,0.0,0.0,22.445441244933036
19,2011-08-31,21.906067667968482,15.791595327641375,25.396002643492597,21.906067667968482,21.906067667968482,-1.2356072911042901,-1.2356072911042901,-1.2356072911042901,-1.2356072911042901,-1.2356072911042901,-1.2356072911042901,0.0,0.0,0.0,20.67046037686419
20,2011-09-30,21.920295719783667,16.653745172980138,25.808626217730165,21.920295719783667,21.920295719783667,-0.8030876255142271,-0.8030876255142271,-0.8030876255142271,-0.8030876255142271,-0.8030876255142271,-0.8030876255142271,0.0,0.0,0.0,21.11720809426944
21,2011-10-31,21.934998039992685,18.3113830823695,28.00879971422357,21.934998039992685,21.934998039992685,1.0394129613617855,1.0394129613617855,1.0394129613617855,1.0394129613617855,1.0394129613617855,1.0394129613617855,0.0,0.0,0.0,22.974411001354472
22,2011-11-30,21.949226090632745,17.702412366711584,27.57523785633201,21.949226090632745,21.949226090632745,0.7717919618225517,0.7717919618225517,0.7717919618225517,0.7717919618225517,0.7717919618225517,0.7717919618225517,0.0,0.0,0.0,22.721018052455296
23,2011-12-31,21.963928409627474,18.496095759897997,27.851493416968644,21.963928409627474,21.963928409627474,1.2586569438462853,1.2586569438462853,1.2586569438462853,1.2586569438462853,1.2586569438462853,1.2586569438462853,0.0,0.0,0.0,23.22258535347376
24,2012-01-31,21.978630728622203,15.391744890100654,24.899923754222314,21.978630728622203,21.978630728622203,-2.007048833893062,-2.007048833893062,-2.007048833893062,-2.007048833893062,-2.007048833893062,-2.007048833893062,0.0,0.0,0.0,19.97158189472914
25,2012-02-29,21.992384510907595,19.934314961108047,29.120393947992785,21.992384510907595,21.992384510907595,2.365262146461343,2.365262146461343,2.365262146461343,2.365262146461343,2.365262146461343,2.365262146461343,0.0,0.0,0.0,24.35764665736894
26,2012-03-31,22.007086829902324,16.516714619148445,26.105622052442033,22.007086829902324,22.007086829902324,-0.4847483394955546,-0.4847483394955546,-0.4847483394955546,-0.4847483394955546,-0.4847483394955546,-0.4847483394955546,0.0,0.0,0.0,21.52233849040677
27,2012-04-30,22.021314880542388,14.887341910854769,24.569215675806525,22.021314880542388,22.021314880542388,-2.1979818851000577,-2.1979818851000577,-2.1979818851000577,-2.1979818851000577,-2.1979818851000577,-2.1979818851000577,0.0,0.0,0.0,19.82333299544233
28,2012-05-31,22.036017199322142,15.955448791954353,25.59204082667294,22.036017199322142,22.036017199322142,-1.2880206370753615,-1.2880206370753615,-1.2880206370753615,-1.2880206370753615,-1.2880206370753615,-1.2880206370753615,0.0,0.0,0.0,20.74799656224678
29,2012-06-30,22.050245249754163,18.441653486803798,27.88392052433779,22.050245249754163,22.050245249754163,1.045499977365928,1.045499977365928,1.045499977365928,1.045499977365928,1.045499977365928,1.045499977365928,0.0,0.0,0.0,23.09574522712009
30,2012-07-31,22.064947568533917,17.64904508033125,27.34677674176038,22.064947568533917,22.064947568533917,0.6553162261878164,0.6553162261878164,0.6553162261878164,0.6553162261878164,0.6553162261878164,0.6553162261878164,0.0,0.0,0.0,22.720263794721735
31,2012-08-31,22.07964988731367,16.843371359891396,26.0597019447859,22.07964988731367,22.07964988731367,-0.5351395696658742,-0.5351395696658742,-0.5351395696658742,-0.5351395696658742,-0.5351395696658742,-0.5351395696658742,0.0,0.0,0.0,21.5445103176478
32,2012-09-30,22.093877937745688,16.452295778808168,26.286870704371477,22.093877937745688,22.093877937745688,-0.969452944490209,-0.969452944490209,-0.969452944490209,-0.969452944490209,-0.969452944490209,-0.969452944490209,0.0,0.0,0.0,21.12442499325548
33,2012-10-31,22.1085802543247,18.476250013614663,28.095287549389024,22.1085802543247,22.1085802543247,1.1830768271662626,1.1830768271662626,1.1830768271662626,1.1830768271662626,1.1830768271662626,1.1830768271662626,0.0,0.0,0.0,23.291657081490964
34,2012-11-30,22.122808302626964,17.873367515007573,27.570746412294927,22.122808302626964,22.122808302626964,0.9437184950412956,0.9437184950412956,0.9437184950412956,0.9437184950412956,0.9437184950412956,0.9437184950412956,0.0,0.0,0.0,23.06652679766826
35,2012-12-31,22.137510619205973,17.74232028975579,27.6807580359657,22.137510619205973,22.137510619205973,0.4993764478862539,0.4993764478862539,0.4993764478862539,0.4993764478862539,0.4993764478862539,0.4993764478862539,0.0,0.0,0.0,22.636887067092225
36,2013-01-31,22.15221293578498,14.812534567023825,23.977682465001518,22.15221293578498,22.15221293578498,-2.495404376250533,-2.495404376250533,-2.495404376250533,-2.495404376250533,-2.495404376250533,-2.495404376250533,0.0,0.0,0.0,19.656808559534447
37,2013-02-28,22.165492447533765,19.391899893418614,29.082459626417197,22.165492447533765,22.165492447533765,2.1236162957522913,2.1236162957522913,2.1236162957522913,2.1236162957522913,2.1236162957522913,2.1236162957522913,0.0,0.0,0.0,24.289108743286057
38,2013-03-31,22.18019476196362,16.528296686032668,26.765250522511593,22.18019476196362,22.18019476196362,-0.7478608140199626,-0.7478608140199626,-0.7478608140199626,-0.7478608140199626,-0.7478608140199626,-0.7478608140199626,0.0,0.0,0.0,21.432333947943658
39,2013-04-30,22.19442280818606,15.268991001933324,24.885017988156832,22.19442280818606,22.19442280818606,-2.0603548285048463,-2.0603548285048463,-2.0603548285048463,-2.0603548285048463,-2.0603548285048463,-2.0603548285048463,0.0,0.0,0.0,20.134067979681216
40,2013-05-31,22.209125122615916,16.48916504729433,25.88185997240095,22.209125122615916,22.209125122615916,-1.1307822658792355,-1.1307822658792355,-1.1307822658792355,-1.1307822658792355,-1.1307822658792355,-1.1307822658792355,0.0,0.0,0.0,21.07834285673668
41,2013-06-30,22.223353168838354,18.709105651225226,28.44097157203414,22.223353168838354,22.223353168838354,1.1694751824155027,1.1694751824155027,1.1694751824155027,1.1694751824155027,1.1694751824155027,1.1694751824155027,0.0,0.0,0.0,23.392828351253858
42,2013-07-31,22.23805548326821,18.19106319645515,27.593764696303285,22.23805548326821,22.23805548326821,0.6282034516450734,0.6282034516450734,0.6282034516450734,0.6282034516450734,0.6282034516450734,0.6282034516450734,0.0,0.0,0.0,22.866258934913283
43,2013-08-31,22.25275779769807,16.45280121574433,26.2205219440707,22.25275779769807,22.25275779769807,-0.7685990459579205,-0.7685990459579205,-0.7685990459579205,-0.7685990459579205,-0.7685990459579205,-0.7685990459579205,0.0,0.0,0.0,21.48415875174015
44,2013-09-30,22.266985807336287,16.63686247792169,26.289752083270905,22.266985807336287,22.266985807336287,-0.9173076262092668,-0.9173076262092668,-0.9173076262092668,-0.9173076262092668,-0.9173076262092668,-0.9173076262092668,0.0,0.0,0.0,21.349678181127018
45,2013-10-31,22.28168808396245,18.617368733323143,27.940582002216193,22.28168808396245,22.28168808396245,1.1345467991683778,1.1345467991683778,1.1345467991683778,1.1345467991683778,1.1345467991683778,1.1345467991683778,0.0,0.0,0.0,23.416234883130826
46,2013-11-30,22.295916093600674,18.47849804759404,27.917874873254533,22.295916093600674,22.295916093600674,0.8816158926572568,0.8816158926572568,0.8816158926572568,0.8816158926572568,0.8816158926572568,0.8816158926572568,0.0,0.0,0.0,23.177531986257932
47,2013-12-31,22.310618370226834,18.252150577289747,27.51844809774676,22.310618370226834,22.310618370226834,0.750842381902218,0.750842381902218,0.750842381902218,0.750842381902218,0.750842381902218,0.750842381902218,0.0,0.0,0.0,23.06146075212905
48,2014-01-31,22.325320646852997,15.353642689884724,24.826456897257454,22.325320646852997,22.325320646852997,-2.3270623100366827,-2.3270623100366827,-2.3270623100366827,-2.3270623100366827,-2.3270623100366827,-2.3270623100366827,0.0,0.0,0.0,19.998258336816313
49,2014-02-28,22.338600119946555,19.434309874553215,28.89395529525527,22.338600119946555,22.338600119946555,1.8752928388236887,1.8752928388236887,1.8752928388236887,1.8752928388236887,1.8752928388236887,1.8752928388236887,0.0,0.0,0.0,24.213892958770245
50,2014-03-31,22.35330239372871,16.40362105702901,26.2231962088571,22.35330239372871,22.35330239372871,-1.005399960213948,-1.005399960213948,-1.005399960213948,-1.005399960213948,-1.005399960213948,-1.005399960213948,0.0,0.0,0.0,21.34790243351476
51,2014-04-30,22.36753040061467,15.405061003226791,24.90448301737401,22.36753040061467,22.36753040061467,-1.9144652023794393,-1.9144652023794393,-1.9144652023794393,-1.9144652023794393,-1.9144652023794393,-1.9144652023794393,0.0,0.0,0.0,20.45306519823523
52,2014-05-31,22.382232674396818,16.972332846489202,25.890838544714025,22.382232674396818,22.382232674396818,-0.9719444139425844,-0.9719444139425844,-0.9719444139425844,-0.9719444139425844,-0.9719444139425844,-0.9719444139425844,0.0,0.0,0.0,21.410288260454234
53,2014-06-30,22.396460681282775,18.83926415296905,28.84544684145188,22.396460681282775,22.396460681282775,1.2883746081891059,1.2883746081891059,1.2883746081891059,1.2883746081891059,1.2883746081891059,1.2883746081891059,0.0,0.0,0.0,23.68483528947188
54,2014-07-31,22.41093150245359,18.574859374607858,27.404341638552356,22.41093150245359,22.41093150245359,0.5944295304954258,0.5944295304954258,0.5944295304954258,0.5944295304954258,0.5944295304954258,0.5944295304954258,0.0,0.0,0.0,23.005361032949015
55,2014-08-31,22.425402323624404,16.833994680769692,26.357858036719957,22.425402323624404,22.425402323624404,-1.0021853621578212,-1.0021853621578212,-1.0021853621578212,-1.0021853621578212,-1.0021853621578212,-1.0021853621578212,0.0,0.0,0.0,21.423216961466583
56,2014-09-30,22.439406344112285,16.595726121207843,26.25197435602216,22.439406344112285,22.439406344112285,-0.861856931113821,-0.861856931113821,-0.861856931113821,-0.861856931113821,-0.861856931113821,-0.861856931113821,0.0,0.0,0.0,21.577549412998465
57,2014-10-31,22.4538771652831,18.468486758098514,28.601063819390504,22.4538771652831,22.4538771652831,1.0866418628912038,1.0866418628912038,1.0866418628912038,1.0866418628912038,1.0866418628912038,1.0866418628912038,0.0,0.0,0.0,23.5405190281743
58,2014-11-30,22.467881185770985,18.834867584557582,28.18115572141445,22.467881185770985,22.467881185770985,0.8243102664161724,0.8243102664161724,0.8243102664161724,0.8243102664161724,0.8243102664161724,0.8243102664161724,0.0,0.0,0.0,23.292191452187158
59,2014-12-31,22.4823520069418,18.59440876719149,28.323825676266395,22.4823520069418,22.4823520069418,1.0040421175269965,1.0040421175269965,1.0040421175269965,1.0040421175269965,1.0040421175269965,1.0040421175269965,0.0,0.0,0.0,23.486394124468795
60,2015-01-31,22.48610487497736,15.60604614600824,25.05321406144561,22.48610487497736,22.48610487497736,-2.1641987976846213,-2.1641987976846213,-2.1641987976846213,-2.1641987976846213,-2.1641987976846213,-2.1641987976846213,0.0,0.0,0.0,20.321906077292738
61,2015-02-28,22.489494562235294,19.00168329719458,29.00852998264174,22.489494562235294,22.489494562235294,1.6206393577609028,1.6206393577609028,1.6206393577609028,1.6206393577609028,1.6206393577609028,1.6206393577609028,0.0,0.0,0.0,24.110133919996198
62,2015-03-31,22.493247430270856,16.287116602954985,26.029645491917705,22.493247430270856,22.493247430270856,-1.256989344703206,-1.256989344703206,-1.256989344703206,-1.256989344703206,-1.256989344703206,-1.256989344703206,0.0,0.0,0.0,21.23625808556765
63,2015-04-30,22.49687923804721,15.912415122186774,25.785941004247302,22.49687923804721,22.49687923804721,-1.7604661303267921,-1.7604661303267921,-1.7604661303267921,-1.7604661303267921,-1.7604661303267921,-1.7604661303267921,0.0,0.0,0.0,20.736413107720416
64,2015-05-31,22.500632106082772,16.92141734193361,26.395749936943954,22.500632106082772,22.500632106082772,-0.811800742685905,-0.811800742685905,-0.811800742685905,-0.811800742685905,-0.811800742685905,-0.811800742685905,0.0,0.0,0.0,21.68883136339687
65,2015-06-30,22.487396316702494,19.303955857204205,28.78850479457362,22.487396316702494,22.487396316702494,1.4020049822881626,1.4020049822881626,1.4020049822881626,1.4020049822881626,1.4020049822881626,1.4020049822881626,0.0,0.0,0.0,23.889401298990656
66,2015-07-31,22.473719334342874,17.973866203039343,28.032663536002698,22.473719334342874,22.473719334342874,0.5540758971735285,0.5540758971735285,0.5540758971735285,0.5540758971735285,0.5540758971735285,0.5540758971735285,0.0,0.0,0.0,23.027795231516404
67,2015-08-31,22.460042351983255,16.28369149344333,25.85087033848423,22.460042351983255,22.460042351983255,-1.235607291104798,-1.235607291104798,-1.235607291104798,-1.235607291104798,-1.235607291104798,-1.235607291104798,0.0,0.0,0.0,21.224435060878456
68,2015-09-30,22.446806562602973,16.94750045284514,26.309864029189,22.446806562602973,22.446806562602973,-0.8030876255134912,-0.8030876255134912,-0.8030876255134912,-0.8030876255134912,-0.8030876255134912,-0.8030876255134912,0.0,0.0,0.0,21.64371893708948
69,2015-10-31,22.433129580243357,18.419639998769057,28.164301810310906,22.433129580243357,22.433129580243357,1.0394129613623406,1.0394129613623406,1.0394129613623406,1.0394129613623406,1.0394129613623406,1.0394129613623406,0.0,0.0,0.0,23.472542541605698
70,2015-11-30,22.403237244719826,18.2258860564683,27.665077218233723,22.403237244719826,22.403237244719826,0.7717919618223065,0.7717919618223065,0.7717919618223065,0.7717919618223065,0.7717919618223065,0.7717919618223065,0.0,0.0,0.0,23.17502920654213
71,2015-12-31,22.37234849801218,18.881300590163132,28.523053105904296,22.37234849801218,22.37234849801218,1.2586569438483761,1.2586569438483761,1.2586569438483761,1.2586569438483761,1.2586569438483761,1.2586569438483761,0.0,0.0,0.0,23.631005441860555
72,2016-01-31,22.341459751304534,15.680442990882714,25.450068191853337,22.341459751304534,22.341459751304534,-2.007048833893101,-2.007048833893101,-2.007048833893101,-2.007048833893101,-2.007048833893101,-2.007048833893101,0.0,0.0,0.0,20.334410917411432
73,2016-02-29,22.31256382696512,19.57478266524645,29.51370598206539,22.31256382696512,22.31256382696512,2.3652621464623658,2.3652621464623658,2.3652621464623658,2.3652621464623658,2.3652621464623658,2.3652621464623658,0.0,0.0,0.0,24.67782597342749
74,2016-03-31,22.28167508025747,17.526785193812067,26.43725565276318,22.28167508025747,22.28167508025747,-0.48474833949744084,-0.48474833949744084,-0.48474833949744084,-0.48474833949744084,-0.48474833949744084,-0.48474833949744084,0.0,0.0,0.0,21.796926740760032
75,2016-04-30,22.242089305881134,15.372648440442166,24.93334784652141,22.242089305881134,22.242089305881134,-2.197981885100158,-2.197981885100158,-2.197981885100158,-2.197981885100158,-2.197981885100158,-2.197981885100158,0.0,0.0,0.0,20.044107420780975
76,2016-05-31,22.201184005692244,15.964547375229397,25.614593528115325,22.201184005692244,22.201184005692244,-1.2880206370762244,-1.2880206370762244,-1.2880206370762244,-1.2880206370762244,-1.2880206370762244,-1.2880206370762244,0.0,0.0,0.0,20.91316336861602
77,2016-06-30,22.1615982313159,18.529953347466687,28.187217923642336,22.1615982313159,22.1615982313159,1.0454999773675182,1.0454999773675182,1.0454999773675182,1.0454999773675182,1.0454999773675182,1.0454999773675182,0.0,0.0,0.0,23.20709820868342
78,2016-07-31,22.120692931127014,17.69632291981924,27.87472931276248,22.120692931127014,22.120692931127014,0.65531622618717,0.65531622618717,0.65531622618717,0.65531622618717,0.65531622618717,0.65531622618717,0.0,0.0,0.0,22.776009157314185
79,2016-08-31,22.079787630938128,16.622894337362347,26.538705917554125,22.079787630938128,22.079787630938128,-0.5351395696663925,-0.5351395696663925,-0.5351395696663925,-0.5351395696663925,-0.5351395696663925,-0.5351395696663925,0.0,0.0,0.0,21.544648061271737
80,2016-09-30,22.040201856561783,16.329476368275138,25.92887314138242,22.040201856561783,22.040201856561783,-0.9694529444897964,-0.9694529444897964,-0.9694529444897964,-0.9694529444897964,-0.9694529444897964,-0.9694529444897964,0.0,0.0,0.0,21.070748912071988
81,2016-10-31,21.999159451481777,18.650825299922566,28.111539911279497,21.999159451481777,21.999159451481777,1.1830768271668692,1.1830768271668692,1.1830768271668692,1.1830768271668692,1.1830768271668692,1.1830768271668692,0.0,0.0,0.0,23.182236278648645
82,2016-11-30,21.95944099495274,17.809288325778695,27.844360303431284,21.95944099495274,21.95944099495274,0.9437184950407064,0.9437184950407064,0.9437184950407064,0.9437184950407064,0.9437184950407064,0.9437184950407064,0.0,0.0,0.0,22.903159489993445
83,2016-12-31,21.918398589872734,17.700862081169177,27.585759179827143,21.918398589872734,21.918398589872734,0.49937644788625174,0.49937644788625174,0.49937644788625174,0.49937644788625174,0.49937644788625174,0.49937644788625174,0.0,0.0,0.0,22.417775037758986
84,2017-01-31,21.877356184792728,14.306805492795203,24.178117018010138,21.877356184792728,21.877356184792728,-2.495404376251478,-2.495404376251478,-2.495404376251478,-2.495404376251478,-2.495404376251478,-2.495404376251478,0.0,0.0,0.0,19.38195180854125
85,2017-02-28,21.840285625365624,18.868308237339278,28.754049020384947,21.840285625365624,21.840285625365624,2.1236162957516376,2.1236162957516376,2.1236162957516376,2.1236162957516376,2.1236162957516376,2.1236162957516376,0.0,0.0,0.0,23.963901921117262
86,2017-03-31,21.799243208039975,16.573336788811446,26.125963750727095,21.799243208039975,21.799243208039975,-0.7478608140203885,-0.7478608140203885,-0.7478608140203885,-0.7478608140203885,-0.7478608140203885,-0.7478608140203885,0.0,0.0,0.0,21.051382394019587
87,2017-04-30,21.759524739660318,14.764934632484461,24.468782803767667,21.759524739660318,21.759524739660318,-2.060354828504885,-2.060354828504885,-2.060354828504885,-2.060354828504885,-2.060354828504885,-2.060354828504885,0.0,0.0,0.0,19.699169911155433
88,2017-05-31,21.71848232233467,15.674322853919087,25.744636314549112,21.71848232233467,21.71848232233467,-1.130782265880096,-1.130782265880096,-1.130782265880096,-1.130782265880096,-1.130782265880096,-1.130782265880096,0.0,0.0,0.0,20.587700056454572
89,2017-06-30,21.678763853955008,18.151591786442843,27.598528398040237,21.678763853955008,21.678763853955008,1.1694751824140481,1.1694751824140481,1.1694751824140481,1.1694751824140481,1.1694751824140481,1.1694751824140481,0.0,0.0,0.0,22.848239036369055
90,2017-07-31,21.637721436629363,17.297796849739573,27.07615987472731,21.637721436629363,21.637721436629363,0.6282034516455918,0.6282034516455918,0.6282034516455918,0.6282034516455918,0.6282034516455918,0.6282034516455918,0.0,0.0,0.0,22.265924888274956
91,2017-08-31,21.596679019076152,15.565004717401187,25.629479235700728,21.596679019076152,21.596679019076152,-0.768599045958185,-0.768599045958185,-0.768599045958185,-0.768599045958185,-0.768599045958185,-0.768599045958185,0.0,0.0,0.0,20.828079973117966
92,2017-09-30,21.556960550476276,15.793475001237267,25.197786633592056,21.556960550476276,21.556960550476276,-0.9173076262094167,-0.9173076262094167,-0.9173076262094167,-0.9173076262094167,-0.9173076262094167,-0.9173076262094167,0.0,0.0,0.0,20.63965292426686
93,2017-10-31,21.515918132923066,17.693838731875353,27.66115585383065,21.515918132923066,21.515918132923066,1.134546799168283,1.134546799168283,1.134546799168283,1.134546799168283,1.134546799168283,1.134546799168283,0.0,0.0,0.0,22.65046493209135
94,2017-11-30,21.47619966432319,17.103245783377382,27.72402147481358,21.47619966432319,21.47619966432319,0.8816158926569124,0.8816158926569124,0.8816158926569124,0.8816158926569124,0.8816158926569124,0.8816158926569124,0.0,0.0,0.0,22.357815556980103
95,2017-12-31,21.435157246769982,17.448221164297482,26.843577030955743,21.435157246769982,21.435157246769982,0.750842381902418,0.750842381902418,0.750842381902418,0.750842381902418,0.750842381902418,0.750842381902418,0.0,0.0,0.0,22.185999628672402
96,2018-01-31,21.394114829216775,13.936838309664365,23.833420383397563,21.394114829216775,21.394114829216775,-2.3270623100378165,-2.3270623100378165,-2.3270623100378165,-2.3270623100378165,-2.3270623100378165,-2.3270623100378165,0.0,0.0,0.0,19.067052519178958
97,2018-02-28,21.35704425646609,18.338725556437897,28.431153843114135,21.35704425646609,21.35704425646609,1.8752928388239944,1.8752928388239944,1.8752928388239944,1.8752928388239944,1.8752928388239944,1.8752928388239944,0.0,0.0,0.0,23.232337095290085
98,2018-03-31,21.31600183663498,15.479329472222512,25.078307154316338,21.31600183663498,21.31600183663498,-1.0053999602124757,-1.0053999602124757,-1.0053999602124757,-1.0053999602124757,-1.0053999602124757,-1.0053999602124757,0.0,0.0,0.0,20.310601876422506
99,2018-04-30,21.276283365830682,14.687730205535283,23.989618414756784,21.276283365830682,21.276283365830682,-1.914465202379956,-1.914465202379956,-1.914465202379956,-1.914465202379956,-1.914465202379956,-1.914465202379956,0.0,0.0,0.0,19.361818163450728
100,2018-05-31,21.23524094599957,15.625934940658867,25.011964024086943,21.23524094599957,21.23524094599957,-0.9719444139438224,-0.9719444139438224,-0.9719444139438224,-0.9719444139438224,-0.9719444139438224,-0.9719444139438224,0.0,0.0,0.0,20.263296532055747
101,2018-06-30,21.195522475195272,17.680678731237027,27.25575691408558,21.195522475195272,21.195522475195272,1.2883746081886385,1.2883746081886385,1.2883746081886385,1.2883746081886385,1.2883746081886385,1.2883746081886385,0.0,0.0,0.0,22.483897083383912
102,2018-07-31,21.15448005477869,16.821513779567887,26.55952253933848,21.15448005477869,21.15448005477869,0.5944295304955103,0.5944295304955103,0.5944295304955103,0.5944295304955103,0.5944295304955103,0.5944295304955103,0.0,0.0,0.0,21.748909585274202
103,2018-08-31,21.113437634362114,14.931752655216876,24.84883509890474,21.113437634362114,21.113437634362114,-1.002185362157275,-1.002185362157275,-1.002185362157275,-1.002185362157275,-1.002185362157275,-1.002185362157275,0.0,0.0,0.0,20.11125227220484
104,2018-09-30,21.073719162991235,15.140219680123764,25.147719932022767,21.073719162991235,21.073719162991235,-0.861856931113931,-0.861856931113931,-0.861856931113931,-0.861856931113931,-0.861856931113931,-0.861856931113931,0.0,0.0,0.0,20.211862231877305
105,2018-10-31,21.03267674257465,17.45510714492648,27.127483994468456,21.03267674257465,21.03267674257465,1.0866418628910746,1.0866418628910746,1.0866418628910746,1.0866418628910746,1.0866418628910746,1.0866418628910746,0.0,0.0,0.0,22.119318605465725
106,2018-11-30,20.99295827120377,17.022126686133,26.566655547641634,20.99295827120377,20.99295827120377,0.8243102664169367,0.8243102664169367,0.8243102664169367,0.8243102664169367,0.8243102664169367,0.8243102664169367,0.0,0.0,0.0,21.817268537620706
107,2018-12-31,20.951915850814423,17.04239697473773,26.929905077994256,20.951915850814423,20.951915850814423,1.004042117527116,1.004042117527116,1.004042117527116,1.004042117527116,1.004042117527116,1.004042117527116,0.0,0.0,0.0,21.95595796834154
108,2019-01-31,20.910873430425077,13.968714142700811,23.786740654439225,20.910873430425077,20.910873430425077,-2.1641987976845374,-2.1641987976845374,-2.1641987976845374,-2.1641987976845374,-2.1641987976845374,-2.1641987976845374,0.0,0.0,0.0,18.74667463274054
109,2019-02-28,20.873802857170187,17.637762237932712,27.281895524578854,20.873802857170187,20.873802857170187,1.6206393577617277,1.6206393577617277,1.6206393577617277,1.6206393577617277,1.6206393577617277,1.6206393577617277,0.0,0.0,0.0,22.494442214931915
110,2019-03-31,20.83276043678084,14.636033208275252,24.38800214628744,20.83276043678084,20.83276043678084,-1.256989344703761,-1.256989344703761,-1.256989344703761,-1.256989344703761,-1.256989344703761,-1.256989344703761,0.0,0.0,0.0,19.57577109207708
111,2019-04-30,20.793041965436316,14.41881274803244,24.22169498393795,20.793041965436316,20.793041965436316,-1.7604661303267253,-1.7604661303267253,-1.7604661303267253,-1.7604661303267253,-1.7604661303267253,-1.7604661303267253,0.0,0.0,0.0,19.03257583510959
112,2019-05-31,20.75199954504697,15.078978186837958,25.022970278559466,20.75199954504697,20.75199954504697,-0.8118007426845654,-0.8118007426845654,-0.8118007426845654,-0.8118007426845654,-0.8118007426845654,-0.8118007426845654,0.0,0.0,0.0,19.940198802362406
113,2019-06-30,20.71228107270187,17.414224608990747,27.037650406433926,20.71228107270187,20.71228107270187,1.4020049822868021,1.4020049822868021,1.4020049822868021,1.4020049822868021,1.4020049822868021,1.4020049822868021,0.0,0.0,0.0,22.11428605498867
114,2019-07-31,20.671238651278596,16.447441206706948,25.993561667634243,20.671238651278596,20.671238651278596,0.5540758971738917,0.5540758971738917,0.5540758971738917,0.5540758971738917,0.5540758971738917,0.5540758971738917,0.0,0.0,0.0,21.225314548452488
115,2019-08-31,20.630196229855322,14.614837553966865,24.197681535466906,20.630196229855322,20.630196229855322,-1.23560729110416,-1.23560729110416,-1.23560729110416,-1.23560729110416,-1.23560729110416,-1.23560729110416,0.0,0.0,0.0,19.394588938751163
116,2019-09-30,20.590477757510218,14.764546667372716,24.665774450469414,20.590477757510218,20.590477757510218,-0.8030876255149445,-0.8030876255149445,-0.8030876255149445,-0.8030876255149445,-0.8030876255149445,-0.8030876255149445,0.0,0.0,0.0,19.787390131995274
117,2019-10-31,20.549435336086944,16.87459007531791,26.383016051719753,20.549435336086944,20.549435336086944,1.039412961362227,1.039412961362227,1.039412961362227,1.039412961362227,1.039412961362227,1.039412961362227,0.0,0.0,0.0,21.58884829744917
118,2019-11-30,20.509716864661396,16.09972650259563,26.19690133107639,20.509716864661396,20.509716864661396,0.771791961822022,0.771791961822022,0.771791961822022,0.771791961822022,0.771791961822022,0.771791961822022,0.0,0.0,0.0,21.281508826483417
119,2019-12-31,20.468674444188323,16.646522400161476,26.462023966027196,20.468674444188323,20.468674444188323,1.2586569438462707,1.2586569438462707,1.2586569438462707,1.2586569438462707,1.2586569438462707,1.2586569438462707,0.0,0.0,0.0,21.727331388034592
120,2020-01-31,20.427632023715255,13.52771772346589,23.55010952088977,20.427632023715255,20.427632023715255,-2.00704883389307,-2.00704883389307,-2.00704883389307,-2.00704883389307,-2.00704883389307,-2.00704883389307,0.0,0.0,0.0,18.420583189822185
121,2020-02-29,20.38923750133722,18.12055261293616,27.521616047333776,20.38923750133722,20.38923750133722,2.365262146463398,2.365262146463398,2.365262146463398,2.365262146463398,2.365262146463398,2.365262146463398,0.0,0.0,0.0,22.754499647800618
122,2020-03-31,20.34819508086415,15.132894869781111,25.118964211677625,20.34819508086415,20.34819508086415,-0.4847483394961827,-0.4847483394961827,-0.4847483394961827,-0.4847483394961827,-0.4847483394961827,-0.4847483394961827,0.0,0.0,0.0,19.86344674136797
123,2020-04-30,20.308476606968263,12.979713864292979,22.847572783385626,20.308476606968263,20.308476606968263,-2.1979818851006674,-2.1979818851006674,-2.1979818851006674,-2.1979818851006674,-2.1979818851006674,-2.1979818851006674,0.0,0.0,0.0,18.110494721867596
124,2020-05-31,20.267434183942516,14.262891281166421,23.871820956340486,20.267434183942516,20.267434183942516,-1.2880206370774987,-1.2880206370774987,-1.2880206370774987,-1.2880206370774987,-1.2880206370774987,-1.2880206370774987,0.0,0.0,0.0,18.97941354686502
125,2020-06-30,20.227715710046635,16.39399660340475,26.237350452696806,20.227715710046635,20.227715710046635,1.0454999773654476,1.0454999773654476,1.0454999773654476,1.0454999773654476,1.0454999773654476,1.0454999773654476,0.0,0.0,0.0,21.273215687412083
126,2020-07-31,20.186673287020884,16.153351215039553,25.346864767837996,20.186673287020884,20.186673287020884,0.6553162261869147,0.6553162261869147,0.6553162261869147,0.6553162261869147,0.6553162261869147,0.6553162261869147,0.0,0.0,0.0,20.8419895132078
127,2020-08-31,20.145630863995137,14.589055368011998,24.036475748052734,20.145630863995137,20.145630863995137,-0.535139569668496,-0.535139569668496,-0.535139569668496,-0.535139569668496,-0.535139569668496,-0.535139569668496,0.0,0.0,0.0,19.610491294326643
128,2020-09-30,20.105912390099252,14.315779632891779,23.741549276252464,20.105912390099252,20.105912390099252,-0.9694529444906986,-0.9694529444906986,-0.9694529444906986,-0.9694529444906986,-0.9694529444906986,-0.9694529444906986,0.0,0.0,0.0,19.136459445608555
129,2020-10-31,20.064869966985334,16.520358891161425,26.3749606474896,20.064869966985334,20.064869966985334,1.183076827166485,1.183076827166485,1.183076827166485,1.183076827166485,1.183076827166485,1.183076827166485,0.0,0.0,0.0,21.24794679415182
130,2020-11-30,20.025151493004124,16.262965484046656,26.01298352164777,20.025151493004124,20.025151493004124,0.9437184950423642,0.9437184950423642,0.9437184950423642,0.9437184950423642,0.9437184950423642,0.9437184950423642,0.0,0.0,0.0,20.96886998804649
131,2020-12-31,19.98410906989021,15.712337449189649,25.412610913849324,19.98410906989021,19.98410906989021,0.49937644788670243,0.49937644788670243,0.49937644788670243,0.49937644788670243,0.49937644788670243,0.49937644788670243,0.0,0.0,0.0,20.483485517776913
132,2021-01-31,19.943066646776288,12.529319880023017,22.0486161976715,19.943066646776288,19.943066646776288,-2.4954043762508653,-2.4954043762508653,-2.4954043762508653,-2.4954043762508653,-2.4954043762508653,-2.4954043762508653,0.0,0.0,0.0,17.447662270525424
133,2021-02-28,19.905996071060486,17.152661426597746,26.704892901632633,19.905996071060486,19.905996071060486,2.1236162957527025,2.1236162957527025,2.1236162957527025,2.1236162957527025,2.1236162957527025,2.1236162957527025,0.0,0.0,0.0,22.02961236681319
134,2021-03-31,19.864953647336772,14.132830877923212,24.189677640512297,19.864953647336772,19.864953647336772,-0.7478608140215558,-0.7478608140215558,-0.7478608140215558,-0.7478608140215558,-0.7478608140215558,-0.7478608140215558,0.0,0.0,0.0,19.117092833315215
135,2021-04-30,19.82523517276543,12.93208908974344,22.953017523206025,19.82523517276543,19.82523517276543,-2.060354828505196,-2.060354828505196,-2.060354828505196,-2.060354828505196,-2.060354828505196,-2.060354828505196,0.0,0.0,0.0,17.764880344260234
136,2021-05-31,19.78419274904171,13.949996141762444,23.55675265847996,19.78419274904171,19.78419274904171,-1.1307822658787858,-1.1307822658787858,-1.1307822658787858,-1.1307822658787858,-1.1307822658787858,-1.1307822658787858,0.0,0.0,0.0,18.653410483162926
137,2021-06-30,19.744474274470377,16.05533954597296,25.694570491124868,19.744474274470377,19.744474274470377,1.1694751824151928,1.1694751824151928,1.1694751824151928,1.1694751824151928,1.1694751824151928,1.1694751824151928,0.0,0.0,0.0,20.91394945688557
138,2021-07-31,19.703431850746657,15.331503228193885,25.38193691858952,19.703431850746657,19.703431850746657,0.6282034516447439,0.6282034516447439,0.6282034516447439,0.6282034516447439,0.6282034516447439,0.6282034516447439,0.0,0.0,0.0,20.3316353023914
139,2021-08-31,19.66238942702294,13.88042506313474,23.810131580461317,19.66238942702294,19.66238942702294,-0.7685990459561763,-0.7685990459561763,-0.7685990459561763,-0.7685990459561763,-0.7685990459561763,-0.7685990459561763,0.0,0.0,0.0,18.893790381066765
140,2021-09-30,19.622670952451603,13.52674558239606,23.164151711091208,19.622670952451603,19.622670952451603,-0.9173076262100867,-0.9173076262100867,-0.9173076262100867,-0.9173076262100867,-0.9173076262100867,-0.9173076262100867,0.0,0.0,0.0,18.705363326241518
141,2021-10-31,19.581628528727883,15.79488557091474,25.007516778039736,19.581628528727883,19.581628528727883,1.1345467991682001,1.1345467991682001,1.1345467991682001,1.1345467991682001,1.1345467991682001,1.1345467991682001,0.0,0.0,0.0,20.71617532789608
142,2021-11-30,19.541910054156546,15.456260539731112,25.268771854380635,19.541910054156546,19.541910054156546,0.8816158926566031,0.8816158926566031,0.8816158926566031,0.8816158926566031,0.8816158926566031,0.8816158926566031,0.0,0.0,0.0,20.42352594681315
143,2021-12-31,19.50086763043283,15.255205423941122,25.503267552978063,19.50086763043283,19.50086763043283,0.7508423819036008,0.7508423819036008,0.7508423819036008,0.7508423819036008,0.7508423819036008,0.7508423819036008,0.0,0.0,0.0,20.25171001233643
144,2022-01-31,19.45982520670911,12.407318795255598,21.945514068926407,19.45982520670911,19.45982520670911,-2.3270623100363332,-2.3270623100363332,-2.3270623100363332,-2.3270623100363332,-2.3270623100363332,-2.3270623100363332,0.0,0.0,0.0,17.132762896672777
145,2022-02-28,19.42275463044253,16.372143440943724,26.2021984166348,19.42275463044253,19.42275463044253,1.8752928388229255,1.8752928388229255,1.8752928388229255,1.8752928388229255,1.8752928388229255,1.8752928388229255,0.0,0.0,0.0,21.298047469265455
146,2022-03-31,19.38171220671881,13.441281197996238,23.35962080426701,19.38171220671881,19.38171220671881,-1.0053999602135375,-1.0053999602135375,-1.0053999602135375,-1.0053999602135375,-1.0053999602135375,-1.0053999602135375,0.0,0.0,0.0,18.37631224650527
147,2022-04-30,19.34199373214747,12.64706356710182,21.594579615590657,19.34199373214747,19.34199373214747,-1.9144652023801503,-1.9144652023801503,-1.9144652023801503,-1.9144652023801503,-1.9144652023801503,-1.9144652023801503,0.0,0.0,0.0,17.42752852976732
148,2022-05-31,19.300951308423755,13.26337115212531,23.156629398648622,19.300951308423755,19.300951308423755,-0.9719444139426705,-0.9719444139426705,-0.9719444139426705,-0.9719444139426705,-0.9719444139426705,-0.9719444139426705,0.0,0.0,0.0,18.329006894481086
149,2022-06-30,19.26123283385241,15.733593789045603,25.365310129631652,19.26123283385241,19.26123283385241,1.288374608190194,1.288374608190194,1.288374608190194,1.288374608190194,1.288374608190194,1.288374608190194,0.0,0.0,0.0,20.549607442042603
150,2022-07-31,19.220190410128694,15.362036238214294,24.772236927984896,19.220190410128694,19.220190410128694,0.5944295304949022,0.5944295304949022,0.5944295304949022,0.5944295304949022,0.5944295304949022,0.5944295304949022,0.0,0.0,0.0,19.814619940623597
151,2022-08-31,19.17914798640498,13.151558771650924,22.684429115140563,19.17914798640498,19.17914798640498,-1.00218536215729,-1.00218536215729,-1.00218536215729,-1.00218536215729,-1.00218536215729,-1.00218536215729,0.0,0.0,0.0,18.17696262424769
152,2022-09-30,19.139429511833637,13.22850321330552,23.461024207872086,19.139429511833637,19.139429511833637,-0.8618569311126323,-0.8618569311126323,-0.8618569311126323,-0.8618569311126323,-0.8618569311126323,-0.8618569311126323,0.0,0.0,0.0,18.277572580721003
153,2022-10-31,19.09838708810992,15.401753461162338,25.19434170011557,19.09838708810992,19.09838708810992,1.0866418628905163,1.0866418628905163,1.0866418628905163,1.0866418628905163,1.0866418628905163,1.0866418628905163,0.0,0.0,0.0,20.185028951000437
154,2022-11-30,19.058668613538583,15.339592894322566,24.872361480084273,19.058668613538583,19.058668613538583,0.8243102664163887,0.8243102664163887,0.8243102664163887,0.8243102664163887,0.8243102664163887,0.8243102664163887,0.0,0.0,0.0,19.882978879954972
155,2022-12-31,19.017626189814862,15.601209663732403,25.213883588984196,19.017626189814862,19.017626189814862,1.0040421175279801,1.0040421175279801,1.0040421175279801,1.0040421175279801,1.0040421175279801,1.0040421175279801,0.0,0.0,0.0,20.021668307342843
156,2023-01-31,18.976583766091146,11.85499357252635,21.454368001353135,18.976583766091146,18.976583766091146,-2.164198797683939,-2.164198797683939,-2.164198797683939,-2.164198797683939,-2.164198797683939,-2.164198797683939,0.0,0.0,0.0,16.81238496840721
157,2023-02-28,18.939513189824563,15.809872957333415,25.49832275021773,18.939513189824563,18.939513189824563,1.6206393577615885,1.6206393577615885,1.6206393577615885,1.6206393577615885,1.6206393577615885,1.6206393577615885,0.0,0.0,0.0,20.560152547586153
158,2023-03-31,18.898470766100846,12.978488455772833,22.337312285003154,18.898470766100846,18.898470766100846,-1.256989344704213,-1.256989344704213,-1.256989344704213,-1.256989344704213,-1.256989344704213,-1.256989344704213,0.0,0.0,0.0,17.641481421396634
159,2023-04-30,18.85875229152951,12.188374027503071,21.79855968473244,18.85875229152951,18.85875229152951,-1.760466130326154,-1.760466130326154,-1.760466130326154,-1.760466130326154,-1.760466130326154,-1.760466130326154,0.0,0.0,0.0,17.098286161203355
160,2023-05-31,18.81770986780579,13.08675347684943,22.667405313832592,18.81770986780579,18.81770986780579,-0.8118007426869727,-0.8118007426869727,-0.8118007426869727,-0.8118007426869727,-0.8118007426869727,-0.8118007426869727,0.0,0.0,0.0,18.005909125118816
161,2023-06-30,18.777991393234448,15.140917666800943,25.32945861430459,18.777991393234448,18.777991393234448,1.4020049822883456,1.4020049822883456,1.4020049822883456,1.4020049822883456,1.4020049822883456,1.4020049822883456,0.0,0.0,0.0,20.179996375522794
162,2023-07-31,18.736948969510735,14.430873513449551,24.07310546537282,18.736948969510735,18.736948969510735,0.5540758971739927,0.5540758971739927,0.5540758971739927,0.5540758971739927,0.5540758971739927,0.5540758971739927,0.0,0.0,0.0,19.291024866684726
163,2023-08-31,18.695906545787015,13.018776957284325,22.163081583649237,18.695906545787015,18.695906545787015,-1.2356072911058857,-1.2356072911058857,-1.2356072911058857,-1.2356072911058857,-1.2356072911058857,-1.2356072911058857,0.0,0.0,0.0,17.46029925468113
164,2023-09-30,18.656188071215674,13.284468315076328,22.96199290755987,18.656188071215674,18.656188071215674,-0.8030876255148343,-0.8030876255148343,-0.8030876255148343,-0.8030876255148343,-0.8030876255148343,-0.8030876255148343,0.0,0.0,0.0,17.85310044570084
165,2023-10-31,18.615145647491957,15.148020968619885,24.559941144734047,18.615145647491957,18.615145647491957,1.0394129613621113,1.0394129613621113,1.0394129613621113,1.0394129613621113,1.0394129613621113,1.0394129613621113,0.0,0.0,0.0,19.654558608854067
166,2023-11-30,18.575427172920616,14.93498002891816,24.386920498904963,18.575427172920616,18.575427172920616,0.7717919618229641,0.7717919618229641,0.7717919618229641,0.7717919618229641,0.7717919618229641,0.7717919618229641,0.0,0.0,0.0,19.34721913474358
167,2023-12-31,18.5343847491969,14.97232482516966,24.550112028807554,18.5343847491969,18.5343847491969,1.258656943847368,1.258656943847368,1.258656943847368,1.258656943847368,1.258656943847368,1.258656943847368,0.0,0.0,0.0,19.793041693044266
168,2024-01-01,18.533060800044524,13.619476190249962,23.67854220995762,18.533060800044524,18.533060800044524,0.24996029762668728,0.24996029762668728,0.24996029762668728,0.24996029762668728,0.24996029762668728,0.24996029762668728,0.0,0.0,0.0,18.78302109767121
169,2024-01-02,18.531736850892145,13.062456330553887,22.721040216556077,18.531736850892145,18.531736850892145,-0.7210118813635797,-0.7210118813635797,-0.7210118813635797,-0.7210118813635797,-0.7210118813635797,-0.7210118813635797,0.0,0.0,0.0,17.810724969528565
170,2024-01-03,18.53041290173977,12.084533866088872,21.654728941633667,18.53041290173977,18.53041290173977,-1.634974592524539,-1.634974592524539,-1.634974592524539,-1.634974592524539,-1.634974592524539,-1.634974592524539,0.0,0.0,0.0,16.89543830921523
171,2024-01-04,18.52908895258739,10.815219111418282,21.173164371168298,18.52908895258739,18.52908895258739,-2.474130087361146,-2.474130087361146,-2.474130087361146,-2.474130087361146,-2.474130087361146,-2.474130087361146,0.0,0.0,0.0,16.054958865226244
172,2024-01-05,18.52776500343501,10.559050306832788,20.32206637446878,18.52776500343501,18.52776500343501,-3.2226548342591856,-3.2226548342591856,-3.2226548342591856,-3.2226548342591856,-3.2226548342591856,-3.2226548342591856,0.0,0.0,0.0,15.305110169175826
173,2024-01-06,18.526441054282632,9.724442972130571,19.703510729574592,18.526441054282632,18.526441054282632,-3.867137774873071,-3.867137774873071,-3.867137774873071,-3.867137774873071,-3.867137774873071,-3.867137774873071,0.0,0.0,0.0,14.65930327940956
174,2024-01-07,18.525117105130256,9.153060536858389,18.911214241767713,18.525117105130256,18.525117105130256,-4.39695689346297,-4.39695689346297,-4.39695689346297,-4.39695689346297,-4.39695689346297,-4.39695689346297,0.0,0.0,0.0,14.128160211667286
175,2024-01-08,18.523793155977877,8.993924839629317,18.779530140211293,18.523793155977877,18.523793155977877,-4.804582698491355,-4.804582698491355,-4.804582698491355,-4.804582698491355,-4.804582698491355,-4.804582698491355,0.0,0.0,0.0,13.719210457486522
176,2024-01-09,18.5224692068255,8.336378254419985,18.163788467243087,18.5224692068255,18.5224692068255,-5.085799141886585,-5.085799141886585,-5.085799141886585,-5.085799141886585,-5.085799141886585,-5.085799141886585,0.0,0.0,0.0,13.436670064938916
177,2024-01-10,18.521145257673123,8.408557629310494,17.992432357016536,18.521145257673123,18.521145257673123,-5.239834724389767,-5.239834724389767,-5.239834724389767,-5.239834724389767,-5.239834724389767,-5.239834724389767,0.0,0.0,0.0,13.281310533283357
178,2024-01-11,18.51982130852074,8.360179909528219,17.95236554327173,18.51982130852074,18.51982130852074,-5.269398994763129,-5.269398994763129,-5.269398994763129,-5.269398994763129,-5.269398994763129,-5.269398994763129,0.0,0.0,0.0,13.25042231375761
179,2024-01-12,18.518497359368364,8.45699574285472,18.348975809636816,18.518497359368364,18.518497359368364,-5.180622277953862,-5.180622277953862,-5.180622277953862,-5.180622277953862,-5.180622277953862,-5.180622277953862,0.0,0.0,0.0,13.337875081414502
180,2024-01-13,18.51717341021599,8.557658090409692,18.245098256822384,18.51717341021599,18.51717341021599,-4.982899189092829,-4.982899189092829,-4.982899189092829,-4.982899189092829,-4.982899189092829,-4.982899189092829,0.0,0.0,0.0,13.534274221123159
181,2024-01-14,18.51584946106361,8.843377531209546,18.158192446354338,18.51584946106361,18.51584946106361,-4.6886392289927175,-4.6886392289927175,-4.6886392289927175,-4.6886392289927175,-4.6886392289927175,-4.6886392289927175,0.0,0.0,0.0,13.827210232070893
182,2024-01-15,18.514525511911234,9.038161443006578,19.168160545334146,18.514525511911234,18.514525511911234,-4.31293043387735,-4.31293043387735,-4.31293043387735,-4.31293043387735,-4.31293043387735,-4.31293043387735,0.0,0.0,0.0,14.201595078033884
183,2024-01-16,18.51320156275885,10.048187928459726,19.415097808166998,18.51320156275885,18.51320156275885,-3.873124589985446,-3.873124589985446,-3.873124589985446,-3.873124589985446,-3.873124589985446,-3.873124589985446,0.0,0.0,0.0,14.640076972773405
184,2024-01-17,18.511877613606472,10.004641650834497,20.043876190846905,18.511877613606472,18.511877613606472,-3.3883548475755436,-3.3883548475755436,-3.3883548475755436,-3.3883548475755436,-3.3883548475755436,-3.3883548475755436,0.0,0.0,0.0,15.123522766030929
185,2024-01-18,18.510553664454097,10.546068261021412,20.44095189236361,18.510553664454097,18.510553664454097,-2.8789986100714193,-2.8789986100714193,-2.8789986100714193,-2.8789986100714193,-2.8789986100714193,-2.8789986100714193,0.0,0.0,0.0,15.631555054382677
186,2024-01-19,18.509229715301718,11.235909035375752,21.104141538964427,18.509229715301718,18.509229715301718,-2.366100270630184,-2.366100270630184,-2.366100270630184,-2.366100270630184,-2.366100270630184,-2.366100270630184,0.0,0.0,0.0,16.143129444671533
187,2024-01-20,18.507905766149342,11.984784418919212,21.370641900134537,18.507905766149342,18.507905766149342,-1.8707696681878245,-1.8707696681878245,-1.8707696681878245,-1.8707696681878245,-1.8707696681878245,-1.8707696681878245,0.0,0.0,0.0,16.637136097961516
188,2024-01-21,18.506581816996963,12.313306861782287,22.124944976458586,18.506581816996963,18.506581816996963,-1.4135729967105268,-1.4135729967105268,-1.4135729967105268,-1.4135729967105268,-1.4135729967105268,-1.4135729967105268,0.0,0.0,0.0,17.093008820286435
189,2024-01-22,18.505257867844584,12.603838468785472,21.91235637366331,18.505257867844584,18.505257867844584,-1.013933295477976,-1.013933295477976,-1.013933295477976,-1.013933295477976,-1.013933295477976,-1.013933295477976,0.0,0.0,0.0,17.491324572366608
190,2024-01-23,18.503933918692205,13.052638457961239,22.479869696340554,18.503933918692205,18.503933918692205,-0.6895575591529611,-0.6895575591529611,-0.6895575591529611,-0.6895575591529611,-0.6895575591529611,-0.6895575591529611,0.0,0.0,0.0,17.814376359539242
191,2024-01-24,18.50260996953983,13.066592590181951,23.119813611044236,18.50260996953983,18.50260996953983,-0.4559069314816436,-0.4559069314816436,-0.4559069314816436,-0.4559069314816436,-0.4559069314816436,-0.4559069314816436,0.0,0.0,0.0,18.046703038058187
