,ds,trend,yhat_lower,yhat_upper,trend_lower,trend_upper,additive_terms,additive_terms_lower,additive_terms_upper,yearly,yearly_lower,yearly_upper,multiplicative_terms,multiplicative_terms_lower,multiplicative_terms_upper,yhat
0,2021-01-31,15.661221333333335,11.976748243437433,26.193039640127434,15.661221333333335,15.661221333333335,3.6830150166103897,3.6830150166103897,3.6830150166103897,3.6830150166103897,3.6830150166103897,3.6830150166103897,0.0,0.0,0.0,19.344236349943724
1,2021-02-28,15.56572049122807,8.04031636193573,22.39058356887948,15.56572049122807,15.56572049122807,-0.4829724235238021,-0.4829724235238021,-0.4829724235238021,-0.4829724235238021,-0.4829724235238021,-0.4829724235238021,0.0,0.0,0.0,15.082748067704268
2,2021-03-31,15.459987416146912,14.853431832732806,29.351444064635285,15.459987416146912,15.459987416146912,6.3801438487594355,6.3801438487594355,6.3801438487594355,6.3801438487594355,6.3801438487594355,6.3801438487594355,0.0,0.0,0.0,21.840131264906347
3,2021-04-30,15.357665085653583,11.090958143567219,26.26425740647565,15.357665085653583,15.357665085653583,3.3810835182618777,3.3810835182618777,3.3810835182618777,3.3810835182618777,3.3810835182618777,3.3810835182618777,0.0,0.0,0.0,18.73874860391546
4,2021-05-31,15.251932010203856,14.357961664952018,27.96130429766713,15.251932010203856,15.251932010203856,5.965078010063051,5.965078010063051,5.965078010063051,5.965078010063051,5.965078010063051,5.965078010063051,0.0,0.0,0.0,21.217010020266905
5,2021-06-30,15.149609679662849,12.207670665622883,26.188748106218043,15.149609679662849,15.149609679662849,3.842100112406633,3.842100112406633,3.842100112406633,3.842100112406633,3.842100112406633,3.842100112406633,0.0,0.0,0.0,18.991709792069482
6,2021-07-31,15.043876604607226,9.430268744602259,23.228695116205294,15.043876604607226,15.043876604607226,1.5755725157828677,1.5755725157828677,1.5755725157828677,1.5755725157828677,1.5755725157828677,1.5755725157828677,0.0,0.0,0.0,16.619449120390094
7,2021-08-31,14.938143529396674,7.275994313158013,21.179135540709648,14.938143529396674,14.938143529396674,-0.9018694843491976,-0.9018694843491976,-0.9018694843491976,-0.9018694843491976,-0.9018694843491976,-0.9018694843491976,0.0,0.0,0.0,14.036274045047477
8,2021-09-30,14.835821198547752,6.051838783282962,19.645839283997468,14.835821198547752,14.835821198547752,-1.5259469289762804,-1.5259469289762804,-1.5259469289762804,-1.5259469289762804,-1.5259469289762804,-1.5259469289762804,0.0,0.0,0.0,13.309874269571472
9,2021-10-31,14.730088123705164,12.113693787412318,25.469028592539093,14.730088123705164,14.730088123705164,4.195612324043961,4.195612324043961,4.195612324043961,4.195612324043961,4.195612324043961,4.195612324043961,0.0,0.0,0.0,18.925700447749126
10,2021-11-30,14.627765793619755,9.399698741221128,23.85644027607904,14.627765793619755,14.627765793619755,1.608528078142061,1.608528078142061,1.608528078142061,1.608528078142061,1.608528078142061,1.608528078142061,0.0,0.0,0.0,16.236293871761816
11,2021-12-31,14.522032718291785,13.532813927303765,28.072697753170146,14.522032718291785,14.522032718291785,6.120783958567056,6.120783958567056,6.120783958567056,6.120783958567056,6.120783958567056,6.120783958567056,0.0,0.0,0.0,20.642816676858843
12,2022-01-31,14.416299642771095,8.744250958177723,23.038969498415153,14.416299642771095,14.416299642771095,1.5246768983435361,1.5246768983435361,1.5246768983435361,1.5246768983435361,1.5246768983435361,1.5246768983435361,0.0,0.0,0.0,15.940976541114631
13,2022-02-28,14.32079880039805,13.315038068428228,28.16759878759087,14.32079880039805,14.32079880039805,6.451329456957815,6.451329456957815,6.451329456957815,6.451329456957815,6.451329456957815,6.451329456957815,0.0,0.0,0.0,20.772128257355867
14,2022-03-31,14.215046724982525,12.462957323112274,26.655608826847427,14.215046724982525,14.215046724982525,5.377787473329179,5.377787473329179,5.377787473329179,5.377787473329179,5.377787473329179,5.377787473329179,0.0,0.0,0.0,19.592834198311703
15,2022-04-30,14.112705737061443,9.193455786018415,23.033770876249275,14.112705737061443,14.112705737061443,2.076250099998211,2.076250099998211,2.076250099998211,2.076250099998211,2.076250099998211,2.076250099998211,0.0,0.0,0.0,16.188955837059655
16,2022-05-31,14.006953382635936,11.817669103673422,26.087339935638187,14.006953382635936,14.006953382635936,4.923835818926806,4.923835818926806,4.923835818926806,4.923835818926806,4.923835818926806,4.923835818926806,0.0,0.0,0.0,18.930789201562742
17,2022-06-30,13.904583011463428,8.332000169914439,22.66727815324699,13.904583011463428,13.904583011463428,1.4531330752674245,1.4531330752674245,1.4531330752674245,1.4531330752674245,1.4531330752674245,1.4531330752674245,0.0,0.0,0.0,15.357716086730854
18,2022-07-31,13.798800293638928,9.027341478960174,23.110366687475302,13.798800293638928,13.798800293638928,2.55139692053714,2.55139692053714,2.55139692053714,2.55139692053714,2.55139692053714,2.55139692053714,0.0,0.0,0.0,16.350197214176067
19,2022-08-31,13.693017315177192,7.633387206328474,22.076172321478055,13.693017315177192,13.693017315177192,1.3187642198142535,1.3187642198142535,1.3187642198142535,1.3187642198142535,1.3187642198142535,1.3187642198142535,0.0,0.0,0.0,15.011781534991446
20,2022-09-30,13.590646333411716,6.3014169315416835,21.027875862009747,13.590646333411716,13.590646333411716,0.10997135307765923,0.10997135307765923,0.10997135307765923,0.10997135307765923,0.10997135307765923,0.10997135307765923,0.0,0.0,0.0,13.700617686489375
21,2022-10-31,13.484862985587384,9.5384563185164,23.517295949763326,13.484862985587384,13.484862985587384,3.0654065897461287,3.0654065897461287,3.0654065897461287,3.0654065897461287,3.0654065897461287,3.0654065897461287,0.0,0.0,0.0,16.550269575333513
22,2022-11-30,13.382491605250928,8.402497220767891,22.610599418609034,13.382491605250928,13.382491605250928,2.0740881174159695,2.0740881174159695,2.0740881174159695,2.0740881174159695,2.0740881174159695,2.0740881174159695,0.0,0.0,0.0,15.456579722666898
23,2022-12-31,13.276707676160944,8.210662032473126,22.101926343941212,13.276707676160944,13.276707676160944,1.987532421842961,1.987532421842961,1.987532421842961,1.987532421842961,1.987532421842961,1.987532421842961,0.0,0.0,0.0,15.264240098003905
24,2023-01-31,13.170923747426297,5.4584448023048475,18.961688477457745,13.170923747426297,13.170923747426297,-0.4867132380401182,-0.4867132380401182,-0.4867132380401182,-0.4867132380401182,-0.4867132380401182,-0.4867132380401182,0.0,0.0,0.0,12.68421050938618
25,2023-02-28,13.075376972864676,19.63823242213937,34.03513288517886,13.075376972864676,13.075376972864676,13.380918124187176,13.380918124187176,13.380918124187176,13.380918124187176,13.380918124187176,13.380918124187176,0.0,0.0,0.0,26.45629509705185
26,2023-03-31,12.969593044207205,10.19242368592809,24.291428594413286,12.969593044207205,12.969593044207205,4.253279312922226,4.253279312922226,4.253279312922226,4.253279312922226,4.253279312922226,4.253279312922226,0.0,0.0,0.0,17.222872357129432
27,2023-04-30,12.86722149965603,6.594203574465619,20.370171795056606,12.86722149965603,12.86722149965603,0.7307205466805055,0.7307205466805055,0.7307205466805055,0.7307205466805055,0.7307205466805055,0.7307205466805055,0.0,0.0,0.0,13.597942046336534
28,2023-05-31,12.761437570358467,9.49002429561365,23.653865656541708,12.761437570358467,12.761437570358467,3.867217203882674,3.867217203882674,3.867217203882674,3.867217203882674,3.867217203882674,3.867217203882674,0.0,0.0,0.0,16.62865477424114
29,2023-06-30,12.659066025876957,4.178705421690907,18.751832801217414,12.659066025876957,12.659066025876957,-0.8796590313328553,-0.8796590313328553,-0.8796590313328553,-0.8796590313328553,-0.8796590313328553,-0.8796590313328553,0.0,0.0,0.0,11.779406994544102
30,2023-07-31,12.553282096579398,8.333591183451597,23.534816093878604,12.553282096579398,12.553282096579398,3.6140100375549413,3.6140100375549413,3.6140100375549413,3.6140100375549413,3.6140100375549413,3.6140100375549413,0.0,0.0,0.0,16.16729213413434
31,2023-08-31,12.447498167281838,8.864445880249761,23.18355839035289,12.447498167281838,12.447498167281838,3.5616795423925716,3.5616795423925716,3.5616795423925716,3.5616795423925716,3.5616795423925716,3.5616795423925716,0.0,0.0,0.0,16.00917770967441
32,2023-09-30,12.345126622800327,7.370022760674469,20.649289129689816,12.345126622800327,12.345126622800327,1.687661313684892,1.687661313684892,1.687661313684892,1.687661313684892,1.687661313684892,1.687661313684892,0.0,0.0,0.0,14.032787936485219
33,2023-10-31,12.239342693502765,6.774797180526603,21.720480353862484,12.239342693502765,12.239342693502765,1.8808062369629333,1.8808062369629333,1.8808062369629333,1.8808062369629333,1.8808062369629333,1.8808062369629333,0.0,0.0,0.0,14.120148930465698
34,2023-11-30,12.136971149021255,7.423099890940732,21.395296379754548,12.136971149021255,12.136971149021255,2.487199566165308,2.487199566165308,2.487199566165308,2.487199566165308,2.487199566165308,2.487199566165308,0.0,0.0,0.0,14.624170715186562
35,2023-12-31,12.031187219723694,2.735256385783818,17.24780258867148,12.031187219723694,12.031187219723694,-2.143519367680442,-2.143519367680442,-2.143519367680442,-2.143519367680442,-2.143519367680442,-2.143519367680442,0.0,0.0,0.0,9.887667852043252
36,2024-01-01,12.027774834907644,20.02575158759972,33.47977709317122,12.027774834907644,12.027774834907644,14.372308295480176,14.372308295480176,14.372308295480176,14.372308295480176,14.372308295480176,14.372308295480176,0.0,0.0,0.0,26.40008313038782
37,2024-01-02,12.024362450091594,36.02242880398491,50.075998470160684,12.024362450091594,12.024362450091594,30.66390242963427,30.66390242963427,30.66390242963427,30.66390242963427,30.66390242963427,30.66390242963427,0.0,0.0,0.0,42.688264879725864
38,2024-01-03,12.020950065275544,51.031764718294156,65.2600888800984,12.020950065275544,12.020950065275544,46.38676584982485,46.38676584982485,46.38676584982485,46.38676584982485,46.38676584982485,46.38676584982485,0.0,0.0,0.0,58.40771591510039
39,2024-01-04,12.017537680459494,66.12723844404542,80.38294569407599,12.017537680459494,12.017537680459494,61.20561778902555,61.20561778902555,61.20561778902555,61.20561778902555,61.20561778902555,61.20561778902555,0.0,0.0,0.0,73.22315546948505
40,2024-01-05,12.014125295643442,79.47368040831459,93.56353088652072,12.014125295643442,12.014125295643442,74.80349769498983,74.80349769498983,74.80349769498983,74.80349769498983,74.80349769498983,74.80349769498983,0.0,0.0,0.0,86.81762299063327
41,2024-01-06,12.010712910827392,91.6259455750543,106.24451627359068,12.010712910827392,12.010712910827392,86.89054711265639,86.89054711265639,86.89054711265639,86.89054711265639,86.89054711265639,86.89054711265639,0.0,0.0,0.0,98.90126002348379
42,2024-01-07,12.007300526011342,101.77950000029242,116.69926255206215,12.007300526011342,12.007300526011342,97.2122176815761,97.2122176815761,97.2122176815761,97.2122176815761,97.2122176815761,97.2122176815761,0.0,0.0,0.0,109.21951820758744
43,2024-01-08,12.003888141195292,111.01328432706154,124.59506526276431,12.003888141195292,12.003888141195292,105.5566654121505,105.5566654121505,105.5566654121505,105.5566654121505,105.5566654121505,105.5566654121505,0.0,0.0,0.0,117.56055355334578
44,2024-01-09,12.000475756379243,117.16935161852706,131.0204611699337,12.000475756379243,12.000475756379243,111.761110545465,111.761110545465,111.761110545465,111.761110545465,111.761110545465,111.761110545465,0.0,0.0,0.0,123.76158630184425
45,2024-01-10,11.997063371563192,120.6698412178466,134.72765317254246,11.997063369362788,11.997063392050862,115.71696798532174,115.71696798532174,115.71696798532174,115.71696798532174,115.71696798532174,115.71696798532174,0.0,0.0,0.0,127.71403135688493
46,2024-01-11,11.99365098674714,122.5717879283798,136.18233740507355,11.993650972897349,11.993651024959055,117.37358486172343,117.37358486172343,117.37358486172343,117.37358486172343,117.37358486172343,117.37358486172343,0.0,0.0,0.0,129.36723584847056
47,2024-01-12,11.990238601931091,121.8805611340581,135.89839016177308,11.990238547821901,11.99023865764686,116.7404584010309,116.7404584010309,116.7404584010309,116.7404584010309,116.7404584010309,116.7404584010309,0.0,0.0,0.0,128.730697002962
48,2024-01-13,11.98682621711504,118.84405923331428,133.5433935699921,11.986826131219964,11.986826288760824,113.88784796283039,113.88784796283039,113.88784796283039,113.88784796283039,113.88784796283039,113.88784796283039,0.0,0.0,0.0,125.87467417994543
49,2024-01-14,11.98341383229899,113.31031841219328,127.73279254243243,11.98341372102283,11.983413918867221,108.94573873502095,108.94573873502095,108.94573873502095,108.94573873502095,108.94573873502095,108.94573873502095,0.0,0.0,0.0,120.92915256731995
50,2024-01-15,11.98000144748294,106.80927128194958,121.66561002273484,11.980001309529245,11.980001569283694,102.10115995629586,102.10115995629586,102.10115995629586,102.10115995629586,102.10115995629586,102.10115995629586,0.0,0.0,0.0,114.0811614037788
51,2024-01-16,11.97658906266689,98.67628593875935,112.91120053626672,11.976588881974331,11.976589209291006,93.59390638722365,93.59390638722365,93.59390638722365,93.59390638722365,93.59390638722365,93.59390638722365,0.0,0.0,0.0,105.57049544989054
52,2024-01-17,11.973176677850839,88.24325949282161,103.05680793338588,11.973176452284227,11.973176855983038,83.71075678719781,83.71075678719781,83.71075678719781,83.71075678719781,83.71075678719781,83.71075678719781,0.0,0.0,0.0,95.68393346504865
53,2024-01-18,11.969764293034789,77.04433543561956,91.75753601827321,11.969764009725044,11.969764512633759,72.7783260899551,72.7783260899551,72.7783260899551,72.7783260899551,72.7783260899551,72.7783260899551,0.0,0.0,0.0,84.74809038298989
54,2024-01-19,11.966351908218739,66.278303068097,80.38558591966407,11.96635155998194,11.966352167079682,61.15472757865115,61.15472757865115,61.15472757865115,61.15472757865115,61.15472757865115,61.15472757865115,0.0,0.0,0.0,73.12107948686989
55,2024-01-20,11.962939523402687,54.099656703653544,68.59102272435486,11.962939101247075,11.962939843631101,49.220256486423565,49.220256486423565,49.220256486423565,49.220256486423565,49.220256486423565,49.220256486423565,0.0,0.0,0.0,61.183196009826254
56,2024-01-21,11.959527138586637,42.45262368748097,56.61888305769906,11.959526628393068,11.95952751926747,37.36733606882168,37.36733606882168,37.36733606882168,37.36733606882168,37.36733606882168,37.36733606882168,0.0,0.0,0.0,49.326863207408316
57,2024-01-22,11.956114753770587,30.77162036820109,45.24496941831026,11.956114195526943,11.95611521241946,25.98999041747423,25.98999041747423,25.98999041747423,25.98999041747423,25.98999041747423,25.98999041747423,0.0,0.0,0.0,37.94610517124482
58,2024-01-23,11.952702368954538,19.89414423450759,34.1065995772574,11.952701772625506,11.952702872242734,15.4731244101408,15.4731244101408,15.4731244101408,15.4731244101408,15.4731244101408,15.4731244101408,0.0,0.0,0.0,27.42582677909534
59,2024-01-24,11.949289984138487,10.524529542385194,25.807953732750196,11.949289343450566,11.949290545350772,6.1818996999356,6.1818996999356,6.1818996999356,6.1818996999356,6.1818996999356,6.1818996999356,0.0,0.0,0.0,18.131189684074087
