,ds,trend,yhat_lower,yhat_upper,trend_lower,trend_upper,additive_terms,additive_terms_lower,additive_terms_upper,yearly,yearly_lower,yearly_upper,multiplicative_terms,multiplicative_terms_lower,multiplicative_terms_upper,yhat
0,2012-01-31,17.24973733333333,9.065536620056218,21.41756485038702,17.24973733333333,17.24973733333333,-1.763277087851872,-1.763277087851872,-1.763277087851872,-1.763277087851872,-1.763277087851872,-1.763277087851872,0.0,0.0,0.0,15.486460245481457
1,2012-02-29,17.272632550074675,15.54238384180151,27.60500626554783,17.272632550074675,17.272632550074675,4.322265993051361,4.322265993051361,4.322265993051361,4.322265993051361,4.322265993051361,4.322265993051361,0.0,0.0,0.0,21.594898543126035
2,2012-03-31,17.29710674728094,13.235859876175866,25.431594684382905,17.29710674728094,17.29710674728094,2.0380771614106803,2.0380771614106803,2.0380771614106803,2.0380771614106803,2.0380771614106803,2.0380771614106803,0.0,0.0,0.0,19.33518390869162
3,2012-04-30,17.320791454254746,10.30144794753411,22.55080712897736,17.320791454254746,17.320791454254746,-0.7333694656522113,-0.7333694656522113,-0.7333694656522113,-0.7333694656522113,-0.7333694656522113,-0.7333694656522113,0.0,0.0,0.0,16.587421988602536
4,2012-05-31,17.34526565146101,9.009402951391092,20.6584616401184,17.34526565146101,17.34526565146101,-2.737872565036766,-2.737872565036766,-2.737872565036766,-2.737872565036766,-2.737872565036766,-2.737872565036766,0.0,0.0,0.0,14.607393086424242
5,2012-06-30,17.36895035843482,10.709241383072843,23.00906297447207,17.36895035843482,17.36895035843482,-0.481389840320403,-0.481389840320403,-0.481389840320403,-0.481389840320403,-0.481389840320403,-0.481389840320403,0.0,0.0,0.0,16.887560518114416
6,2012-07-31,17.39342455649638,11.583191740190859,23.375049902151478,17.39342455649638,17.39342455649638,0.045512338410401844,0.045512338410401844,0.045512338410401844,0.045512338410401844,0.045512338410401844,0.045512338410401844,0.0,0.0,0.0,17.43893689490678
7,2012-08-31,17.417898754557942,11.990568792019921,23.468837139747148,17.417898754557942,17.417898754557942,0.3543571852918763,0.3543571852918763,0.3543571852918763,0.3543571852918763,0.3543571852918763,0.3543571852918763,0.0,0.0,0.0,17.77225593984982
8,2012-09-30,17.441583462359453,10.53828149003746,22.187998017411548,17.441583462359453,17.441583462359453,-1.0899254415644826,-1.0899254415644826,-1.0899254415644826,-1.0899254415644826,-1.0899254415644826,-1.0899254415644826,0.0,0.0,0.0,16.35165802079497
9,2012-10-31,17.466057660421015,12.188674224113083,24.277041952504046,17.466057660421015,17.466057660421015,0.6658531949033404,0.6658531949033404,0.6658531949033404,0.6658531949033404,0.6658531949033404,0.6658531949033404,0.0,0.0,0.0,18.131910855324357
10,2012-11-30,17.489742370805594,10.722208790135362,22.71145498358206,17.489742370805594,17.489742370805594,-0.4709260693589884,-0.4709260693589884,-0.4709260693589884,-0.4709260693589884,-0.4709260693589884,-0.4709260693589884,0.0,0.0,0.0,17.018816301446606
11,2012-12-31,17.514216571536323,11.687712831875313,23.776067072146567,17.514216571536323,17.514216571536323,0.20002781297218927,0.20002781297218927,0.20002781297218927,0.20002781297218927,0.20002781297218927,0.20002781297218927,0.0,0.0,0.0,17.71424438450851
12,2013-01-31,17.538690772267056,9.733426411966454,22.14021425586231,17.538690772267056,17.538690772267056,-1.7062309631017978,-1.7062309631017978,-1.7062309631017978,-1.7062309631017978,-1.7062309631017978,-1.7062309631017978,0.0,0.0,0.0,15.83245980916526
13,2013-02-28,17.560796501959327,15.750979621972501,28.312207060802596,17.560796501959327,17.560796501959327,4.467233691904599,4.467233691904599,4.467233691904599,4.467233691904599,4.467233691904599,4.467233691904599,0.0,0.0,0.0,22.028030193863927
14,2013-03-31,17.58527070269006,13.634632596022914,25.39307124211144,17.58527070269006,17.58527070269006,1.9393146717555783,1.9393146717555783,1.9393146717555783,1.9393146717555783,1.9393146717555783,1.9393146717555783,0.0,0.0,0.0,19.52458537444564
15,2013-04-30,17.608955549409387,10.452726970596302,22.45840308123364,17.608955549409387,17.608955549409387,-0.7591953007789624,-0.7591953007789624,-0.7591953007789624,-0.7591953007789624,-0.7591953007789624,-0.7591953007789624,0.0,0.0,0.0,16.849760248630425
16,2013-05-31,17.633429891019357,9.165987717576183,20.785997408068965,17.633429891019357,17.633429891019357,-2.7467642647411297,-2.7467642647411297,-2.7467642647411297,-2.7467642647411297,-2.7467642647411297,-2.7467642647411297,0.0,0.0,0.0,14.886665626278228
17,2013-06-30,17.657114737738688,11.328232515547306,22.901704933936273,17.657114737738688,17.657114737738688,-0.49716236186857277,-0.49716236186857277,-0.49716236186857277,-0.49716236186857277,-0.49716236186857277,-0.49716236186857277,0.0,0.0,0.0,17.159952375870116
18,2013-07-31,17.681589079348658,11.932041203709797,23.454871056995042,17.681589079348658,17.681589079348658,0.08335643341689968,0.08335643341689968,0.08335643341689968,0.08335643341689968,0.08335643341689968,0.08335643341689968,0.0,0.0,0.0,17.764945512765557
19,2013-08-31,17.706064134882446,12.123848782621423,24.32367356498144,17.706064134882446,17.706064134882446,0.4247486909317096,0.4247486909317096,0.4247486909317096,0.4247486909317096,0.4247486909317096,0.4247486909317096,0.0,0.0,0.0,18.130812825814157
20,2013-09-30,17.729749672495785,10.638947986088683,22.60853487239327,17.729749672495785,17.729749672495785,-1.095856341712303,-1.095856341712303,-1.095856341712303,-1.095856341712303,-1.095856341712303,-1.095856341712303,0.0,0.0,0.0,16.633893330783483
21,2013-10-31,17.754224728029573,12.618024335386048,24.333221141743746,17.754224728029573,17.754224728029573,0.6077619252301807,0.6077619252301807,0.6077619252301807,0.6077619252301807,0.6077619252301807,0.6077619252301807,0.0,0.0,0.0,18.361986653259756
22,2013-11-30,17.777910265642916,11.569846824422239,23.65717552537428,17.777910265642916,17.777910265642916,-0.5153685073185316,-0.5153685073185316,-0.5153685073185316,-0.5153685073185316,-0.5153685073185316,-0.5153685073185316,0.0,0.0,0.0,17.262541758324385
23,2013-12-31,17.802385321176708,11.795615828876056,23.947618473602564,17.802385321176708,17.802385321176708,0.20067762291713714,0.20067762291713714,0.20067762291713714,0.20067762291713714,0.20067762291713714,0.20067762291713714,0.0,0.0,0.0,18.003062944093845
24,2014-01-31,17.82686039037759,9.70377374288675,22.539547151195492,17.82686039037759,17.82686039037759,-1.7289652893772234,-1.7289652893772234,-1.7289652893772234,-1.7289652893772234,-1.7289652893772234,-1.7289652893772234,0.0,0.0,0.0,16.097895101000365
25,2014-02-28,17.848966904494517,16.305098030589008,28.884401134356867,17.848966904494517,17.848966904494517,4.608339983558978,4.608339983558978,4.608339983558978,4.608339983558978,4.608339983558978,4.608339983558978,0.0,0.0,0.0,22.457306888053495
26,2014-03-31,17.8734419736954,13.67858301765372,25.9572751846146,17.8734419736954,17.8734419736954,1.8373072501723327,1.8373072501723327,1.8373072501723327,1.8373072501723327,1.8373072501723327,1.8373072501723327,0.0,0.0,0.0,19.710749223867733
27,2014-04-30,17.897127524534962,11.121121180451466,23.41290134885784,17.897127524534962,17.897127524534962,-0.7839572829935848,-0.7839572829935848,-0.7839572829935848,-0.7839572829935848,-0.7839572829935848,-0.7839572829935848,0.0,0.0,0.0,17.11317024154138
28,2014-05-31,17.921602594999214,9.659060389347774,20.863448052571247,17.921602594999214,17.921602594999214,-2.7537644025368517,-2.7537644025368517,-2.7537644025368517,-2.7537644025368517,-2.7537644025368517,-2.7537644025368517,0.0,0.0,0.0,15.167838192462362
29,2014-06-30,17.945288147061394,11.698426612188127,23.18191124002934,17.945288147061394,17.945288147061394,-0.5118166770727195,-0.5118166770727195,-0.5118166770727195,-0.5118166770727195,-0.5118166770727195,-0.5118166770727195,0.0,0.0,0.0,17.433471469988675
30,2014-07-31,17.96976321752565,12.011818336540937,24.046426786582025,17.96976321752565,17.96976321752565,0.12225655700871293,0.12225655700871293,0.12225655700871293,0.12225655700871293,0.12225655700871293,0.12225655700871293,0.0,0.0,0.0,18.09201977453436
31,2014-08-31,17.9942382879899,12.336764342198864,24.970579692477124,17.9942382879899,17.9942382879899,0.4938886805558067,0.4938886805558067,0.4938886805558067,0.4938886805558067,0.4938886805558067,0.4938886805558067,0.0,0.0,0.0,18.488126968545707
32,2014-09-30,18.017923840052084,10.82504285507965,22.79174896347802,18.017923840052084,18.017923840052084,-1.1035401251633306,-1.1035401251633306,-1.1035401251633306,-1.1035401251633306,-1.1035401251633306,-1.1035401251633306,0.0,0.0,0.0,16.914383714888753
33,2014-10-31,18.042398908914034,12.5963210853964,25.034769102579165,18.042398908914034,18.042398908914034,0.5481808817706519,0.5481808817706519,0.5481808817706519,0.5481808817706519,0.5481808817706519,0.5481808817706519,0.0,0.0,0.0,18.590579790684686
34,2014-11-30,18.066084459425603,11.413638659674765,23.150741497907383,18.066084459425603,18.066084459425603,-0.5584097550255516,-0.5584097550255516,-0.5584097550255516,-0.5584097550255516,-0.5584097550255516,-0.5584097550255516,0.0,0.0,0.0,17.507674704400053
35,2014-12-31,18.090559528287557,12.33777566217921,24.386082836796366,18.090559528287557,18.090559528287557,0.2026164708108506,0.2026164708108506,0.2026164708108506,0.2026164708108506,0.2026164708108506,0.2026164708108506,0.0,0.0,0.0,18.293175999098406
36,2015-01-31,18.11503459714951,10.165511040323677,22.834889571810823,18.11503459714951,18.11503459714951,-1.7479645298400208,-1.7479645298400208,-1.7479645298400208,-1.7479645298400208,-1.7479645298400208,-1.7479645298400208,0.0,0.0,0.0,16.367070067309488
37,2015-02-28,18.137141112090692,16.576879182920845,28.608623676170655,18.137141112090692,18.137141112090692,4.745418866704664,4.745418866704664,4.745418866704664,4.745418866704664,4.745418866704664,4.745418866704664,0.0,0.0,0.0,22.882559978795356
38,2015-03-31,18.161616182204146,14.517663455817114,26.269891472889867,18.161616182204146,18.161616182204146,1.732175436025014,1.732175436025014,1.732175436025014,1.732175436025014,1.732175436025014,1.732175436025014,0.0,0.0,0.0,19.89379161822916
39,2015-04-30,18.18530173392684,11.022308866152155,23.27688067899859,18.18530173392684,18.18530173392684,-0.807559800538234,-0.807559800538234,-0.807559800538234,-0.807559800538234,-0.807559800538234,-0.807559800538234,0.0,0.0,0.0,17.377741933388606
40,2015-05-31,18.209776804040292,9.492365221676765,21.799227556483412,18.209776804040292,18.209776804040292,-2.758846982909679,-2.758846982909679,-2.758846982909679,-2.758846982909679,-2.758846982909679,-2.758846982909679,0.0,0.0,0.0,15.450929821130613
41,2015-06-30,18.23346235576299,11.719997625346084,23.08008985627729,18.23346235576299,18.23346235576299,-0.5253683100576612,-0.5253683100576612,-0.5253683100576612,-0.5253683100576612,-0.5253683100576612,-0.5253683100576612,0.0,0.0,0.0,17.708094045705327
42,2015-07-31,18.25793742764285,12.176046000085403,24.19368094893919,18.25793742764285,18.25793742764285,0.16213920983329844,0.16213920983329844,0.16213920983329844,0.16213920983329844,0.16213920983329844,0.16213920983329844,0.0,0.0,0.0,18.42007663747615
43,2015-08-31,18.282412499522717,13.236500536057175,24.47651574182626,18.282412499522717,18.282412499522717,0.5616888345567178,0.5616888345567178,0.5616888345567178,0.5616888345567178,0.5616888345567178,0.5616888345567178,0.0,0.0,0.0,18.844101334079436
44,2015-09-30,18.306098052954844,10.937266089135715,23.020805763580057,18.306098052954844,18.306098052954844,-1.1129667512146624,-1.1129667512146624,-1.1129667512146624,-1.1129667512146624,-1.1129667512146624,-1.1129667512146624,0.0,0.0,0.0,17.19313130174018
45,2015-10-31,18.330573124834707,13.056400137374377,25.041052338091927,18.330573124834707,18.330573124834707,0.4871953197509038,0.4871953197509038,0.4871953197509038,0.4871953197509038,0.4871953197509038,0.4871953197509038,0.0,0.0,0.0,18.81776844458561
46,2015-11-30,18.354258678266834,11.857322037650079,23.564301158509313,18.354258678266834,18.354258678266834,-0.5999746898021906,-0.5999746898021906,-0.5999746898021906,-0.5999746898021906,-0.5999746898021906,-0.5999746898021906,0.0,0.0,0.0,17.754283988464643
47,2015-12-31,18.3787337484755,12.811112833291107,24.739889269908378,18.3787337484755,18.3787337484755,0.20586302499828754,0.20586302499828754,0.20586302499828754,0.20586302499828754,0.20586302499828754,0.20586302499828754,0.0,0.0,0.0,18.584596773473788
48,2016-01-31,18.40320881868417,10.146685912192336,22.840490120600716,18.40320881868417,18.40320881868417,-1.7632770878518709,-1.7632770878518709,-1.7632770878518709,-1.7632770878518709,-1.7632770878518709,-1.7632770878518709,0.0,0.0,0.0,16.6399317308323
49,2016-02-29,18.42610485210518,16.699527642877044,28.692367532032186,18.42610485210518,18.42610485210518,4.322265993051118,4.322265993051118,4.322265993051118,4.322265993051118,4.322265993051118,4.322265993051118,0.0,0.0,0.0,22.7483708451563
50,2016-03-31,18.45057992231385,14.545063981211827,26.39649199436071,18.45057992231385,18.45057992231385,2.0380771614102553,2.0380771614102553,2.0380771614102553,2.0380771614102553,2.0380771614102553,2.0380771614102553,0.0,0.0,0.0,20.488657083724107
51,2016-04-30,18.47426547734001,12.081161555006476,23.965106283086083,18.47426547734001,18.47426547734001,-0.7333694656530073,-0.7333694656530073,-0.7333694656530073,-0.7333694656530073,-0.7333694656530073,-0.7333694656530073,0.0,0.0,0.0,17.740896011687003
52,2016-05-31,18.498740550867034,9.982218891187655,21.860620740186715,18.498740550867034,18.498740550867034,-2.7378725650365467,-2.7378725650365467,-2.7378725650365467,-2.7378725650365467,-2.7378725650365467,-2.7378725650365467,0.0,0.0,0.0,15.760867985830487
53,2016-06-30,18.522426105893192,11.69221083029414,23.89968505497595,18.522426105893192,18.522426105893192,-0.4813898403206183,-0.4813898403206183,-0.4813898403206183,-0.4813898403206183,-0.4813898403206183,-0.4813898403206183,0.0,0.0,0.0,18.041036265572576
54,2016-07-31,18.546901179420225,12.480676194682019,24.446714857591214,18.546901179420225,18.546901179420225,0.04551233841000423,0.04551233841000423,0.04551233841000423,0.04551233841000423,0.04551233841000423,0.04551233841000423,0.0,0.0,0.0,18.592413517830227
55,2016-08-31,18.571376252947253,12.934457088308351,25.25754063134771,18.571376252947253,18.571376252947253,0.3543571852923703,0.3543571852923703,0.3543571852923703,0.3543571852923703,0.3543571852923703,0.3543571852923703,0.0,0.0,0.0,18.925733438239625
56,2016-09-30,18.59506181016135,11.61451050249534,23.25176908523817,18.59506181016135,18.59506181016135,-1.0899254415644584,-1.0899254415644584,-1.0899254415644584,-1.0899254415644584,-1.0899254415644584,-1.0899254415644584,0.0,0.0,0.0,17.505136368596894
57,2016-10-31,18.619536885949252,13.106218574101014,25.700533670571186,18.619536885949252,18.619536885949252,0.6658531949033778,0.6658531949033778,0.6658531949033778,0.6658531949033778,0.6658531949033778,0.6658531949033778,0.0,0.0,0.0,19.28539008085263
58,2016-11-30,18.64322244316335,11.825063245764714,24.103090838481727,18.64322244316335,18.64322244316335,-0.4709260693593342,-0.4709260693593342,-0.4709260693593342,-0.4709260693593342,-0.4709260693593342,-0.4709260693593342,0.0,0.0,0.0,18.172296373804016
59,2016-12-31,18.66769751895125,13.052584632839524,24.802439084363836,18.66769751895125,18.66769751895125,0.2000278129716803,0.2000278129716803,0.2000278129716803,0.2000278129716803,0.2000278129716803,0.2000278129716803,0.0,0.0,0.0,18.86772533192293
60,2017-01-31,18.692172594421713,10.639231387061777,22.376877303953915,18.692172594421713,18.692172594421713,-1.7062309631016945,-1.7062309631016945,-1.7062309631016945,-1.7062309631016945,-1.7062309631016945,-1.7062309631016945,0.0,0.0,0.0,16.985941631320017
61,2017-02-28,18.714279114201492,17.402917432259336,29.35019684612496,18.714279114201492,18.714279114201492,4.467233691905018,4.467233691905018,4.467233691905018,4.467233691905018,4.467233691905018,4.467233691905018,0.0,0.0,0.0,23.18151280610651
62,2017-03-31,18.73875418967196,15.02413627492106,26.53498781597027,18.73875418967196,18.73875418967196,1.9393146717553347,1.9393146717553347,1.9393146717553347,1.9393146717553347,1.9393146717553347,1.9393146717553347,0.0,0.0,0.0,20.678068861427292
63,2017-04-30,18.76243974657886,12.023259252154597,23.927444280208757,18.76243974657886,18.76243974657886,-0.7591953007792124,-0.7591953007792124,-0.7591953007792124,-0.7591953007792124,-0.7591953007792124,-0.7591953007792124,0.0,0.0,0.0,18.00324444579965
64,2017-05-31,18.786914822049326,10.192279248536435,21.838407970136114,18.786914822049326,18.786914822049326,-2.746764264740913,-2.746764264740913,-2.746764264740913,-2.746764264740913,-2.746764264740913,-2.746764264740913,0.0,0.0,0.0,16.04015055730841
65,2017-06-30,18.810600378350376,11.97418680747838,24.05517050226549,18.810600378350376,18.810600378350376,-0.49716236186848806,-0.49716236186848806,-0.49716236186848806,-0.49716236186848806,-0.49716236186848806,-0.49716236186848806,0.0,0.0,0.0,18.31343801648189
66,2017-07-31,18.835075453194797,12.759433146704177,24.5602000375171,18.835075453194797,18.835075453194797,0.0833564334167003,0.0833564334167003,0.0833564334167003,0.0833564334167003,0.0833564334167003,0.0833564334167003,0.0,0.0,0.0,18.918431886611497
67,2017-08-31,18.859550528039218,13.366478698213433,25.824263332637887,18.859550528039218,18.859550528039218,0.42474869093239936,0.42474869093239936,0.42474869093239936,0.42474869093239936,0.42474869093239936,0.42474869093239936,0.0,0.0,0.0,19.28429921897162
68,2017-09-30,18.883236084340275,11.382676913877221,23.699597968355807,18.883236084340275,18.883236084340275,-1.095856341712061,-1.095856341712061,-1.095856341712061,-1.095856341712061,-1.095856341712061,-1.095856341712061,0.0,0.0,0.0,17.787379742628215
69,2017-10-31,18.907711157847906,13.891245948881213,24.979679940554522,18.907711157847906,18.907711157847906,0.6077619252294455,0.6077619252294455,0.6077619252294455,0.6077619252294455,0.6077619252294455,0.6077619252294455,0.0,0.0,0.0,19.515473083077353
70,2017-11-30,18.93139671285529,12.077504236357196,24.45015269084263,18.93139671285529,18.93139671285529,-0.5153685073182396,-0.5153685073182396,-0.5153685073182396,-0.5153685073182396,-0.5153685073182396,-0.5153685073182396,0.0,0.0,0.0,18.41602820553705
71,2017-12-31,18.95587178636292,12.980635040588874,25.381267574783767,18.95587178636292,18.95587178636292,0.20067762291690372,0.20067762291690372,0.20067762291690372,0.20067762291690372,0.20067762291690372,0.20067762291690372,0.0,0.0,0.0,19.156549409279823
72,2018-01-31,18.98034685987055,11.19896707611662,23.003290871192128,18.98034685987055,18.98034685987055,-1.7289652893773038,-1.7289652893773038,-1.7289652893773038,-1.7289652893773038,-1.7289652893773038,-1.7289652893773038,0.0,0.0,0.0,17.251381570493248
73,2018-02-28,19.00245337787744,17.726433610254475,29.56527193896175,19.00245337787744,19.00245337787744,4.608339983558684,4.608339983558684,4.608339983558684,4.608339983558684,4.608339983558684,4.608339983558684,0.0,0.0,0.0,23.610793361436123
74,2018-03-31,19.026928451339153,14.57341988338691,26.62804751430912,19.026928451339153,19.026928451339153,1.837307250172794,1.837307250172794,1.837307250172794,1.837307250172794,1.837307250172794,1.837307250172794,0.0,0.0,0.0,20.864235701511948
75,2018-04-30,19.050614006302098,12.223569461105363,24.12166318847771,19.050614006302098,19.050614006302098,-0.7839572829937856,-0.7839572829937856,-0.7839572829937856,-0.7839572829937856,-0.7839572829937856,-0.7839572829937856,0.0,0.0,0.0,18.266656723308312
76,2018-05-31,19.075089079763814,10.074433737882313,22.119765650983666,19.075089079763814,19.075089079763814,-2.7537644025360946,-2.7537644025360946,-2.7537644025360946,-2.7537644025360946,-2.7537644025360946,-2.7537644025360946,0.0,0.0,0.0,16.321324677227718
77,2018-06-30,19.09877463472676,12.69290034700225,24.436011990903587,19.09877463472676,19.09877463472676,-0.5118166770725115,-0.5118166770725115,-0.5118166770725115,-0.5118166770725115,-0.5118166770725115,-0.5118166770725115,0.0,0.0,0.0,18.586957957654246
78,2018-07-31,19.12324970818847,13.296841909678628,25.332647074259903,19.12324970818847,19.12324970818847,0.12225655700938177,0.12225655700938177,0.12225655700938177,0.12225655700938177,0.12225655700938177,0.12225655700938177,0.0,0.0,0.0,19.245506265197854
79,2018-08-31,19.14772478175636,13.205670926789589,25.561543314296358,19.14772478175636,19.14772478175636,0.4938886805547381,0.4938886805547381,0.4938886805547381,0.4938886805547381,0.4938886805547381,0.4938886805547381,0.0,0.0,0.0,19.6416134623111
80,2018-09-30,19.17141033682206,12.191677744949645,24.268514776971745,19.17141033682206,19.17141033682206,-1.1035401251631514,-1.1035401251631514,-1.1035401251631514,-1.1035401251631514,-1.1035401251631514,-1.1035401251631514,0.0,0.0,0.0,18.06787021165891
81,2018-10-31,19.19588541038995,13.924997884148116,25.79194303674409,19.19588541038995,19.19588541038995,0.5481808817708319,0.5481808817708319,0.5481808817708319,0.5481808817708319,0.5481808817708319,0.5481808817708319,0.0,0.0,0.0,19.74406629216078
82,2018-11-30,19.21957096545565,12.142950500327553,25.22097198924607,19.21957096545565,19.21957096545565,-0.5584097550257962,-0.5584097550257962,-0.5584097550257962,-0.5584097550257962,-0.5584097550257962,-0.5584097550257962,0.0,0.0,0.0,18.661161210429853
83,2018-12-31,19.244046037679563,13.544529754490197,25.385932586332775,19.244046037679563,19.244046037679563,0.20261647081050327,0.20261647081050327,0.20261647081050327,0.20261647081050327,0.20261647081050327,0.20261647081050327,0.0,0.0,0.0,19.446662508490068
84,2019-01-31,19.26852110990348,11.409323180651588,23.983867923652387,19.26852110990348,19.26852110990348,-1.7479645298400321,-1.7479645298400321,-1.7479645298400321,-1.7479645298400321,-1.7479645298400321,-1.7479645298400321,0.0,0.0,0.0,17.52055658006345
85,2019-02-28,19.29062762675089,18.111230558188165,29.80214496017538,19.29062762675089,19.29062762675089,4.745418866704231,4.745418866704231,4.745418866704231,4.745418866704231,4.745418866704231,4.745418866704231,0.0,0.0,0.0,24.03604649345512
86,2019-03-31,19.315102698974805,15.154854807827933,27.262541821307938,19.315102698974805,19.315102698974805,1.7321754360253565,1.7321754360253565,1.7321754360253565,1.7321754360253565,1.7321754360253565,1.7321754360253565,0.0,0.0,0.0,21.047278135000163
87,2019-04-30,19.33878825273989,12.128310110639218,24.221958621585724,19.33878825273989,19.33878825273989,-0.8075598005382298,-0.8075598005382298,-0.8075598005382298,-0.8075598005382298,-0.8075598005382298,-0.8075598005382298,0.0,0.0,0.0,18.53122845220166
88,2019-05-31,19.363263324572692,10.876609368054309,22.48851439903334,19.363263324572692,19.363263324572692,-2.7588469829103985,-2.7588469829103985,-2.7588469829103985,-2.7588469829103985,-2.7588469829103985,-2.7588469829103985,0.0,0.0,0.0,16.604416341662294
89,2019-06-30,19.386948877959277,12.512461542637729,24.789804461089307,19.386948877959277,19.386948877959277,-0.5253683100576113,-0.5253683100576113,-0.5253683100576113,-0.5253683100576113,-0.5253683100576113,-0.5253683100576113,0.0,0.0,0.0,18.861580567901665
90,2019-07-31,19.411423949792084,13.376927387829967,25.505964858592147,19.411423949792084,19.411423949792084,0.16213920983297267,0.16213920983297267,0.16213920983297267,0.16213920983297267,0.16213920983297267,0.16213920983297267,0.0,0.0,0.0,19.573563159625056
91,2019-08-31,19.43589902162489,14.090528962092371,25.368684618242895,19.43589902162489,19.43589902162489,0.5616888345563802,0.5616888345563802,0.5616888345563802,0.5616888345563802,0.5616888345563802,0.5616888345563802,0.0,0.0,0.0,19.997587856181273
92,2019-09-30,19.459584592517427,12.320741317074127,24.10127816180449,19.459584592517427,19.459584592517427,-1.112966751214339,-1.112966751214339,-1.112966751214339,-1.112966751214339,-1.112966751214339,-1.112966751214339,0.0,0.0,0.0,18.346617841303086
93,2019-10-31,19.484059682439714,13.641289243476468,26.268671611211477,19.484059682439714,19.484059682439714,0.4871953197510806,0.4871953197510806,0.4871953197510806,0.4871953197510806,0.4871953197510806,0.4871953197510806,0.0,0.0,0.0,19.971255002190794
94,2019-11-30,19.507745253332253,13.42386009011641,24.855846169828464,19.507745253332253,19.507745253332253,-0.5999746898023665,-0.5999746898023665,-0.5999746898023665,-0.5999746898023665,-0.5999746898023665,-0.5999746898023665,0.0,0.0,0.0,18.907770563529887
95,2019-12-31,19.532220343254536,13.684115788068,25.576666706042513,19.532220343254536,19.532220343254536,0.20586302499843948,0.20586302499843948,0.20586302499843948,0.20586302499843948,0.20586302499843948,0.20586302499843948,0.0,0.0,0.0,19.738083368252976
96,2020-01-31,19.556695433176824,11.308259049372653,23.578043960987607,19.556695433176824,19.556695433176824,-1.7632770878518649,-1.7632770878518649,-1.7632770878518649,-1.7632770878518649,-1.7632770878518649,-1.7632770878518649,0.0,0.0,0.0,17.79341834532496
97,2020-02-29,19.57959148956246,17.539876631428427,29.931018128868967,19.57959148956246,19.57959148956246,4.322265993050857,4.322265993050857,4.322265993050857,4.322265993050857,4.322265993050857,4.322265993050857,0.0,0.0,0.0,23.901857482613316
98,2020-03-31,19.60406658431951,15.839891239626567,27.981821430748433,19.60406658431951,19.60406658431951,2.0380771614102993,2.0380771614102993,2.0380771614102993,2.0380771614102993,2.0380771614102993,2.0380771614102993,0.0,0.0,0.0,21.64214374572981
99,2020-04-30,19.627752159890857,13.055945327817062,25.205623568592056,19.627752159890857,19.627752159890857,-0.7333694656522792,-0.7333694656522792,-0.7333694656522792,-0.7333694656522792,-0.7333694656522792,-0.7333694656522792,0.0,0.0,0.0,18.894382694238576
100,2020-05-31,19.652227254647908,11.322464971583589,23.192518162898516,19.652227254647908,19.652227254647908,-2.7378725650364433,-2.7378725650364433,-2.7378725650364433,-2.7378725650364433,-2.7378725650364433,-2.7378725650364433,0.0,0.0,0.0,16.914354689611464
101,2020-06-30,19.675913031162516,13.385954504916436,25.33840319904093,19.675913031162516,19.675913031162516,-0.48138984032039195,-0.48138984032039195,-0.48138984032039195,-0.48138984032039195,-0.48138984032039195,-0.48138984032039195,0.0,0.0,0.0,19.194523190842123
102,2020-07-31,19.70038833356094,13.703789803873267,25.136690227341816,19.70038833356094,19.70038833356094,0.04551233840982632,0.04551233840982632,0.04551233840982632,0.04551233840982632,0.04551233840982632,0.04551233840982632,0.0,0.0,0.0,19.745900671970766
103,2020-08-31,19.72486363595937,14.46596725543471,26.356330731040384,19.72486363595937,19.72486363595937,0.35435718529303845,0.35435718529303845,0.35435718529303845,0.35435718529303845,0.35435718529303845,0.35435718529303845,0.0,0.0,0.0,20.07922082125241
104,2020-09-30,19.748549412473974,12.78300659623446,24.719966242430544,19.748549412473974,19.748549412473974,-1.089925441564245,-1.089925441564245,-1.089925441564245,-1.089925441564245,-1.089925441564245,-1.089925441564245,0.0,0.0,0.0,18.65862397090973
105,2020-10-31,19.7730247148724,14.644361925462904,26.468521567147423,19.7730247148724,19.7730247148724,0.665853194903182,0.665853194903182,0.665853194903182,0.665853194903182,0.665853194903182,0.665853194903182,0.0,0.0,0.0,20.43887790977558
106,2020-11-30,19.79671049233335,13.397691135435254,25.154175072793773,19.79671049233335,19.79671049233335,-0.4709260693600458,-0.4709260693600458,-0.4709260693600458,-0.4709260693600458,-0.4709260693600458,-0.4709260693600458,0.0,0.0,0.0,19.325784422973303
107,2020-12-31,19.821185795709663,14.007142985290507,25.924337473970386,19.821185795709663,19.821185795709663,0.2000278129714263,0.2000278129714263,0.2000278129714263,0.2000278129714263,0.2000278129714263,0.2000278129714263,0.0,0.0,0.0,20.02121360868109
108,2021-01-31,19.84566109908598,11.853476772237189,23.918360667983556,19.84566109908598,19.84566109908598,-1.70623096310139,-1.70623096310139,-1.70623096310139,-1.70623096310139,-1.70623096310139,-1.70623096310139,0.0,0.0,0.0,18.13943013598459
109,2021-02-28,19.8677678247162,18.521207528145837,30.233994770806017,19.8677678247162,19.8677678247162,4.4672336919047995,4.4672336919047995,4.4672336919047995,4.4672336919047995,4.4672336919047995,4.4672336919047995,0.0,0.0,0.0,24.335001516621
110,2021-03-31,19.892243128618144,15.42081152819927,27.569139869125884,19.892243128618144,19.892243128618144,1.9393146717553258,1.9393146717553258,1.9393146717553258,1.9393146717553258,1.9393146717553258,1.9393146717553258,0.0,0.0,0.0,21.83155780037347
111,2021-04-30,19.915928906587773,13.207939002050109,25.387003358891747,19.915928906587773,19.915928906587773,-0.7591953007787126,-0.7591953007787126,-0.7591953007787126,-0.7591953007787126,-0.7591953007787126,-0.7591953007787126,0.0,0.0,0.0,19.15673360580906
112,2021-05-31,19.94040421048972,11.546090447056743,23.189482373047277,19.94040421048972,19.94040421048972,-2.746764264740992,-2.746764264740992,-2.746764264740992,-2.746764264740992,-2.746764264740992,-2.746764264740992,0.0,0.0,0.0,17.19363994574873
113,2021-06-30,19.964089988459346,13.510679551832562,25.357450038741703,19.964089988459346,19.964089988459346,-0.4971623618685819,-0.4971623618685819,-0.4971623618685819,-0.4971623618685819,-0.4971623618685819,-0.4971623618685819,0.0,0.0,0.0,19.466927626590763
114,2021-07-31,19.988565292361294,14.230583637225365,25.9163667141608,19.988565292361294,19.988565292361294,0.0833564334173219,0.0833564334173219,0.0833564334173219,0.0833564334173219,0.0833564334173219,0.0833564334173219,0.0,0.0,0.0,20.071921725778616
115,2021-08-31,20.01304059636803,14.683574353204044,26.27275592850279,20.01304059636803,20.01304059636803,0.42474869093169887,0.42474869093169887,0.42474869093169887,0.42474869093169887,0.42474869093169887,0.42474869093169887,0.0,0.0,0.0,20.43778928729973
116,2021-09-30,20.036726374439066,12.754895671323677,24.62517995274354,20.036726374439066,20.036726374439066,-1.095856341712264,-1.095856341712264,-1.095856341712264,-1.095856341712264,-1.095856341712264,-1.095856341712264,0.0,0.0,0.0,18.940870032726803
117,2021-10-31,20.0612016784458,14.677536146362579,26.544275177108588,20.0612016784458,20.0612016784458,0.6077619252300726,0.6077619252300726,0.6077619252300726,0.6077619252300726,0.6077619252300726,0.6077619252300726,0.0,0.0,0.0,20.668963603675873
118,2021-11-30,20.08488745651683,13.37815143969302,25.282365648889343,20.08488745651683,20.08488745651683,-0.5153685073184103,-0.5153685073184103,-0.5153685073184103,-0.5153685073184103,-0.5153685073184103,-0.5153685073184103,0.0,0.0,0.0,19.56951894919842
119,2021-12-31,20.10936276052357,14.14807271443095,26.470687521663535,20.10936276052357,20.10936276052357,0.20067762291721922,0.20067762291721922,0.20067762291721922,0.20067762291721922,0.20067762291721922,0.20067762291721922,0.0,0.0,0.0,20.31004038344079
120,2022-01-31,20.133838064530302,12.687390915252358,24.21849145977548,20.133838064530302,20.133838064530302,-1.7289652893771974,-1.7289652893771974,-1.7289652893771974,-1.7289652893771974,-1.7289652893771974,-1.7289652893771974,0.0,0.0,0.0,18.404872775153105
121,2022-02-28,20.155944790729936,18.703086703135828,31.060351031428393,20.155944790729936,20.155944790729936,4.608339983559407,4.608339983559407,4.608339983559407,4.608339983559407,4.608339983559407,4.608339983559407,0.0,0.0,0.0,24.764284774289344
122,2022-03-31,20.18042009473667,16.0904525745022,28.130746785169446,20.18042009473667,20.18042009473667,1.8373072501726462,1.8373072501726462,1.8373072501726462,1.8373072501726462,1.8373072501726462,1.8373072501726462,0.0,0.0,0.0,22.017727344909318
123,2022-04-30,20.204105872807702,13.164118415714283,25.092388263419284,20.204105872807702,20.204105872807702,-0.7839572829938456,-0.7839572829938456,-0.7839572829938456,-0.7839572829938456,-0.7839572829938456,-0.7839572829938456,0.0,0.0,0.0,19.420148589813856
124,2022-05-31,20.228581176814437,11.846873322107047,23.274711988127564,20.228581176814437,20.228581176814437,-2.75376440253664,-2.75376440253664,-2.75376440253664,-2.75376440253664,-2.75376440253664,-2.75376440253664,0.0,0.0,0.0,17.474816774277798
125,2022-06-30,20.252266954885474,13.625100991825002,25.619426351492333,20.252266954885474,20.252266954885474,-0.5118166770727467,-0.5118166770727467,-0.5118166770727467,-0.5118166770727467,-0.5118166770727467,-0.5118166770727467,0.0,0.0,0.0,19.740450277812727
126,2022-07-31,20.27674225889221,14.813334547983906,26.380486402087215,20.27674225889221,20.27674225889221,0.122256557008445,0.122256557008445,0.122256557008445,0.122256557008445,0.122256557008445,0.122256557008445,0.0,0.0,0.0,20.398998815900654
127,2022-08-31,20.301217562898945,14.77698750163205,27.16399603916286,20.301217562898945,20.301217562898945,0.4938886805552343,0.4938886805552343,0.4938886805552343,0.4938886805552343,0.4938886805552343,0.4938886805552343,0.0,0.0,0.0,20.79510624345418
128,2022-09-30,20.32490334096998,13.177126133154674,24.935324159526214,20.32490334096998,20.32490334096998,-1.103540125163115,-1.103540125163115,-1.103540125163115,-1.103540125163115,-1.103540125163115,-1.103540125163115,0.0,0.0,0.0,19.221363215806864
129,2022-10-31,20.349378644976714,14.806118621538253,26.85590731459422,20.349378644976714,20.349378644976714,0.5481808817703253,0.5481808817703253,0.5481808817703253,0.5481808817703253,0.5481808817703253,0.5481808817703253,0.0,0.0,0.0,20.897559526747038
130,2022-11-30,20.373064423047747,13.990892936311553,25.582414413733765,20.373064423047747,20.373064423047747,-0.5584097550254243,-0.5584097550254243,-0.5584097550254243,-0.5584097550254243,-0.5584097550254243,-0.5584097550254243,0.0,0.0,0.0,19.814654668022325
131,2022-12-31,20.397539727054482,14.605056119782457,26.63030605816165,20.397539727054482,20.397539727054482,0.2026164708108815,0.2026164708108815,0.2026164708108815,0.2026164708108815,0.2026164708108815,0.2026164708108815,0.0,0.0,0.0,20.600156197865363
132,2023-01-31,20.422015031061218,12.105440202986324,24.370449909260497,20.422015031061218,20.422015031061218,-1.7479645298400448,-1.7479645298400448,-1.7479645298400448,-1.7479645298400448,-1.7479645298400448,-1.7479645298400448,0.0,0.0,0.0,18.674050501221174
133,2023-02-28,20.44412175726085,19.54057028787004,31.267293317550415,20.44412175726085,20.44412175726085,4.745418866704538,4.745418866704538,4.745418866704538,4.745418866704538,4.745418866704538,4.745418866704538,0.0,0.0,0.0,25.189540623965385
134,2023-03-31,20.468597061267584,15.867826770937988,27.963890291092223,20.468597061267584,20.468597061267584,1.7321754360249488,1.7321754360249488,1.7321754360249488,1.7321754360249488,1.7321754360249488,1.7321754360249488,0.0,0.0,0.0,22.200772497292533
135,2023-04-30,20.492282839338618,13.514624107333413,25.72456987031644,20.492282839338618,20.492282839338618,-0.8075598005390066,-0.8075598005390066,-0.8075598005390066,-0.8075598005390066,-0.8075598005390066,-0.8075598005390066,0.0,0.0,0.0,19.68472303879961
136,2023-05-31,20.516758143345353,12.40037121520104,23.839527520927895,20.516758143345353,20.516758143345353,-2.7588469829098767,-2.7588469829098767,-2.7588469829098767,-2.7588469829098767,-2.7588469829098767,-2.7588469829098767,0.0,0.0,0.0,17.757911160435476
137,2023-06-30,20.540443921416387,13.930505009817018,26.03960002246399,20.540443921416387,20.540443921416387,-0.5253683100578251,-0.5253683100578251,-0.5253683100578251,-0.5253683100578251,-0.5253683100578251,-0.5253683100578251,0.0,0.0,0.0,20.01507561135856
138,2023-07-31,20.564919225423125,14.839885776093118,26.957479937329012,20.564919225423125,20.564919225423125,0.16213920983309016,0.16213920983309016,0.16213920983309016,0.16213920983309016,0.16213920983309016,0.16213920983309016,0.0,0.0,0.0,20.727058435256215
139,2023-08-31,20.589394529429857,15.578647507191505,26.909130696619005,20.589394529429857,20.589394529429857,0.5616888345573933,0.5616888345573933,0.5616888345573933,0.5616888345573933,0.5616888345573933,0.5616888345573933,0.0,0.0,0.0,21.15108336398725
140,2023-09-30,20.61308030750089,13.991284047577986,25.65586417780505,20.61308030750089,20.61308030750089,-1.1129667512143497,-1.1129667512143497,-1.1129667512143497,-1.1129667512143497,-1.1129667512143497,-1.1129667512143497,0.0,0.0,0.0,19.50011355628654
141,2023-10-31,20.637555611507626,14.580930596731013,26.91976454970751,20.637555611507626,20.637555611507626,0.4871953197511009,0.4871953197511009,0.4871953197511009,0.4871953197511009,0.4871953197511009,0.4871953197511009,0.0,0.0,0.0,21.124750931258728
142,2023-11-30,20.66124138957866,14.246805124024327,25.812322650027482,20.66124138957866,20.66124138957866,-0.5999746898024588,-0.5999746898024588,-0.5999746898024588,-0.5999746898024588,-0.5999746898024588,-0.5999746898024588,0.0,0.0,0.0,20.0612666997762
143,2023-12-31,20.685716693585395,14.830070015066537,26.55298085435459,20.685716693585395,20.685716693585395,0.20586302499866163,0.20586302499866163,0.20586302499866163,0.20586302499866163,0.20586302499866163,0.20586302499866163,0.0,0.0,0.0,20.891579718584055
144,2024-01-01,20.686506219521096,14.67872797099215,26.31181043091205,20.686506219521096,20.686506219521096,0.2006449298395828,0.2006449298395828,0.2006449298395828,0.2006449298395828,0.2006449298395828,0.2006449298395828,0.0,0.0,0.0,20.88715114936068
145,2024-01-02,20.687295745456797,15.060469660784795,26.649978069466794,20.687295745456797,20.687295745456797,0.2152227928039439,0.2152227928039439,0.2152227928039439,0.2152227928039439,0.2152227928039439,0.2152227928039439,0.0,0.0,0.0,20.90251853826074
146,2024-01-03,20.6880852713925,14.52559537268027,26.856612218575197,20.6880852713925,20.6880852713925,0.24744590705240005,0.24744590705240005,0.24744590705240005,0.24744590705240005,0.24744590705240005,0.24744590705240005,0.0,0.0,0.0,20.935531178444897
147,2024-01-04,20.6888747973282,14.903344222023001,26.769554616699605,20.6888747973282,20.6888747973282,0.2943870381165785,0.2943870381165785,0.2943870381165785,0.2943870381165785,0.2943870381165785,0.2943870381165785,0.0,0.0,0.0,20.98326183544478
148,2024-01-05,20.689664323263905,15.0921984911423,26.896923647251043,20.689664323263905,20.689664323263905,0.35244431135914467,0.35244431135914467,0.35244431135914467,0.35244431135914467,0.35244431135914467,0.35244431135914467,0.0,0.0,0.0,21.042108634623048
149,2024-01-06,20.690453849199603,14.947846870878323,26.899873494213175,20.690453849199603,20.690453849199603,0.4174679229109203,0.4174679229109203,0.4174679229109203,0.4174679229109203,0.4174679229109203,0.4174679229109203,0.0,0.0,0.0,21.107921772110522
150,2024-01-07,20.691243375135304,15.12669047515292,26.870770679061796,20.691243375135304,20.691243375135304,0.4849078825731334,0.4849078825731334,0.4849078825731334,0.4849078825731334,0.4849078825731334,0.4849078825731334,0.0,0.0,0.0,21.176151257708437
151,2024-01-08,20.692032901071006,15.313034632487938,27.296325198239995,20.692032901071006,20.692032901071006,0.5499782875124397,0.5499782875124397,0.5499782875124397,0.5499782875124397,0.5499782875124397,0.5499782875124397,0.0,0.0,0.0,21.242011188583444
152,2024-01-09,20.692822427006703,15.438460168508486,27.650727330888806,20.692822427006703,20.692822427006703,0.6078330467247486,0.6078330467247486,0.6078330467247486,0.6078330467247486,0.6078330467247486,0.6078330467247486,0.0,0.0,0.0,21.300655473731453
153,2024-01-10,20.69361195294241,15.534182865888582,27.295270782593587,20.69361195294241,20.69361195294241,0.6537475470605703,0.6537475470605703,0.6537475470605703,0.6537475470605703,0.6537475470605703,0.6537475470605703,0.0,0.0,0.0,21.34735950000298
154,2024-01-11,20.69440147887811,15.750467094149366,27.50209596699375,20.69440147887811,20.69440147887811,0.6833004864604314,0.6833004864604314,0.6833004864604314,0.6833004864604314,0.6833004864604314,0.6833004864604314,0.0,0.0,0.0,21.37770196533854
155,2024-01-12,20.69519100481381,15.432343336973101,27.18850415258474,20.69519100481381,20.69519100481381,0.6925500084901064,0.6925500084901064,0.6925500084901064,0.6925500084901064,0.6925500084901064,0.6925500084901064,0.0,0.0,0.0,21.387741013303916
156,2024-01-13,20.695980530749512,14.980553937847207,27.254537440151406,20.695980530749512,20.695980530749512,0.6781983589361819,0.6781983589361819,0.6781983589361819,0.6781983589361819,0.6781983589361819,0.6781983589361819,0.0,0.0,0.0,21.374178889685695
157,2024-01-14,20.69677005668521,15.088613336536898,27.337689119487905,20.69677005668521,20.69677005668521,0.6377395491740069,0.6377395491740069,0.6377395491740069,0.6377395491740069,0.6377395491740069,0.6377395491740069,0.0,0.0,0.0,21.334509605859218
158,2024-01-15,20.69755958262091,15.300807922074828,27.167308846655985,20.69755958262091,20.69755958262091,0.5695849463237865,0.5695849463237865,0.5695849463237865,0.5695849463237865,0.5695849463237865,0.5695849463237865,0.0,0.0,0.0,21.267144528944698
159,2024-01-16,20.698349108556616,15.125888428616019,27.251534384475885,20.698349108556616,20.698349108556616,0.47316230550824584,0.47316230550824584,0.47316230550824584,0.47316230550824584,0.47316230550824584,0.47316230550824584,0.0,0.0,0.0,21.171511414064863
160,2024-01-17,20.699138634492314,15.031542088677108,26.767127477655404,20.699138634492314,20.699138634492314,0.34898449884497557,0.34898449884497557,0.34898449884497557,0.34898449884497557,0.34898449884497557,0.34898449884497557,0.0,0.0,0.0,21.04812313333729
161,2024-01-18,20.699928160428016,14.932150527896587,26.67921380864661,20.699928160428016,20.699928160428016,0.1986850584675305,0.1986850584675305,0.1986850584675305,0.1986850584675305,0.1986850584675305,0.1986850584675305,0.0,0.0,0.0,20.898613218895544
162,2024-01-19,20.70071768636372,15.065379802776839,26.675641056247525,20.70071768636372,20.70071768636372,0.025018612730388433,0.025018612730388433,0.025018612730388433,0.025018612730388433,0.025018612730388433,0.025018612730388433,0.0,0.0,0.0,20.72573629909411
163,2024-01-20,20.70150721229942,14.850520050412356,26.77294151859344,20.70150721229942,20.70150721229942,-0.16817467193976826,-0.16817467193976826,-0.16817467193976826,-0.16817467193976826,-0.16817467193976826,-0.16817467193976826,0.0,0.0,0.0,20.533332540359652
164,2024-01-21,20.70229673823512,13.901600978822602,26.4575510474887,20.70229673823512,20.70229673823512,-0.3760404560236334,-0.3760404560236334,-0.3760404560236334,-0.3760404560236334,-0.3760404560236334,-0.3760404560236334,0.0,0.0,0.0,20.326256282211485
165,2024-01-22,20.70308626417082,14.143052341809723,26.38153654344354,20.70308626417082,20.70308626417082,-0.5928161259192818,-0.5928161259192818,-0.5928161259192818,-0.5928161259192818,-0.5928161259192818,-0.5928161259192818,0.0,0.0,0.0,20.11027013825154
166,2024-01-23,20.703875790106522,13.933215528901798,25.678162572998882,20.703875790106522,20.703875790106522,-0.8119688905857694,-0.8119688905857694,-0.8119688905857694,-0.8119688905857694,-0.8119688905857694,-0.8119688905857694,0.0,0.0,0.0,19.89190689952075
167,2024-01-24,20.704665316042224,13.40034855959339,25.646550719374325,20.704665316042224,20.704665316042224,-1.0263627292327602,-1.0263627292327602,-1.0263627292327602,-1.0263627292327602,-1.0263627292327602,-1.0263627292327602,0.0,0.0,0.0,19.678302586809465
