,ds,trend,yhat_lower,yhat_upper,trend_lower,trend_upper,additive_terms,additive_terms_lower,additive_terms_upper,yearly,yearly_lower,yearly_upper,multiplicative_terms,multiplicative_terms_lower,multiplicative_terms_upper,yhat
0,1999-01-31,50.39686949038461,39.44275665256094,63.606557468567246,50.39686949038461,50.39686949038461,0.7388342795557837,0.7388342795557837,0.7388342795557837,0.7388342795557837,0.7388342795557837,0.7388342795557837,0.0,0.0,0.0,51.13570376994039
1,1999-02-28,50.30170584443787,40.37811185083799,64.17796505771581,50.30170584443787,50.30170584443787,1.796583457497165,1.796583457497165,1.796583457497165,1.796583457497165,1.796583457497165,1.796583457497165,0.0,0.0,0.0,52.09828930193503
2,1999-03-31,50.19634609356825,39.26040618847548,61.92327340807723,50.19634609356825,50.19634609356825,0.7392152139227006,0.7392152139227006,0.7392152139227006,0.7392152139227006,0.7392152139227006,0.7392152139227006,0.0,0.0,0.0,50.93556130749095
3,1999-04-30,50.094385044339596,35.76588200680025,60.51962291738289,50.094385044339596,50.094385044339596,-2.069338899671163,-2.069338899671163,-2.069338899671163,-2.069338899671163,-2.069338899671163,-2.069338899671163,0.0,0.0,0.0,48.02504614466843
4,1999-05-31,49.989025293469986,36.24055525893385,60.21040815368807,49.989025293469986,49.989025293469986,-1.655304804731523,-1.655304804731523,-1.655304804731523,-1.655304804731523,-1.655304804731523,-1.655304804731523,0.0,0.0,0.0,48.333720488738464
5,1999-06-30,49.88706424424133,39.08691909538475,62.67767319282731,49.88706424424133,49.88706424424133,1.35155282291352,1.35155282291352,1.35155282291352,1.35155282291352,1.35155282291352,1.35155282291352,0.0,0.0,0.0,51.23861706715485
6,1999-07-31,49.78170449337171,38.981269335638295,62.459725550284155,49.78170449337171,49.78170449337171,0.844703686951605,0.844703686951605,0.844703686951605,0.844703686951605,0.844703686951605,0.844703686951605,0.0,0.0,0.0,50.62640818032332
7,1999-08-31,49.67634474250211,34.49184546907743,59.209551361751956,49.67634474250211,49.67634474250211,-2.2630912764424873,-2.2630912764424873,-2.2630912764424873,-2.2630912764424873,-2.2630912764424873,-2.2630912764424873,0.0,0.0,0.0,47.41325346605962
8,1999-09-30,49.574383693273454,36.19055364954099,59.64905859613971,49.574383693273454,49.574383693273454,-1.7046709340487287,-1.7046709340487287,-1.7046709340487287,-1.7046709340487287,-1.7046709340487287,-1.7046709340487287,0.0,0.0,0.0,47.869712759224726
9,1999-10-31,49.46902394240384,36.541405784724816,61.04949979572783,49.46902394240384,49.46902394240384,-0.4668505285181816,-0.4668505285181816,-0.4668505285181816,-0.4668505285181816,-0.4668505285181816,-0.4668505285181816,0.0,0.0,0.0,49.00217341388566
10,1999-11-30,49.36706289317518,41.963031943934375,65.41861089141203,49.36706289317518,49.36706289317518,4.122899682767697,4.122899682767697,4.122899682767697,4.122899682767697,4.122899682767697,4.122899682767697,0.0,0.0,0.0,53.489962575942876
11,1999-12-31,49.26170314270086,37.77122088737867,62.353652241216196,49.26170314270086,49.26170314270086,0.9690408842295573,0.9690408842295573,0.9690408842295573,0.9690408842295573,0.9690408842295573,0.9690408842295573,0.0,0.0,0.0,50.23074402693042
12,2000-01-31,49.15634339222653,37.579996179855534,61.48506392009961,49.15634339222653,49.15634339222653,0.5030415215221544,0.5030415215221544,0.5030415215221544,0.5030415215221544,0.5030415215221544,0.5030415215221544,0.0,0.0,0.0,49.65938491374869
13,2000-02-29,49.05778104500862,38.19037930320501,63.37570076619631,49.05778104500862,49.05778104500862,1.8018388000875918,1.8018388000875918,1.8018388000875918,1.8018388000875918,1.8018388000875918,1.8018388000875918,0.0,0.0,0.0,50.85961984509621
14,2000-03-31,48.95242129453428,36.86633375395475,60.92357902292316,48.95242129453428,48.95242129453428,0.34637936964363514,0.34637936964363514,0.34637936964363514,0.34637936964363514,0.34637936964363514,0.34637936964363514,0.0,0.0,0.0,49.29880066417792
15,2000-04-30,48.85046024568816,34.785011027595736,58.045712805112565,48.85046024568816,48.85046024568816,-2.7874997816928837,-2.7874997816928837,-2.7874997816928837,-2.7874997816928837,-2.7874997816928837,-2.7874997816928837,0.0,0.0,0.0,46.062960463995275
16,2000-05-31,48.74510049521383,35.632488689215236,58.55391945024528,48.74510049521383,48.74510049521383,-1.5001195862585073,-1.5001195862585073,-1.5001195862585073,-1.5001195862585073,-1.5001195862585073,-1.5001195862585073,0.0,0.0,0.0,47.24498090895533
17,2000-06-30,48.64313944636772,38.603108528509665,61.825731762449706,48.64313944636772,48.64313944636772,1.9587300133498502,1.9587300133498502,1.9587300133498502,1.9587300133498502,1.9587300133498502,1.9587300133498502,0.0,0.0,0.0,50.60186945971757
18,2000-07-31,48.53777969589339,37.29415550728935,60.810191933793135,48.53777969589339,48.53777969589339,0.8704158161796927,0.8704158161796927,0.8704158161796927,0.8704158161796927,0.8704158161796927,0.8704158161796927,0.0,0.0,0.0,49.408195512073085
19,2000-08-31,48.432419945419056,33.87145053883557,58.043354586915434,48.432419945419056,48.432419945419056,-2.201337681888322,-2.201337681888322,-2.201337681888322,-2.201337681888322,-2.201337681888322,-2.201337681888322,0.0,0.0,0.0,46.23108226353074
20,2000-09-30,48.33045890052183,35.12162317219633,58.48285170780438,48.33045890052183,48.33045890052183,-1.9237189539071478,-1.9237189539071478,-1.9237189539071478,-1.9237189539071478,-1.9237189539071478,-1.9237189539071478,0.0,0.0,0.0,46.406739946614685
21,2000-10-31,48.22509915412804,36.17176139232812,61.06292848573017,48.22509915412804,48.22509915412804,-0.08786607608377156,-0.08786607608377156,-0.08786607608377156,-0.08786607608377156,-0.08786607608377156,-0.08786607608377156,0.0,0.0,0.0,48.13723307804427
22,2000-11-30,48.12313810923081,38.56951864378697,62.43181315193312,48.12313810923081,48.12313810923081,2.9010842866570847,2.9010842866570847,2.9010842866570847,2.9010842866570847,2.9010842866570847,2.9010842866570847,0.0,0.0,0.0,51.02422239588789
23,2000-12-31,48.01777836283701,37.65610750548537,61.519324627881886,48.01777836283701,48.01777836283701,1.5315345736365669,1.5315345736365669,1.5315345736365669,1.5315345736365669,1.5315345736365669,1.5315345736365669,0.0,0.0,0.0,49.54931293647358
24,2001-01-31,47.91241861644321,36.73666889495638,60.452625763950344,47.91241861644321,47.91241861644321,1.2129451783562835,1.2129451783562835,1.2129451783562835,1.2129451783562835,1.2129451783562835,1.2129451783562835,0.0,0.0,0.0,49.1253637947995
25,2001-02-28,47.817254974539125,37.42361100805107,60.440527471405666,47.817254974539125,47.817254974539125,1.793966806518814,1.793966806518814,1.793966806518814,1.793966806518814,1.793966806518814,1.793966806518814,0.0,0.0,0.0,49.61122178105794
26,2001-03-31,47.71189522814533,35.735608219962394,59.876157653595925,47.71189522814533,47.71189522814533,0.47306110200519685,0.47306110200519685,0.47306110200519685,0.47306110200519685,0.47306110200519685,0.47306110200519685,0.0,0.0,0.0,48.18495633015053
27,2001-04-30,47.6099341832481,33.15531505649234,56.82448293300312,47.6099341832481,47.6099341832481,-2.545612056655286,-2.545612056655286,-2.545612056655286,-2.545612056655286,-2.545612056655286,-2.545612056655286,0.0,0.0,0.0,45.06432212659281
28,2001-05-31,47.5045744368543,33.90002663793795,58.2724300789432,47.5045744368543,47.5045744368543,-1.5452182721918455,-1.5452182721918455,-1.5452182721918455,-1.5452182721918455,-1.5452182721918455,-1.5452182721918455,0.0,0.0,0.0,45.95935616466245
29,2001-06-30,47.40261339195707,36.21678284261011,60.36468193457041,47.40261339195707,47.40261339195707,1.7580395706792324,1.7580395706792324,1.7580395706792324,1.7580395706792324,1.7580395706792324,1.7580395706792324,0.0,0.0,0.0,49.1606529626363
30,2001-07-31,47.29725364728468,35.81297301097608,59.92557522794644,47.29725364728468,47.29725364728468,0.8595958116415797,0.8595958116415797,0.8595958116415797,0.8595958116415797,0.8595958116415797,0.8595958116415797,0.0,0.0,0.0,48.15684945892626
31,2001-08-31,47.19189390261227,33.4196578632106,57.57260994315981,47.19189390261227,47.19189390261227,-2.2251239519231247,-2.2251239519231247,-2.2251239519231247,-2.2251239519231247,-2.2251239519231247,-2.2251239519231247,0.0,0.0,0.0,44.96676995068915
32,2001-09-30,47.089932859380916,33.5930155426375,57.75694540884356,47.089932859380916,47.089932859380916,-1.8519338850540712,-1.8519338850540712,-1.8519338850540712,-1.8519338850540712,-1.8519338850540712,-1.8519338850540712,0.0,0.0,0.0,45.23799897432684
33,2001-10-31,46.98457311470851,34.61403255432842,59.32583876806109,46.98457311470851,46.98457311470851,-0.21829358305791954,-0.21829358305791954,-0.21829358305791954,-0.21829358305791954,-0.21829358305791954,-0.21829358305791954,0.0,0.0,0.0,46.76627953165059
34,2001-11-30,46.882612071477155,37.684591706130234,62.50548980139858,46.882612071477155,46.882612071477155,3.312761896442666,3.312761896442666,3.312761896442666,3.312761896442666,3.312761896442666,3.312761896442666,0.0,0.0,0.0,50.19537396791982
35,2001-12-31,46.777252326804756,36.49515325530149,60.282793393923484,46.777252326804756,46.777252326804756,1.35319108314507,1.35319108314507,1.35319108314507,1.35319108314507,1.35319108314507,1.35319108314507,0.0,0.0,0.0,48.13044340994983
36,2002-01-31,46.67189258213235,35.16528260763371,59.34187486723878,46.67189258213235,46.67189258213235,0.9755851495191223,0.9755851495191223,0.9755851495191223,0.9755851495191223,0.9755851495191223,0.9755851495191223,0.0,0.0,0.0,47.64747773165147
37,2002-02-28,46.576728941783095,36.37481347440072,61.14795022188119,46.576728941783095,46.576728941783095,1.7922096504351388,1.7922096504351388,1.7922096504351388,1.7922096504351388,1.7922096504351388,1.7922096504351388,0.0,0.0,0.0,48.368938592218235
38,2002-03-31,46.47136919711069,34.71372057293933,58.302131525189616,46.47136919711069,46.47136919711069,0.6040719460856783,0.6040719460856783,0.6040719460856783,0.6040719460856783,0.6040719460856783,0.6040719460856783,0.0,0.0,0.0,47.075441143196365
39,2002-04-30,46.36940815315078,31.388382006970595,56.49648678066824,46.36940815315078,46.36940815315078,-2.306124872697996,-2.306124872697996,-2.306124872697996,-2.306124872697996,-2.306124872697996,-2.306124872697996,0.0,0.0,0.0,44.06328328045278
40,2002-05-31,46.26404840772554,32.58959588153261,56.483074246496734,46.26404840772554,46.26404840772554,-1.5969503318077372,-1.5969503318077372,-1.5969503318077372,-1.5969503318077372,-1.5969503318077372,-1.5969503318077372,0.0,0.0,0.0,44.6670980759178
41,2002-06-30,46.16208736376562,35.57505838499911,60.20242963002321,46.16208736376562,46.16208736376562,1.5555636643636188,1.5555636643636188,1.5555636643636188,1.5555636643636188,1.5555636643636188,1.5555636643636188,0.0,0.0,0.0,47.71765102812924
42,2002-07-31,46.05672761834039,34.446806734863046,58.685601911637285,46.05672761834039,46.05672761834039,0.8509880086020642,0.8509880086020642,0.8509880086020642,0.8509880086020642,0.8509880086020642,0.8509880086020642,0.0,0.0,0.0,46.907715626942455
43,2002-08-31,45.95136787291514,31.76514811846223,56.269819022580805,45.95136787291514,45.95136787291514,-2.2457218574473283,-2.2457218574473283,-2.2457218574473283,-2.2457218574473283,-2.2457218574473283,-2.2457218574473283,0.0,0.0,0.0,43.70564601546781
44,2002-09-30,45.84940682895523,33.08799450113097,55.54131685579956,45.84940682895523,45.84940682895523,-1.7788918787263561,-1.7788918787263561,-1.7788918787263561,-1.7788918787263561,-1.7788918787263561,-1.7788918787263561,0.0,0.0,0.0,44.070514950228876
45,2002-10-31,45.744047083529985,32.996630429417365,57.79270377093712,45.744047083529985,45.744047083529985,-0.3446120321860769,-0.3446120321860769,-0.3446120321860769,-0.3446120321860769,-0.3446120321860769,-0.3446120321860769,0.0,0.0,0.0,45.39943505134391
46,2002-11-30,45.642086039570074,37.21725201201643,61.79733741601264,45.642086039570074,45.642086039570074,3.720169137522564,3.720169137522564,3.720169137522564,3.720169137522564,3.720169137522564,3.720169137522564,0.0,0.0,0.0,49.362255177092635
47,2002-12-31,45.536726294144835,34.65490628441581,59.24133554739728,45.536726294144835,45.536726294144835,1.1656278899019685,1.1656278899019685,1.1656278899019685,1.1656278899019685,1.1656278899019685,1.1656278899019685,0.0,0.0,0.0,46.702354184046804
48,2003-01-31,45.43136654871959,34.343796097734945,57.780633687706796,45.43136654871959,45.43136654871959,0.7388342795574154,0.7388342795574154,0.7388342795574154,0.7388342795574154,0.7388342795574154,0.7388342795574154,0.0,0.0,0.0,46.170200828277004
49,2003-02-28,45.336202902082896,34.684080803850385,59.24214152799384,45.336202902082896,45.336202902082896,1.796583457496416,1.796583457496416,1.796583457496416,1.796583457496416,1.796583457496416,1.796583457496416,0.0,0.0,0.0,47.13278635957931
50,2003-03-31,45.230843150449424,32.996992613102734,57.553994450388075,45.230843150449424,45.230843150449424,0.739215213921405,0.739215213921405,0.739215213921405,0.739215213921405,0.739215213921405,0.739215213921405,0.0,0.0,0.0,45.97005836437083
51,2003-04-30,45.12888210048155,30.53767331923967,54.77211292554447,45.12888210048155,45.12888210048155,-2.06933889967097,-2.06933889967097,-2.06933889967097,-2.06933889967097,-2.06933889967097,-2.06933889967097,0.0,0.0,0.0,43.05954320081058
52,2003-05-31,45.02352234884807,32.06086572574168,55.87677167965477,45.02352234884807,45.02352234884807,-1.6553048047305896,-1.6553048047305896,-1.6553048047305896,-1.6553048047305896,-1.6553048047305896,-1.6553048047305896,0.0,0.0,0.0,43.36821754411748
53,2003-06-30,44.92156129888019,34.21704190740527,57.97275325740916,44.92156129888019,44.92156129888019,1.3515528229146894,1.3515528229146894,1.3515528229146894,1.3515528229146894,1.3515528229146894,1.3515528229146894,0.0,0.0,0.0,46.27311412179488
54,2003-07-31,44.81620154724671,33.57810021188667,57.93616970900881,44.81620154724671,44.81620154724671,0.8447036869515775,0.8447036869515775,0.8447036869515775,0.8447036869515775,0.8447036869515775,0.8447036869515775,0.0,0.0,0.0,45.66090523419829
55,2003-08-31,44.710841795613234,30.70300774596778,54.76087162629633,44.710841795613234,44.710841795613234,-2.263091276442357,-2.263091276442357,-2.263091276442357,-2.263091276442357,-2.263091276442357,-2.263091276442357,0.0,0.0,0.0,42.447750519170874
56,2003-09-30,44.60888074564536,31.254193332886572,55.411982633875525,44.60888074564536,44.60888074564536,-1.70467093404878,-1.70467093404878,-1.70467093404878,-1.70467093404878,-1.70467093404878,-1.70467093404878,0.0,0.0,0.0,42.90420981159658
57,2003-10-31,44.503520994011886,31.993371746035823,55.751471266338356,44.503520994011886,44.503520994011886,-0.46685052851716125,-0.46685052851716125,-0.46685052851716125,-0.46685052851716125,-0.46685052851716125,-0.46685052851716125,0.0,0.0,0.0,44.03667046549472
58,2003-11-30,44.401559947234304,37.58038975986679,61.24009173254279,44.401559947234304,44.401559947234304,4.122899682763374,4.122899682763374,4.122899682763374,4.122899682763374,4.122899682763374,4.122899682763374,0.0,0.0,0.0,48.52445962999768
59,2003-12-31,44.29620019889747,34.124944501179115,57.62561272009146,44.29620019889747,44.29620019889747,0.9690408842318798,0.9690408842318798,0.9690408842318798,0.9690408842318798,0.9690408842318798,0.9690408842318798,0.0,0.0,0.0,45.265241083129354
60,2004-01-31,44.19084045056064,32.53797678342418,56.968439487520556,44.19084045056064,44.19084045056064,0.5030415215224685,0.5030415215224685,0.5030415215224685,0.5030415215224685,0.5030415215224685,0.5030415215224685,0.0,0.0,0.0,44.69388197208311
61,2004-02-29,44.09227810534232,33.731654466074644,57.27852546552642,44.09227810534232,44.09227810534232,1.8018388000880072,1.8018388000880072,1.8018388000880072,1.8018388000880072,1.8018388000880072,1.8018388000880072,0.0,0.0,0.0,45.89411690543032
62,2004-03-31,43.986918357005486,31.834248715204943,56.889794090203424,43.986918357005486,43.986918357005486,0.3463793696441362,0.3463793696441362,0.3463793696441362,0.3463793696441362,0.3463793696441362,0.3463793696441362,0.0,0.0,0.0,44.33329772664962
63,2004-04-30,43.884957310227904,28.6109392565946,53.14713256377548,43.884957310227904,43.884957310227904,-2.7874997816919036,-2.7874997816919036,-2.7874997816919036,-2.7874997816919036,-2.7874997816919036,-2.7874997816919036,0.0,0.0,0.0,41.097457528536
64,2004-05-31,43.77959756189107,29.82456109788226,53.91945283912885,43.77959756189107,43.77959756189107,-1.5001195862598298,-1.5001195862598298,-1.5001195862598298,-1.5001195862598298,-1.5001195862598298,-1.5001195862598298,0.0,0.0,0.0,42.279477975631245
65,2004-06-30,43.677636515113484,33.759352348759975,57.76152490105282,43.677636515113484,43.677636515113484,1.9587300133476955,1.9587300133476955,1.9587300133476955,1.9587300133476955,1.9587300133476955,1.9587300133476955,0.0,0.0,0.0,45.63636652846118
66,2004-07-31,43.57227676677666,33.247349928628815,57.514408107620646,43.57227676677666,43.57227676677666,0.8704158161805731,0.8704158161805731,0.8704158161805731,0.8704158161805731,0.8704158161805731,0.8704158161805731,0.0,0.0,0.0,44.442692582957235
67,2004-08-31,43.46691701843983,29.188789386641,54.03947910621554,43.46691701843983,43.46691701843983,-2.2013376818875625,-2.2013376818875625,-2.2013376818875625,-2.2013376818875625,-2.2013376818875625,-2.2013376818875625,0.0,0.0,0.0,41.265579336552264
68,2004-09-30,43.36495597463104,30.222227298039193,53.53195815967879,43.36495597463104,43.36495597463104,-1.9237189539056472,-1.9237189539056472,-1.9237189539056472,-1.9237189539056472,-1.9237189539056472,-1.9237189539056472,0.0,0.0,0.0,41.44123702072539
69,2004-10-31,43.25959622936195,31.7616113800065,55.439765677842466,43.25959622936195,43.25959622936195,-0.08786607608443092,-0.08786607608443092,-0.08786607608443092,-0.08786607608443092,-0.08786607608443092,-0.08786607608443092,0.0,0.0,0.0,43.171730153277515
70,2004-11-30,43.15763518555315,34.769325973739946,59.114747111134456,43.15763518555315,43.15763518555315,2.901084286659707,2.901084286659707,2.901084286659707,2.901084286659707,2.901084286659707,2.901084286659707,0.0,0.0,0.0,46.05871947221286
71,2004-12-31,43.05227544028405,32.59540044270544,56.82200223330921,43.05227544028405,43.05227544028405,1.531534573634626,1.531534573634626,1.531534573634626,1.531534573634626,1.531534573634626,1.531534573634626,0.0,0.0,0.0,44.58381001391867
72,2005-01-31,42.94691569501496,31.83718827650467,56.1360311174055,42.94691569501496,42.94691569501496,1.2129451783542562,1.2129451783542562,1.2129451783542562,1.2129451783542562,1.2129451783542562,1.2129451783542562,0.0,0.0,0.0,44.15986087336921
73,2005-02-28,42.85175205412674,33.05280060820076,57.1354991670186,42.85175205412674,42.85175205412674,1.793966806519755,1.793966806519755,1.793966806519755,1.793966806519755,1.793966806519755,1.793966806519755,0.0,0.0,0.0,44.6457188606465
74,2005-03-31,42.74639230885765,30.614178376879202,55.26095838970785,42.74639230885765,42.74639230885765,0.4730611020062117,0.4730611020062117,0.4730611020062117,0.4730611020062117,0.4730611020062117,0.4730611020062117,0.0,0.0,0.0,43.21945341086386
75,2005-04-30,42.64443126504885,28.600963461294878,52.78877192647568,42.64443126504885,42.64443126504885,-2.545612056652674,-2.545612056652674,-2.545612056652674,-2.545612056652674,-2.545612056652674,-2.545612056652674,0.0,0.0,0.0,40.09881920839618
76,2005-05-31,42.539071519779746,29.105496200783055,53.29260527225932,42.539071519779746,42.539071519779746,-1.5452182721915606,-1.5452182721915606,-1.5452182721915606,-1.5452182721915606,-1.5452182721915606,-1.5452182721915606,0.0,0.0,0.0,40.993853247588184
77,2005-06-30,42.437109825846754,32.21392496157724,56.55321352195596,42.437109825846754,42.437109825846754,1.7580395706759682,1.7580395706759682,1.7580395706759682,1.7580395706759682,1.7580395706759682,1.7580395706759682,0.0,0.0,0.0,44.19514939652272
78,2005-07-31,42.33174940878265,30.693515487858832,55.37360194222932,42.33174940878265,42.33174940878265,0.8595958116407993,0.8595958116407993,0.8595958116407993,0.8595958116407993,0.8595958116407993,0.8595958116407993,0.0,0.0,0.0,43.19134522042345
79,2005-08-31,42.22638899171856,28.577917373671635,51.941144896019026,42.22638899171856,42.22638899171856,-2.2251239519246986,-2.2251239519246986,-2.2251239519246986,-2.2251239519246986,-2.2251239519246986,-2.2251239519246986,0.0,0.0,0.0,40.00126503979386
80,2005-09-30,42.12442729778555,28.463042192752855,52.028470592072644,42.12442729778555,42.12442729778555,-1.8519338850533495,-1.8519338850533495,-1.8519338850533495,-1.8519338850533495,-1.8519338850533495,-1.8519338850533495,0.0,0.0,0.0,40.2724934127322
81,2005-10-31,42.019066880721454,29.467235287258482,53.858011733664334,42.019066880721454,42.019066880721454,-0.21829358306029362,-0.21829358306029362,-0.21829358306029362,-0.21829358306029362,-0.21829358306029362,-0.21829358306029362,0.0,0.0,0.0,41.80077329766116
82,2005-11-30,41.917105186788454,33.50707478257163,57.06928544307431,41.917105186788454,41.917105186788454,3.3127618964456302,3.3127618964456302,3.3127618964456302,3.3127618964456302,3.3127618964456302,3.3127618964456302,0.0,0.0,0.0,45.22986708323408
83,2005-12-31,41.811744769724356,31.44392779954473,54.7142986888882,41.811744769724356,41.811744769724356,1.353191083144019,1.353191083144019,1.353191083144019,1.353191083144019,1.353191083144019,1.353191083144019,0.0,0.0,0.0,43.164935852868375
84,2006-01-31,41.70638435266025,30.95046587558511,54.17138855050243,41.70638435266025,41.70638435266025,0.9755851495177759,0.9755851495177759,0.9755851495177759,0.9755851495177759,0.9755851495177759,0.9755851495177759,0.0,0.0,0.0,42.68196950217803
85,2006-02-28,41.61122010498946,31.107574874265143,55.167911625064846,41.61122010498946,41.61122010498946,1.792209650434446,1.792209650434446,1.792209650434446,1.792209650434446,1.792209650434446,1.792209650434446,0.0,0.0,0.0,43.4034297554239
86,2006-03-31,41.50585968792536,29.9127945939208,53.94619172910913,41.50585968792536,41.50585968792536,0.6040719460856592,0.6040719460856592,0.6040719460856592,0.6040719460856592,0.6040719460856592,0.6040719460856592,0.0,0.0,0.0,42.10993163401102
87,2006-04-30,41.40389794918535,26.776029991074456,51.55122156096377,41.40389794918535,41.40389794918535,-2.306124872697016,-2.306124872697016,-2.306124872697016,-2.306124872697016,-2.306124872697016,-2.306124872697016,0.0,0.0,0.0,39.09777307648833
88,2006-05-31,41.298537485820674,27.625448011571518,52.83922585769478,41.298537485820674,41.298537485820674,-1.5969503318081115,-1.5969503318081115,-1.5969503318081115,-1.5969503318081115,-1.5969503318081115,-1.5969503318081115,0.0,0.0,0.0,39.701587154012564
89,2006-06-30,41.196575747080665,29.643665541060287,54.27331520023512,41.196575747080665,41.196575747080665,1.5555636643612731,1.5555636643612731,1.5555636643612731,1.5555636643612731,1.5555636643612731,1.5555636643612731,0.0,0.0,0.0,42.75213941144194
90,2006-07-31,41.09121528371599,29.803652875934485,53.24799159856079,41.09121528371599,41.09121528371599,0.8509880086019541,0.8509880086019541,0.8509880086019541,0.8509880086019541,0.8509880086019541,0.8509880086019541,0.0,0.0,0.0,41.94220329231794
91,2006-08-31,40.985854820351314,27.52366371982475,51.4267906977384,40.985854820351314,40.985854820351314,-2.245721857447139,-2.245721857447139,-2.245721857447139,-2.245721857447139,-2.245721857447139,-2.245721857447139,0.0,0.0,0.0,38.74013296290418
92,2006-09-30,40.883893081611305,26.75331092495699,51.344968977901075,40.883893081611305,40.883893081611305,-1.7788918787250578,-1.7788918787250578,-1.7788918787250578,-1.7788918787250578,-1.7788918787250578,-1.7788918787250578,0.0,0.0,0.0,39.10500120288625
93,2006-10-31,40.77853261824663,28.652836725675623,52.90580472842934,40.77853261824663,40.77853261824663,-0.34461203218846953,-0.34461203218846953,-0.34461203218846953,-0.34461203218846953,-0.34461203218846953,-0.34461203218846953,0.0,0.0,0.0,40.43392058605816
94,2006-11-30,40.67657087950662,33.000741239300716,57.34434965074639,40.67657087950662,40.67657087950662,3.7201691375237913,3.7201691375237913,3.7201691375237913,3.7201691375237913,3.7201691375237913,3.7201691375237913,0.0,0.0,0.0,44.39674001703041
95,2006-12-31,40.57121041614194,30.54491322693425,53.991925970309545,40.57121041614194,40.57121041614194,1.1656278898991825,1.1656278898991825,1.1656278898991825,1.1656278898991825,1.1656278898991825,1.1656278898991825,0.0,0.0,0.0,41.73683830604112
96,2007-01-31,40.46584995277727,29.320977489256656,53.1018835315875,40.46584995277727,40.46584995277727,0.7388342795567475,0.7388342795567475,0.7388342795567475,0.7388342795567475,0.7388342795567475,0.7388342795567475,0.0,0.0,0.0,41.20468423233402
97,2007-02-28,40.37068560318923,29.939841242061018,54.604536522925144,40.37068560318923,40.37068560318923,1.7965834574968558,1.7965834574968558,1.7965834574968558,1.7965834574968558,1.7965834574968558,1.7965834574968558,0.0,0.0,0.0,42.16726906068609
98,2007-03-31,40.26532507328819,29.025543583105787,53.5565528980989,40.26532507328819,40.26532507328819,0.7392152139215155,0.7392152139215155,0.7392152139215155,0.7392152139215155,0.7392152139215155,0.7392152139215155,0.0,0.0,0.0,41.00454028720971
99,2007-04-30,40.16336327015815,26.68040224613695,50.82303262236507,40.16336327015815,40.16336327015815,-2.069338899670426,-2.069338899670426,-2.069338899670426,-2.069338899670426,-2.069338899670426,-2.069338899670426,0.0,0.0,0.0,38.09402437048772
100,2007-05-31,40.05800274025711,26.389412878217893,50.71961060036496,40.05800274025711,40.05800274025711,-1.6553048047321215,-1.6553048047321215,-1.6553048047321215,-1.6553048047321215,-1.6553048047321215,-1.6553048047321215,0.0,0.0,0.0,38.40269793552499
101,2007-06-30,39.956040937127064,29.19104539992335,52.78043363943073,39.956040937127064,39.956040937127064,1.3515528229125933,1.3515528229125933,1.3515528229125933,1.3515528229125933,1.3515528229125933,1.3515528229125933,0.0,0.0,0.0,41.30759376003966
102,2007-07-31,39.85068040722602,28.376300948911663,52.63520021359436,39.85068040722602,39.85068040722602,0.8447036869505482,0.8447036869505482,0.8447036869505482,0.8447036869505482,0.8447036869505482,0.8447036869505482,0.0,0.0,0.0,40.69538409417657
103,2007-08-31,39.74531987732498,24.935981993177187,49.744348351529474,39.74531987732498,39.74531987732498,-2.263091276441977,-2.263091276441977,-2.263091276441977,-2.263091276441977,-2.263091276441977,-2.263091276441977,0.0,0.0,0.0,37.482228600883005
104,2007-09-30,39.64335807419494,25.775392477444246,50.20366860601098,39.64335807419494,39.64335807419494,-1.7046709340492883,-1.7046709340492883,-1.7046709340492883,-1.7046709340492883,-1.7046709340492883,-1.7046709340492883,0.0,0.0,0.0,37.93868714014565
105,2007-10-31,39.537997544293894,27.30691746146404,51.00548066944784,39.537997544293894,39.537997544293894,-0.4668505285174348,-0.4668505285174348,-0.4668505285174348,-0.4668505285174348,-0.4668505285174348,-0.4668505285174348,0.0,0.0,0.0,39.07114701577646
106,2007-11-30,39.436035729602736,32.17967081977009,55.70409900715788,39.436035729602736,39.436035729602736,4.122899682768206,4.122899682768206,4.122899682768206,4.122899682768206,4.122899682768206,4.122899682768206,0.0,0.0,0.0,43.55893541237094
107,2007-12-31,39.33067518775522,27.973980220293267,52.42535178170187,39.33067518775522,39.33067518775522,0.9690408842300574,0.9690408842300574,0.9690408842300574,0.9690408842300574,0.9690408842300574,0.9690408842300574,0.0,0.0,0.0,40.29971607198527
108,2008-01-31,39.225314645907694,27.659740309936428,51.71759491442166,39.225314645907694,39.225314645907694,0.5030415215228566,0.5030415215228566,0.5030415215228566,0.5030415215228566,0.5030415215228566,0.5030415215228566,0.0,0.0,0.0,39.728356167430555
109,2008-02-29,39.126751558372916,28.1998721212679,52.89717878544312,39.126751558372916,39.126751558372916,1.8018388000873158,1.8018388000873158,1.8018388000873158,1.8018388000873158,1.8018388000873158,1.8018388000873158,0.0,0.0,0.0,40.928590358460234
110,2008-03-31,39.0213910165254,26.86439021179523,50.808727989490706,39.0213910165254,39.0213910165254,0.3463793696438004,0.3463793696438004,0.3463793696438004,0.3463793696438004,0.3463793696438004,0.3463793696438004,0.0,0.0,0.0,39.3677703861692
111,2008-04-30,38.91942920183425,23.754077343819915,48.29695357439526,38.91942920183425,38.91942920183425,-2.787499781690201,-2.787499781690201,-2.787499781690201,-2.787499781690201,-2.787499781690201,-2.787499781690201,0.0,0.0,0.0,36.13192942014405
112,2008-05-31,38.814068659986724,25.208259104680064,49.42333995873156,38.814068659986724,38.814068659986724,-1.5001195862588317,-1.5001195862588317,-1.5001195862588317,-1.5001195862588317,-1.5001195862588317,-1.5001195862588317,0.0,0.0,0.0,37.31394907372789
113,2008-06-30,38.71210684529558,28.86202210584188,52.82229209344542,38.71210684529558,38.71210684529558,1.958730013348407,1.958730013348407,1.958730013348407,1.958730013348407,1.958730013348407,1.958730013348407,0.0,0.0,0.0,40.67083685864399
114,2008-07-31,38.60674630344806,26.766406898255415,51.109474930066575,38.60674630344806,38.60674630344806,0.8704158161793429,0.8704158161793429,0.8704158161793429,0.8704158161793429,0.8704158161793429,0.8704158161793429,0.0,0.0,0.0,39.47716211962741
115,2008-08-31,38.50138576160054,25.012247463706146,48.239487610596,38.50138576160054,38.50138576160054,-2.2013376818878045,-2.2013376818878045,-2.2013376818878045,-2.2013376818878045,-2.2013376818878045,-2.2013376818878045,0.0,0.0,0.0,36.30004807971273
116,2008-09-30,38.399423946936885,24.163926560491074,47.68216902742933,38.399423946936885,38.399423946936885,-1.923718953906611,-1.923718953906611,-1.923718953906611,-1.923718953906611,-1.923718953906611,-1.923718953906611,0.0,0.0,0.0,36.47570499303028
117,2008-10-31,38.29406340511778,27.023376637086916,49.917677497457476,38.29406340511778,38.29406340511778,-0.08786607608477406,-0.08786607608477406,-0.08786607608477406,-0.08786607608477406,-0.08786607608477406,-0.08786607608477406,0.0,0.0,0.0,38.20619732903301
118,2008-11-30,38.19210159045413,28.646495822453762,53.12812300735682,38.19210159045413,38.19210159045413,2.901084286660377,2.901084286660377,2.901084286660377,2.901084286660377,2.901084286660377,2.901084286660377,0.0,0.0,0.0,41.09318587711451
119,2008-12-31,38.08674104863502,26.602809891617955,51.828515653396096,38.08674104863502,38.08674104863502,1.531534573634659,1.531534573634659,1.531534573634659,1.531534573634659,1.531534573634659,1.531534573634659,0.0,0.0,0.0,39.61827562226968
120,2009-01-31,37.98138050681592,27.819348197447002,50.94163905100401,37.98138050681592,37.98138050681592,1.212945178353825,1.212945178353825,1.212945178353825,1.212945178353825,1.212945178353825,1.212945178353825,0.0,0.0,0.0,39.194325685169744
121,2009-02-28,37.88621614646317,27.40720881516305,52.01659277849409,37.88621614646317,37.88621614646317,1.7939668065183256,1.7939668065183256,1.7939668065183256,1.7939668065183256,1.7939668065183256,1.7939668065183256,0.0,0.0,0.0,39.6801829529815
122,2009-03-31,37.78085560464406,25.335239834485453,50.355123183018165,37.78085560464406,37.78085560464406,0.47306110200608575,0.47306110200608575,0.47306110200608575,0.47306110200608575,0.47306110200608575,0.47306110200608575,0.0,0.0,0.0,38.253916706650145
123,2009-04-30,37.678893789980414,24.1068685020683,48.1421276127787,37.678893789980414,37.678893789980414,-2.545612056654813,-2.545612056654813,-2.545612056654813,-2.545612056654813,-2.545612056654813,-2.545612056654813,0.0,0.0,0.0,35.1332817333256
124,2009-05-31,37.573533248161304,24.084109488900914,48.751204765080836,37.573533248161304,37.573533248161304,-1.545218272191707,-1.545218272191707,-1.545218272191707,-1.545218272191707,-1.545218272191707,-1.545218272191707,0.0,0.0,0.0,36.0283149759696
125,2009-06-30,37.471571434171274,26.87196035050241,50.483747057787205,37.471571434171274,37.471571434171274,1.7580395706775738,1.7580395706775738,1.7580395706775738,1.7580395706775738,1.7580395706775738,1.7580395706775738,0.0,0.0,0.0,39.22961100484885
126,2009-07-31,37.36621089304824,26.77090561259154,50.681282227067534,37.36621089304824,37.36621089304824,0.8595958116408416,0.8595958116408416,0.8595958116408416,0.8595958116408416,0.8595958116408416,0.8595958116408416,0.0,0.0,0.0,38.225806704689084
127,2009-08-31,37.260850351925214,21.682198020679877,46.46807272118499,37.260850351925214,37.260850351925214,-2.22512395192439,-2.22512395192439,-2.22512395192439,-2.22512395192439,-2.22512395192439,-2.22512395192439,0.0,0.0,0.0,35.035726400000826
128,2009-09-30,37.15888853793519,22.688786529486293,48.13147234918715,37.15888853793519,37.15888853793519,-1.8519338850534581,-1.8519338850534581,-1.8519338850534581,-1.8519338850534581,-1.8519338850534581,-1.8519338850534581,0.0,0.0,0.0,35.306954652881736
129,2009-10-31,37.05352799681216,25.505790951077472,48.987108853742264,37.05352799681216,37.05352799681216,-0.21829358305955537,-0.21829358305955537,-0.21829358305955537,-0.21829358305955537,-0.21829358305955537,-0.21829358305955537,0.0,0.0,0.0,36.8352344137526
130,2009-11-30,36.951566182822134,28.858386544585848,52.385541787805124,36.951566182822134,36.951566182822134,3.312761896445,3.312761896445,3.312761896445,3.312761896445,3.312761896445,3.312761896445,0.0,0.0,0.0,40.26432807926713
131,2009-12-31,36.8462056416991,25.98888291552747,49.840218317008386,36.8462056416991,36.8462056416991,1.353191083144237,1.353191083144237,1.353191083144237,1.353191083144237,1.353191083144237,1.353191083144237,0.0,0.0,0.0,38.19939672484334
132,2010-01-31,36.740845100576074,26.43175039534065,49.11192014196621,36.740845100576074,36.740845100576074,0.9755851495178911,0.9755851495178911,0.9755851495178911,0.9755851495178911,0.9755851495178911,0.9755851495178911,0.0,0.0,0.0,37.716430250093964
133,2010-02-28,36.64568074085204,27.2742742894991,50.269609129358614,36.64568074085204,36.64568074085204,1.7922096504354397,1.7922096504354397,1.7922096504354397,1.7922096504354397,1.7922096504354397,1.7922096504354397,0.0,0.0,0.0,38.43789039128748
134,2010-03-31,36.54032019972902,24.85776754051596,49.25397473775871,36.54032019972902,36.54032019972902,0.6040719460848567,0.6040719460848567,0.6040719460848567,0.6040719460848567,0.6040719460848567,0.6040719460848567,0.0,0.0,0.0,37.144392145813875
135,2010-04-30,36.43835839553103,22.853167785535952,47.41263475278802,36.43835839553103,36.43835839553103,-2.3061248726956713,-2.3061248726956713,-2.3061248726956713,-2.3061248726956713,-2.3061248726956713,-2.3061248726956713,0.0,0.0,0.0,34.132233522835364
136,2010-05-31,36.33299786452643,22.839797696696927,45.723652326452246,36.33299786452643,36.33299786452643,-1.596950331808156,-1.596950331808156,-1.596950331808156,-1.596950331808156,-1.596950331808156,-1.596950331808156,0.0,0.0,0.0,34.736047532718274
137,2010-06-30,36.23103606032844,26.189666392077196,49.12484301914051,36.23103606032844,36.23103606032844,1.5555636643626722,1.5555636643626722,1.5555636643626722,1.5555636643626722,1.5555636643626722,1.5555636643626722,0.0,0.0,0.0,37.786599724691115
138,2010-07-31,36.12567552932385,24.683090164786975,48.40276135731043,36.12567552932385,36.12567552932385,0.8509880086022736,0.8509880086022736,0.8509880086022736,0.8509880086022736,0.8509880086022736,0.8509880086022736,0.0,0.0,0.0,36.97666353792612
139,2010-08-31,36.02031499831925,21.97380093103116,46.16720952763055,36.02031499831925,36.02031499831925,-2.2457218574480935,-2.2457218574480935,-2.2457218574480935,-2.2457218574480935,-2.2457218574480935,-2.2457218574480935,0.0,0.0,0.0,33.774593140871154
140,2010-09-30,35.918353194121266,22.461369619698043,46.33122238998084,35.918353194121266,35.918353194121266,-1.778891878724535,-1.778891878724535,-1.778891878724535,-1.778891878724535,-1.778891878724535,-1.778891878724535,0.0,0.0,0.0,34.13946131539673
141,2010-10-31,35.81299266311667,23.026050423460912,46.87862943515181,35.81299266311667,35.81299266311667,-0.34461203218690034,-0.34461203218690034,-0.34461203218690034,-0.34461203218690034,-0.34461203218690034,-0.34461203218690034,0.0,0.0,0.0,35.468380630929765
142,2010-11-30,35.71103085891868,26.85983560227585,50.974134559509956,35.71103085891868,35.71103085891868,3.7201691375230546,3.7201691375230546,3.7201691375230546,3.7201691375230546,3.7201691375230546,3.7201691375230546,0.0,0.0,0.0,39.431199996441734
143,2010-12-31,35.60567032791408,24.991968856643332,49.11465559241124,35.60567032791408,35.60567032791408,1.1656278898991819,1.1656278898991819,1.1656278898991819,1.1656278898991819,1.1656278898991819,1.1656278898991819,0.0,0.0,0.0,36.77129821781327
144,2011-01-31,35.500311938591366,24.833309633011318,48.27512173336259,35.500311938591366,35.500311938591366,0.7388342795554665,0.7388342795554665,0.7388342795554665,0.7388342795554665,0.7388342795554665,0.7388342795554665,0.0,0.0,0.0,36.239146218146836
145,2011-02-28,35.405149522428914,25.544867016788682,49.530497084107516,35.405149522428914,35.405149522428914,1.7965834574972,1.7965834574972,1.7965834574972,1.7965834574972,1.7965834574972,1.7965834574972,0.0,0.0,0.0,37.20173297992611
146,2011-03-31,35.2997911331062,23.43092322934964,47.96420290585664,35.2997911331062,35.2997911331062,0.7392152139227454,0.7392152139227454,0.7392152139227454,0.7392152139227454,0.7392152139227454,0.7392152139227454,0.0,0.0,0.0,36.039006347028945
147,2011-04-30,35.19783140150357,21.07997932842216,44.46368135334456,35.19783140150357,35.19783140150357,-2.0693388996708832,-2.0693388996708832,-2.0693388996708832,-2.0693388996708832,-2.0693388996708832,-2.0693388996708832,0.0,0.0,0.0,33.12849250183269
148,2011-05-31,35.092473012180854,20.36247970153621,45.51446107583858,35.092473012180854,35.092473012180854,-1.6553048047311225,-1.6553048047311225,-1.6553048047311225,-1.6553048047311225,-1.6553048047311225,-1.6553048047311225,0.0,0.0,0.0,33.43716820744973
149,2011-06-30,34.99051328057823,24.805282451168797,48.01433013073577,34.99051328057823,34.99051328057823,1.351552822913505,1.351552822913505,1.351552822913505,1.351552822913505,1.351552822913505,1.351552822913505,0.0,0.0,0.0,36.34206610349173
150,2011-07-31,34.88515489125551,23.022715878832916,48.72393317263548,34.88515489125551,34.88515489125551,0.8447036869514848,0.8447036869514848,0.8447036869514848,0.8447036869514848,0.8447036869514848,0.8447036869514848,0.0,0.0,0.0,35.72985857820699
151,2011-08-31,34.77979650193279,20.912002024192518,44.877938948717805,34.77979650193279,34.77979650193279,-2.2630912764424966,-2.2630912764424966,-2.2630912764424966,-2.2630912764424966,-2.2630912764424966,-2.2630912764424966,0.0,0.0,0.0,32.5167052254903
152,2011-09-30,34.67783677033017,19.67417320013663,43.539650398018594,34.67783677033017,34.67783677033017,-1.7046709340492816,-1.7046709340492816,-1.7046709340492816,-1.7046709340492816,-1.7046709340492816,-1.7046709340492816,0.0,0.0,0.0,32.973165836280884
153,2011-10-31,34.57247838100745,22.14450644749731,45.487833028870476,34.57247838100745,34.57247838100745,-0.4668505285177187,-0.4668505285177187,-0.4668505285177187,-0.4668505285177187,-0.4668505285177187,-0.4668505285177187,0.0,0.0,0.0,34.10562785248973
154,2011-11-30,34.47762682376978,25.39701998403188,50.06414492168973,34.47762682376978,34.47762682376978,4.122899682766914,4.122899682766914,4.122899682766914,4.122899682766914,4.122899682766914,4.122899682766914,0.0,0.0,0.0,38.600526506536696
155,2011-12-31,34.379613547957526,23.136979872871226,46.746095597781185,34.379613547957526,34.379613547957526,0.969040884230301,0.969040884230301,0.969040884230301,0.969040884230301,0.969040884230301,0.969040884230301,0.0,0.0,0.0,35.34865443218783
156,2012-01-31,34.281600272145276,22.835729660275675,47.08758322927501,34.281600272145276,34.281600272145276,0.5030415215227184,0.5030415215227184,0.5030415215227184,0.5030415215227184,0.5030415215227184,0.5030415215227184,0.0,0.0,0.0,34.784641793667994
157,2012-02-29,34.1899104334822,24.32636032950155,48.16842497614272,34.1899104334822,34.1899104334822,1.8018388000873578,1.8018388000873578,1.8018388000873578,1.8018388000873578,1.8018388000873578,1.8018388000873578,0.0,0.0,0.0,35.99174923356956
158,2012-03-31,34.09189715766993,23.190023231859325,46.26952971570054,34.09189715766993,34.09189715766993,0.3463793696440687,0.3463793696440687,0.3463793696440687,0.3463793696440687,0.3463793696440687,0.3463793696440687,0.0,0.0,0.0,34.438276527314
159,2012-04-30,33.99704560043227,19.415603179449327,42.94178136333877,33.99704560043227,33.99704560043227,-2.787499781690016,-2.787499781690016,-2.787499781690016,-2.787499781690016,-2.787499781690016,-2.787499781690016,0.0,0.0,0.0,31.209545818742257
160,2012-05-31,33.899032324620016,20.29609808635183,45.12721039117114,33.899032324620016,33.899032324620016,-1.5001195862602839,-1.5001195862602839,-1.5001195862602839,-1.5001195862602839,-1.5001195862602839,-1.5001195862602839,0.0,0.0,0.0,32.39891273835973
161,2012-06-30,33.80418076738235,24.219383574358194,47.96261808874431,33.80418076738235,33.80418076738235,1.958730013348234,1.958730013348234,1.958730013348234,1.958730013348234,1.958730013348234,1.958730013348234,0.0,0.0,0.0,35.762910780730586
162,2012-07-31,33.7061674915701,22.17647487513109,46.76774145835282,33.7061674915701,33.7061674915701,0.8704158161780449,0.8704158161780449,0.8704158161780449,0.8704158161780449,0.8704158161780449,0.8704158161780449,0.0,0.0,0.0,34.576583307748145
163,2012-08-31,33.608154215757835,20.673565662383712,43.89446787629477,33.608154215757835,33.608154215757835,-2.201337681887633,-2.201337681887633,-2.201337681887633,-2.201337681887633,-2.201337681887633,-2.201337681887633,0.0,0.0,0.0,31.406816533870202
164,2012-09-30,33.517625098892104,20.207025365015998,44.25567016658096,33.517625098892104,33.517625098892104,-1.9237189539066115,-1.9237189539066115,-1.9237189539066115,-1.9237189539066115,-1.9237189539066115,-1.9237189539066115,0.0,0.0,0.0,31.593906144985493
165,2012-10-31,33.424078344797515,20.620936940877204,45.408060077500735,33.424078344797515,33.424078344797515,-0.08786607608459931,-0.08786607608459931,-0.08786607608459931,-0.08786607608459931,-0.08786607608459931,-0.08786607608459931,0.0,0.0,0.0,33.33621226871291
166,2012-11-30,33.33354922793178,24.008032755147838,48.92756501482311,33.33354922793178,33.33354922793178,2.9010842866586484,2.9010842866586484,2.9010842866586484,2.9010842866586484,2.9010842866586484,2.9010842866586484,0.0,0.0,0.0,36.234633514590435
167,2012-12-31,33.240002473837194,22.08444817471146,46.77140665959544,33.240002473837194,33.240002473837194,1.5315345736345005,1.5315345736345005,1.5315345736345005,1.5315345736345005,1.5315345736345005,1.5315345736345005,0.0,0.0,0.0,34.771537047471696
168,2013-01-31,33.146455719742605,23.133467653691387,46.79101821495182,33.146455719742605,33.146455719742605,1.2129451783541845,1.2129451783541845,1.2129451783541845,1.2129451783541845,1.2129451783541845,1.2129451783541845,0.0,0.0,0.0,34.35940089809679
169,2013-02-28,33.06196187733459,22.716342120460215,46.54375093472696,33.06196187733459,33.06196187733459,1.7939668065187107,1.7939668065187107,1.7939668065187107,1.7939668065187107,1.7939668065187107,1.7939668065187107,0.0,0.0,0.0,34.8559286838533
170,2013-03-31,32.96841512324,21.684593398770485,45.6324038348989,32.96841512324,32.96841512324,0.4730611020061373,0.4730611020061373,0.4730611020061373,0.4730611020061373,0.4730611020061373,0.4730611020061373,0.0,0.0,0.0,33.441476225246134
171,2013-04-30,32.87788600637427,18.08402917195214,42.55720094717538,32.87788600637427,32.87788600637427,-2.5456120566545497,-2.5456120566545497,-2.5456120566545497,-2.5456120566545497,-2.5456120566545497,-2.5456120566545497,0.0,0.0,0.0,30.33227394971972
172,2013-05-31,32.784339252279686,19.578159375058746,43.0899697343019,32.784339252279686,32.784339252279686,-1.5452182721931282,-1.5452182721931282,-1.5452182721931282,-1.5452182721931282,-1.5452182721931282,-1.5452182721931282,0.0,0.0,0.0,31.239120980086557
173,2013-06-30,32.69988928479688,23.07365991750116,46.67785821320108,32.69988928479688,32.69988928479688,1.7580395706761793,1.7580395706761793,1.7580395706761793,1.7580395706761793,1.7580395706761793,1.7580395706761793,0.0,0.0,0.0,34.457928855473064
174,2013-07-31,32.61262431839798,21.20825817413766,45.13762087880187,32.61262431839798,32.61262431839798,0.8595958116418712,0.8595958116418712,0.8595958116418712,0.8595958116418712,0.8595958116418712,0.8595958116418712,0.0,0.0,0.0,33.47222013003985
175,2013-08-31,32.52535935199908,17.57874651274672,42.45089998619951,32.52535935199908,32.52535935199908,-2.225123951925006,-2.225123951925006,-2.225123951925006,-2.225123951925006,-2.225123951925006,-2.225123951925006,0.0,0.0,0.0,30.300235400074072
176,2013-09-30,32.440909384516274,18.736417560656797,42.332231849143724,32.440909384516274,32.440909384516274,-1.8519338850537064,-1.8519338850537064,-1.8519338850537064,-1.8519338850537064,-1.8519338850537064,-1.8519338850537064,0.0,0.0,0.0,30.588975499462567
177,2013-10-31,32.353644418117376,19.793180412469248,42.89306857223987,32.353644418117376,32.353644418117376,-0.2182935830591485,-0.2182935830591485,-0.2182935830591485,-0.2182935830591485,-0.2182935830591485,-0.2182935830591485,0.0,0.0,0.0,32.135350835058226
178,2013-11-30,32.269194450634565,23.864736714797186,47.86933660404409,32.269194450634565,32.269194450634565,3.3127618964457164,3.3127618964457164,3.3127618964457164,3.3127618964457164,3.3127618964457164,3.3127618964457164,0.0,0.0,0.0,35.58195634708028
179,2013-12-31,32.18192948423567,22.032212969528057,45.502260644150624,32.18192948423567,32.18192948423567,1.353191083143404,1.353191083143404,1.353191083143404,1.353191083143404,1.353191083143404,1.353191083143404,0.0,0.0,0.0,33.53512056737907
180,2014-01-31,32.09466451783676,21.69734193626687,44.219960834445146,32.09466451783676,32.09466451783676,0.9755851495173967,0.9755851495173967,0.9755851495173967,0.9755851495173967,0.9755851495173967,0.9755851495173967,0.0,0.0,0.0,33.07024966735416
181,2014-02-28,32.01584454818615,21.230796990104373,46.09062240995361,32.01584454818615,32.01584454818615,1.7922096504352674,1.7922096504352674,1.7922096504352674,1.7922096504352674,1.7922096504352674,1.7922096504352674,0.0,0.0,0.0,33.80805419862142
182,2014-03-31,31.928579581787254,19.46953630746007,44.640812148183564,31.928579581787254,31.928579581787254,0.6040719460855994,0.6040719460855994,0.6040719460855994,0.6040719460855994,0.6040719460855994,0.6040719460855994,0.0,0.0,0.0,32.53265152787285
183,2014-04-30,31.84904441404029,17.57785298479538,41.54664909276687,31.84904441404029,31.84904441404029,-2.3061248726954178,-2.3061248726954178,-2.3061248726954178,-2.3061248726954178,-2.3061248726954178,-2.3061248726954178,0.0,0.0,0.0,29.542919541344872
184,2014-05-31,31.766858074035095,18.67242799913679,42.92956651456199,31.766858074035095,31.766858074035095,-1.5969503318076848,-1.5969503318076848,-1.5969503318076848,-1.5969503318076848,-1.5969503318076848,-1.5969503318076848,0.0,0.0,0.0,30.169907742227412
185,2014-06-30,31.687322906288127,21.210869121965086,45.346416748679616,31.687322906288127,31.687322906288127,1.555563664361988,1.555563664361988,1.555563664361988,1.555563664361988,1.555563664361988,1.555563664361988,0.0,0.0,0.0,33.242886570650114
186,2014-07-31,31.60513656628293,20.23683105431054,44.84197333151172,31.60513656628293,31.60513656628293,0.8509880086024668,0.8509880086024668,0.8509880086024668,0.8509880086024668,0.8509880086024668,0.8509880086024668,0.0,0.0,0.0,32.45612457488539
187,2014-08-31,31.52295022627773,17.95200703295516,40.521404451247605,31.52295022627773,31.52295022627773,-2.245721857448422,-2.245721857448422,-2.245721857448422,-2.245721857448422,-2.245721857448422,-2.245721857448422,0.0,0.0,0.0,29.277228368829306
188,2014-09-30,31.443415058530764,17.496015953869417,41.0201511052861,31.443415058530764,31.443415058530764,-1.778891878724791,-1.778891878724791,-1.778891878724791,-1.778891878724791,-1.778891878724791,-1.778891878724791,0.0,0.0,0.0,29.664523179805972
189,2014-10-31,31.361228718525574,18.993734514170146,43.10483110279707,31.361228718525574,31.361228718525574,-0.3446120321874216,-0.3446120321874216,-0.3446120321874216,-0.3446120321874216,-0.3446120321874216,-0.3446120321874216,0.0,0.0,0.0,31.016616686338153
190,2014-11-30,31.281693550778602,23.565308555459097,46.10560693805234,31.281693550778602,31.281693550778602,3.7201691375242634,3.7201691375242634,3.7201691375242634,3.7201691375242634,3.7201691375242634,3.7201691375242634,0.0,0.0,0.0,35.001862688302865
191,2014-12-31,31.199507210773408,20.678515312184636,43.69359638212163,31.199507210773408,31.199507210773408,1.1656278899003392,1.1656278899003392,1.1656278899003392,1.1656278899003392,1.1656278899003392,1.1656278899003392,0.0,0.0,0.0,32.36513510067375
192,2015-01-31,31.119241585195528,20.751465094770786,43.56428296396288,31.119241585195528,31.119241585195528,0.7388342795553557,0.7388342795553557,0.7388342795553557,0.7388342795553557,0.7388342795553557,0.7388342795553557,0.0,0.0,0.0,31.858075864750884
193,2015-02-28,31.046743600802596,21.16641908386319,45.47561559251967,31.046743600802596,31.046743600802596,1.7965834574963129,1.7965834574963129,1.7965834574963129,1.7965834574963129,1.7965834574963129,1.7965834574963129,0.0,0.0,0.0,32.84332705829891
194,2015-03-31,30.96647797522471,20.126168677184236,43.3932045881531,30.96647797522471,30.96647797522471,0.7392152139217062,0.7392152139217062,0.7392152139217062,0.7392152139217062,0.7392152139217062,0.7392152139217062,0.0,0.0,0.0,31.705693189146416
195,2015-04-30,30.888801563375146,16.662274813574733,40.68887910627484,30.888801563375146,30.888801563375146,-2.0693388996708437,-2.0693388996708437,-2.0693388996708437,-2.0693388996708437,-2.0693388996708437,-2.0693388996708437,0.0,0.0,0.0,28.819462663704304
196,2015-05-31,30.808535937797263,18.145573416459367,41.33467444087995,30.808535937797263,30.808535937797263,-1.6553048047310306,-1.6553048047310306,-1.6553048047310306,-1.6553048047310306,-1.6553048047310306,-1.6553048047310306,0.0,0.0,0.0,29.15323113306623
197,2015-06-30,30.7308595259477,19.503320034325952,44.00332418282116,30.7308595259477,30.7308595259477,1.3515528229125926,1.3515528229125926,1.3515528229125926,1.3515528229125926,1.3515528229125926,1.3515528229125926,0.0,0.0,0.0,32.082412348860295
198,2015-07-31,30.65059390036982,19.049597981460177,43.29828959493081,30.65059390036982,30.65059390036982,0.8447036869518887,0.8447036869518887,0.8447036869518887,0.8447036869518887,0.8447036869518887,0.8447036869518887,0.0,0.0,0.0,31.49529758732171
199,2015-08-31,30.570328274791937,16.226111855715793,40.70065038886868,30.570328274791937,30.570328274791937,-2.2630912764418007,-2.2630912764418007,-2.2630912764418007,-2.2630912764418007,-2.2630912764418007,-2.2630912764418007,0.0,0.0,0.0,28.307236998350135
200,2015-09-30,30.49265186294237,17.133334307913618,39.587347595468906,30.49265186294237,30.49265186294237,-1.704670934049929,-1.704670934049929,-1.704670934049929,-1.704670934049929,-1.704670934049929,-1.704670934049929,0.0,0.0,0.0,28.78798092889244
201,2015-10-31,30.412386237364483,18.424944916543478,42.3866261146624,30.412386237364483,30.412386237364483,-0.46685052851709424,-0.46685052851709424,-0.46685052851709424,-0.46685052851709424,-0.46685052851709424,-0.46685052851709424,0.0,0.0,0.0,29.945535708847387
202,2015-11-30,30.33507884260072,22.35826113281572,46.39955655153364,30.33507884260072,30.33507884260072,4.122899682767636,4.122899682767636,4.122899682767636,4.122899682767636,4.122899682767636,4.122899682767636,0.0,0.0,0.0,34.457978525368354
203,2015-12-31,30.25519453467816,18.50321552706365,43.22810735126201,30.25519453467816,30.25519453467816,0.9690408842285908,0.9690408842285908,0.9690408842285908,0.9690408842285908,0.9690408842285908,0.9690408842285908,0.0,0.0,0.0,31.22423541890675
204,2016-01-31,30.175310226755602,18.27243889675583,42.359374670161486,30.175310226755602,30.175310226755602,0.5030415215227096,0.5030415215227096,0.5030415215227096,0.5030415215227096,0.5030415215227096,0.5030415215227096,0.0,0.0,0.0,30.678351748278313
205,2016-02-29,30.100579745150625,20.173556686367306,43.69603756934844,30.100579745150625,30.100579745150625,1.8018388000887218,1.8018388000887218,1.8018388000887218,1.8018388000887218,1.8018388000887218,1.8018388000887218,0.0,0.0,0.0,31.902418545239346
206,2016-03-31,30.02069543722807,18.26873386948907,42.72856951449595,30.02069543722807,30.02069543722807,0.3463793696452112,0.3463793696452112,0.3463793696452112,0.3463793696452112,0.3463793696452112,0.3463793696452112,0.0,0.0,0.0,30.367074806873283
207,2016-04-30,29.943388042464306,15.139902550353318,39.40016763110465,29.943388042464306,29.943388042464306,-2.787499781688137,-2.787499781688137,-2.787499781688137,-2.787499781688137,-2.787499781688137,-2.787499781688137,0.0,0.0,0.0,27.15588826077617
208,2016-05-31,29.86350373454175,17.056405619214235,40.216416946772874,29.86350373454175,29.86350373454175,-1.5001195862592829,-1.5001195862592829,-1.5001195862592829,-1.5001195862592829,-1.5001195862592829,-1.5001195862592829,0.0,0.0,0.0,28.363384148282467
209,2016-06-30,29.786196339777987,19.708655362507507,44.06456797893599,29.786196339777987,29.786196339777987,1.9587300133469094,1.9587300133469094,1.9587300133469094,1.9587300133469094,1.9587300133469094,1.9587300133469094,0.0,0.0,0.0,31.744926353124896
210,2016-07-31,29.706312031855422,19.04016540784338,42.931755206514744,29.706312031855422,29.706312031855422,0.8704158161787444,0.8704158161787444,0.8704158161787444,0.8704158161787444,0.8704158161787444,0.8704158161787444,0.0,0.0,0.0,30.576727848034167
211,2016-08-31,29.626797274074008,15.672607846276382,40.74098930205505,29.626797274074008,29.626797274074008,-2.2013376818871135,-2.2013376818871135,-2.2013376818871135,-2.2013376818871135,-2.2013376818871135,-2.2013376818871135,0.0,0.0,0.0,27.425459592186893
212,2016-09-30,29.549847508479093,15.36820035900951,39.880066540602066,29.549847508479093,29.549847508479093,-1.9237189539060102,-1.9237189539060102,-1.9237189539060102,-1.9237189539060102,-1.9237189539060102,-1.9237189539060102,0.0,0.0,0.0,27.626128554573082
213,2016-10-31,29.47033275069768,17.647969639511285,41.25212562246405,29.47033275069768,29.47033275069768,-0.08786607608417434,-0.08786607608417434,-0.08786607608417434,-0.08786607608417434,-0.08786607608417434,-0.08786607608417434,0.0,0.0,0.0,29.382466674613504
214,2016-11-30,29.393382985102765,20.99405428610839,44.00282271414131,29.393382985102765,29.393382985102765,2.901084286658731,2.901084286658731,2.901084286658731,2.901084286658731,2.901084286658731,2.901084286658731,0.0,0.0,0.0,32.2944672717615
215,2016-12-31,29.313868227321354,17.55172077339754,42.63173957630189,29.313868227321354,29.313868227321354,1.5315345736345476,1.5315345736345476,1.5315345736345476,1.5315345736345476,1.5315345736345476,1.5315345736345476,0.0,0.0,0.0,30.845402800955902
216,2017-01-31,29.234353469539943,17.695297291523858,43.161548912968414,29.234353469539943,29.234353469539943,1.2129451783548235,1.2129451783548235,1.2129451783548235,1.2129451783548235,1.2129451783548235,1.2129451783548235,0.0,0.0,0.0,30.447298647894765
217,2017-02-28,29.16253368831802,19.352953788743985,43.38297332173752,29.16253368831802,29.16253368831802,1.793966806517892,1.793966806517892,1.793966806517892,1.793966806517892,1.793966806517892,1.793966806517892,0.0,0.0,0.0,30.956500494835915
218,2017-03-31,29.08301893053661,17.365073582004626,41.93091773214749,29.08301893053661,29.08301893053661,0.473061102006893,0.473061102006893,0.473061102006893,0.473061102006893,0.473061102006893,0.473061102006893,0.0,0.0,0.0,29.556080032543502
219,2017-04-30,29.006069164941692,13.884214084728145,38.804157247836066,29.006069164941692,29.006069164941692,-2.5456120566526788,-2.5456120566526788,-2.5456120566526788,-2.5456120566526788,-2.5456120566526788,-2.5456120566526788,0.0,0.0,0.0,26.460457108289013
220,2017-05-31,28.926554407160282,15.864047865694383,39.383198905426404,28.926554407160282,28.926554407160282,-1.5452182721921188,-1.5452182721921188,-1.5452182721921188,-1.5452182721921188,-1.5452182721921188,-1.5452182721921188,0.0,0.0,0.0,27.381336134968162
221,2017-06-30,28.849866788322277,19.227496368355066,42.985273256568625,28.849866788322277,28.849866788322277,1.7580395706779366,1.7580395706779366,1.7580395706779366,1.7580395706779366,1.7580395706779366,1.7580395706779366,0.0,0.0,0.0,30.607906359000214
222,2017-07-31,28.770622915523013,17.657484136422724,41.73432254645411,28.770622915523013,28.770622915523013,0.8595958116416937,0.8595958116416937,0.8595958116416937,0.8595958116416937,0.8595958116416937,0.8595958116416937,0.0,0.0,0.0,29.630218727164706
223,2017-08-31,28.691379042723735,14.62901850491349,38.62119329706701,28.691379042723735,28.691379042723735,-2.225123951924268,-2.225123951924268,-2.225123951924268,-2.225123951924268,-2.225123951924268,-2.225123951924268,0.0,0.0,0.0,26.466255090799468
224,2017-09-30,28.61469142388573,15.426846622825416,39.04811859886758,28.61469142388573,28.61469142388573,-1.8519338850537164,-1.8519338850537164,-1.8519338850537164,-1.8519338850537164,-1.8519338850537164,-1.8519338850537164,0.0,0.0,0.0,26.762757538832012
225,2017-10-31,28.53544755108646,16.271045574249214,40.99978960386326,28.53544755108646,28.53544755108646,-0.218293583058931,-0.218293583058931,-0.218293583058931,-0.218293583058931,-0.218293583058931,-0.218293583058931,0.0,0.0,0.0,28.31715396802753
226,2017-11-30,28.458759932248455,19.386827821660223,44.08802716773362,28.458759932248455,28.458759932248455,3.3127618964459473,3.3127618964459473,3.3127618964459473,3.3127618964459473,3.3127618964459473,3.3127618964459473,0.0,0.0,0.0,31.771521828694404
227,2017-12-31,28.379516059449184,18.1578114603888,41.38449426209041,28.379516059449184,28.379516059449184,1.3531910831432323,1.3531910831432323,1.3531910831432323,1.3531910831432323,1.3531910831432323,1.3531910831432323,0.0,0.0,0.0,29.732707142592417
228,2018-01-31,28.300272186649913,18.093004497467728,40.54296478170621,28.300272186649913,28.300272186649913,0.9755851495180383,0.9755851495180383,0.9755851495180383,0.9755851495180383,0.9755851495180383,0.9755851495180383,0.0,0.0,0.0,29.275857336167952
229,2018-02-28,28.22869707573445,17.36538372151181,42.06542699958072,28.22869707573445,28.22869707573445,1.7922096504343539,1.7922096504343539,1.7922096504343539,1.7922096504343539,1.7922096504343539,1.7922096504343539,0.0,0.0,0.0,30.020906726168803
230,2018-03-31,28.14962805633141,17.108976621565073,40.083911476576375,28.14962805633141,28.14962805633141,0.6040719460849334,0.6040719460849334,0.6040719460849334,0.6040719460849334,0.6040719460849334,0.6040719460849334,0.0,0.0,0.0,28.75370000241634
231,2018-04-30,28.0731096504575,13.557156684885934,38.34970593204263,28.0731096504575,28.0731096504575,-2.3061248726950185,-2.3061248726950185,-2.3061248726950185,-2.3061248726950185,-2.3061248726950185,-2.3061248726950185,0.0,0.0,0.0,25.76698477776248
232,2018-05-31,27.994040631054457,14.421240409013237,38.342801391194136,27.994040631054457,27.994040631054457,-1.5969503318080718,-1.5969503318080718,-1.5969503318080718,-1.5969503318080718,-1.5969503318080718,-1.5969503318080718,0.0,0.0,0.0,26.397090299246386
233,2018-06-30,27.917522225180544,17.142531240267026,40.697967505912956,27.917522225180544,27.917522225180544,1.5555636643622863,1.5555636643622863,1.5555636643622863,1.5555636643622863,1.5555636643622863,1.5555636643622863,0.0,0.0,0.0,29.47308588954283
234,2018-07-31,27.838453205777505,16.112752378947807,40.933875136288435,27.838453205777505,27.838453205777505,0.8509880086015731,0.8509880086015731,0.8509880086015731,0.8509880086015731,0.8509880086015731,0.8509880086015731,0.0,0.0,0.0,28.689441214379077
235,2018-08-31,27.759384186374472,13.079598134840678,38.40982711795653,27.759384186374472,27.759384186374472,-2.245721857448301,-2.245721857448301,-2.245721857448301,-2.245721857448301,-2.245721857448301,-2.245721857448301,0.0,0.0,0.0,25.51366232892617
236,2018-09-30,27.68286578050056,13.713223038801384,38.27775164483832,27.68286578050056,27.68286578050056,-1.778891878724125,-1.778891878724125,-1.778891878724125,-1.778891878724125,-1.778891878724125,-1.778891878724125,0.0,0.0,0.0,25.903973901776435
237,2018-10-31,27.60379676109752,15.626119380582436,39.846222738816444,27.60379676109752,27.60379676109752,-0.34461203218729264,-0.34461203218729264,-0.34461203218729264,-0.34461203218729264,-0.34461203218729264,-0.34461203218729264,0.0,0.0,0.0,27.259184728910228
238,2018-11-30,27.527278355223615,18.56915240994456,42.73722664970068,27.527278355223615,27.527278355223615,3.7201691375249535,3.7201691375249535,3.7201691375249535,3.7201691375249535,3.7201691375249535,3.7201691375249535,0.0,0.0,0.0,31.24744749274857
239,2018-12-31,27.448209335820565,16.48309091701814,40.53135942530926,27.448209335820565,27.448209335820565,1.165627889899814,1.165627889899814,1.165627889899814,1.165627889899814,1.165627889899814,1.165627889899814,0.0,0.0,0.0,28.613837225720378
240,2019-01-31,27.36914164466642,16.72533164650413,40.980397211234816,27.36914164466642,27.36914164466642,0.7388342795540861,0.7388342795540861,0.7388342795540861,0.7388342795540861,0.7388342795540861,0.7388342795540861,0.0,0.0,0.0,28.107975924220508
241,2019-02-28,27.29772566555945,16.329891757060498,40.8166991004617,27.29772566555945,27.29772566555945,1.7965834574956014,1.7965834574956014,1.7965834574956014,1.7965834574956014,1.7965834574956014,1.7965834574956014,0.0,0.0,0.0,29.09430912305505
242,2019-03-31,27.21865797440531,15.830911236638876,39.55800993469282,27.21865797440531,27.21865797440531,0.7392152139219976,0.7392152139219976,0.7392152139219976,0.7392152139219976,0.7392152139219976,0.7392152139219976,0.0,0.0,0.0,27.95787318832731
243,2019-04-30,27.142140853933554,12.702920692177601,37.207495043230296,27.142140853933554,27.142140853933554,-2.069338899671133,-2.069338899671133,-2.069338899671133,-2.069338899671133,-2.069338899671133,-2.069338899671133,0.0,0.0,0.0,25.07280195426242
244,2019-05-31,27.063073162779407,13.021899383506478,37.83641276558784,27.063073162779407,27.063073162779407,-1.6553048047316288,-1.6553048047316288,-1.6553048047316288,-1.6553048047316288,-1.6553048047316288,-1.6553048047316288,0.0,0.0,0.0,25.40776835804778
245,2019-06-30,26.98655604230765,16.051995820667656,41.15014640063441,26.98655604230765,26.98655604230765,1.3515528229144518,1.3515528229144518,1.3515528229144518,1.3515528229144518,1.3515528229144518,1.3515528229144518,0.0,0.0,0.0,28.338108865222104
246,2019-07-31,26.907488351153507,16.213735582069795,39.78913266669672,26.907488351153507,26.907488351153507,0.8447036869518452,0.8447036869518452,0.8447036869518452,0.8447036869518452,0.8447036869518452,0.8447036869518452,0.0,0.0,0.0,27.752192038105353
247,2019-08-31,26.828420659999363,12.756546658219042,36.787356913467555,26.828420659999363,26.828420659999363,-2.263091276442511,-2.263091276442511,-2.263091276442511,-2.263091276442511,-2.263091276442511,-2.263091276442511,0.0,0.0,0.0,24.56532938355685
248,2019-09-30,26.751903539527607,13.137689328745552,36.77933377746412,26.751903539527607,26.751903539527607,-1.7046709340479596,-1.7046709340479596,-1.7046709340479596,-1.7046709340479596,-1.7046709340479596,-1.7046709340479596,0.0,0.0,0.0,25.047232605479646
249,2019-10-31,26.67283584837346,13.91612246133193,38.151938851218674,26.67283584837346,26.67283584837346,-0.4668505285169885,-0.4668505285169885,-0.4668505285169885,-0.4668505285169885,-0.4668505285169885,-0.4668505285169885,0.0,0.0,0.0,26.20598531985647
250,2019-11-30,26.596318727901703,18.407200801125867,42.88253497044301,26.596318727901703,26.596318727901703,4.122899682767414,4.122899682767414,4.122899682767414,4.122899682767414,4.122899682767414,4.122899682767414,0.0,0.0,0.0,30.719218410669118
251,2019-12-31,26.517251036747563,15.444337105917999,38.99925523266185,26.517251036747563,26.517251036747563,0.9690408842301174,0.9690408842301174,0.9690408842301174,0.9690408842301174,0.9690408842301174,0.9690408842301174,0.0,0.0,0.0,27.48629192097768
252,2020-01-31,26.438183345593416,14.554812584958027,38.85014905082328,26.438183345593416,26.438183345593416,0.5030415215214556,0.5030415215214556,0.5030415215214556,0.5030415215214556,0.5030415215214556,0.5030415215214556,0.0,0.0,0.0,26.941224867114872
253,2020-02-29,26.364216795804058,16.378209925289223,40.94442832199884,26.364216795804058,26.364216795804058,1.801838800088184,1.801838800088184,1.801838800088184,1.801838800088184,1.801838800088184,1.801838800088184,0.0,0.0,0.0,28.166055595892242
254,2020-03-31,26.285149104649914,15.097597694874347,38.01456182373719,26.285149104649914,26.285149104649914,0.34637936964428534,0.34637936964428534,0.34637936964428534,0.34637936964428534,0.34637936964428534,0.34637936964428534,0.0,0.0,0.0,26.6315284742942
255,2020-04-30,26.208631984178158,11.47029644531502,35.03522329992727,26.208631984178158,26.208631984178158,-2.787499781690493,-2.787499781690493,-2.787499781690493,-2.787499781690493,-2.787499781690493,-2.787499781690493,0.0,0.0,0.0,23.421132202487666
256,2020-05-31,26.12956429302401,12.645198149705482,36.07506058493156,26.12956429302401,26.12956429302401,-1.5001195862594419,-1.5001195862594419,-1.5001195862594419,-1.5001195862594419,-1.5001195862594419,-1.5001195862594419,0.0,0.0,0.0,24.62944470676457
257,2020-06-30,26.053047172552255,15.607554789154111,41.262393673198964,26.053047172552255,26.053047172552255,1.958730013348262,1.958730013348262,1.958730013348262,1.958730013348262,1.958730013348262,1.958730013348262,0.0,0.0,0.0,28.011777185900517
258,2020-07-31,25.97397948139811,14.7175958528983,39.08110134680437,25.97397948139811,25.97397948139811,0.8704158161792559,0.8704158161792559,0.8704158161792559,0.8704158161792559,0.8704158161792559,0.8704158161792559,0.0,0.0,0.0,26.844395297577368
259,2020-08-31,25.894911790243967,11.348834427036323,35.26896008456274,25.894911790243967,25.894911790243967,-2.2013376818877584,-2.2013376818877584,-2.2013376818877584,-2.2013376818877584,-2.2013376818877584,-2.2013376818877584,0.0,0.0,0.0,23.69357410835621
260,2020-09-30,25.81839466977221,12.633244135150074,36.299156282271944,25.81839466977221,25.81839466977221,-1.9237189539059167,-1.9237189539059167,-1.9237189539059167,-1.9237189539059167,-1.9237189539059167,-1.9237189539059167,0.0,0.0,0.0,23.894675715866295
261,2020-10-31,25.739326978618063,13.195597519920643,37.67952878092517,25.739326978618063,25.739326978618063,-0.0878660760863368,-0.0878660760863368,-0.0878660760863368,-0.0878660760863368,-0.0878660760863368,-0.0878660760863368,0.0,0.0,0.0,25.651460902531728
262,2020-11-30,25.662809858146314,16.51172144281329,41.578147458574904,25.662809858146314,25.662809858146314,2.9010842866585356,2.9010842866585356,2.9010842866585356,2.9010842866585356,2.9010842866585356,2.9010842866585356,0.0,0.0,0.0,28.56389414480485
263,2020-12-31,25.583742166992167,14.844761693062603,39.39178092602834,25.583742166992167,25.583742166992167,1.5315345736343045,1.5315345736343045,1.5315345736343045,1.5315345736343045,1.5315345736343045,1.5315345736343045,0.0,0.0,0.0,27.11527674062647
264,2021-01-31,25.50467447583802,15.35168927203962,38.66059231076842,25.50467447583802,25.50467447583802,1.2129451783535663,1.2129451783535663,1.2129451783535663,1.2129451783535663,1.2129451783535663,1.2129451783535663,0.0,0.0,0.0,26.717619654191587
265,2021-02-28,25.433258496731053,15.132443964833694,39.827560051683804,25.433258496731053,25.433258496731053,1.7939668065191563,1.7939668065191563,1.7939668065191563,1.7939668065191563,1.7939668065191563,1.7939668065191563,0.0,0.0,0.0,27.227225303250208
266,2021-03-31,25.354190805576906,14.325948025201102,37.714657770546125,25.354190805576906,25.354190805576906,0.4730611020063311,0.4730611020063311,0.4730611020063311,0.4730611020063311,0.4730611020063311,0.4730611020063311,0.0,0.0,0.0,25.827251907583236
267,2021-04-30,25.27767368510515,10.76004904329565,34.991539867980755,25.27767368510515,25.27767368510515,-2.545612056655547,-2.545612056655547,-2.545612056655547,-2.545612056655547,-2.545612056655547,-2.545612056655547,0.0,0.0,0.0,22.732061628449603
268,2021-05-31,25.198605993951006,12.25482906326193,35.19357845501301,25.198605993951006,25.198605993951006,-1.545218272192591,-1.545218272192591,-1.545218272192591,-1.545218272192591,-1.545218272192591,-1.545218272192591,0.0,0.0,0.0,23.653387721758413
269,2021-06-30,25.122088873479253,14.951123583348997,38.35472443352125,25.122088873479253,25.122088873479253,1.7580395706766165,1.7580395706766165,1.7580395706766165,1.7580395706766165,1.7580395706766165,1.7580395706766165,0.0,0.0,0.0,26.88012844415587
270,2021-07-31,25.04302118232511,14.791765684479513,37.245744209619154,25.04302118232511,25.04302118232511,0.8595958116416099,0.8595958116416099,0.8595958116416099,0.8595958116416099,0.8595958116416099,0.8595958116416099,0.0,0.0,0.0,25.90261699396672
271,2021-08-31,24.963953491170958,10.380556961350717,34.94323180711954,24.963953491170958,24.963953491170958,-2.2251239519241297,-2.2251239519241297,-2.2251239519241297,-2.2251239519241297,-2.2251239519241297,-2.2251239519241297,0.0,0.0,0.0,22.73882953924683
272,2021-09-30,24.88743637069921,12.199536636479976,35.90154226847951,24.88743637069921,24.88743637069921,-1.8519338850538758,-1.8519338850538758,-1.8519338850538758,-1.8519338850538758,-1.8519338850538758,-1.8519338850538758,0.0,0.0,0.0,23.035502485645335
273,2021-10-31,24.80836867954506,12.148327123601353,36.092913312624994,24.80836867954506,24.80836867954506,-0.2182935830601411,-0.2182935830601411,-0.2182935830601411,-0.2182935830601411,-0.2182935830601411,-0.2182935830601411,0.0,0.0,0.0,24.59007509648492
274,2021-11-30,24.731851559073306,15.761365308233282,39.94463162707313,24.731851559073306,24.731851559073306,3.3127618964456755,3.3127618964456755,3.3127618964456755,3.3127618964456755,3.3127618964456755,3.3127618964456755,0.0,0.0,0.0,28.04461345551898
275,2021-12-31,24.65278386791916,14.307101720209568,38.27449830308643,24.65278386791916,24.65278386791916,1.3531910831428737,1.3531910831428737,1.3531910831428737,1.3531910831428737,1.3531910831428737,1.3531910831428737,0.0,0.0,0.0,26.005974951062036
276,2022-01-31,24.573716176765018,13.431513976077206,38.21434948074482,24.573716176765018,24.573716176765018,0.9755851495172816,0.9755851495172816,0.9755851495172816,0.9755851495172816,0.9755851495172816,0.9755851495172816,0.0,0.0,0.0,25.5493013262823
277,2022-02-28,24.502300197658045,14.868047386576764,38.924712326923945,24.502300197658045,24.502300197658045,1.7922096504351088,1.7922096504351088,1.7922096504351088,1.7922096504351088,1.7922096504351088,1.7922096504351088,0.0,0.0,0.0,26.294509848093153
278,2022-03-31,24.4232325065039,13.203168379624085,36.41596248687695,24.4232325065039,24.4232325065039,0.6040719460857328,0.6040719460857328,0.6040719460857328,0.6040719460857328,0.6040719460857328,0.6040719460857328,0.0,0.0,0.0,25.027304452589632
279,2022-04-30,24.346715386032148,9.5219393713507,33.46393300316738,24.346715386032148,24.346715386032148,-2.3061248726960044,-2.3061248726960044,-2.3061248726960044,-2.3061248726960044,-2.3061248726960044,-2.3061248726960044,0.0,0.0,0.0,22.040590513336145
280,2022-05-31,24.267647694877997,10.975211720933327,34.92878066571889,24.267647694877997,24.267647694877997,-1.5969503318087197,-1.5969503318087197,-1.5969503318087197,-1.5969503318087197,-1.5969503318087197,-1.5969503318087197,0.0,0.0,0.0,22.670697363069277
281,2022-06-30,24.191130574406248,14.77052601737623,38.55387295966188,24.191130574406248,24.191130574406248,1.5555636643611916,1.5555636643611916,1.5555636643611916,1.5555636643611916,1.5555636643611916,1.5555636643611916,0.0,0.0,0.0,25.74669423876744
282,2022-07-31,24.112062883252104,13.479460923112349,37.49667813506986,24.112062883252104,24.112062883252104,0.8509880086035316,0.8509880086035316,0.8509880086035316,0.8509880086035316,0.8509880086035316,0.8509880086035316,0.0,0.0,0.0,24.963050891855637
283,2022-08-31,24.032995192097957,9.731355539291958,34.473021165647346,24.032995192097957,24.032995192097957,-2.245721857447172,-2.245721857447172,-2.245721857447172,-2.245721857447172,-2.245721857447172,-2.245721857447172,0.0,0.0,0.0,21.787273334650784
284,2022-09-30,23.9564780716262,10.419969917293734,34.626247111558804,23.9564780716262,23.9564780716262,-1.7788918787248873,-1.7788918787248873,-1.7788918787248873,-1.7788918787248873,-1.7788918787248873,-1.7788918787248873,0.0,0.0,0.0,22.177586192901313
285,2022-10-31,23.877410380472057,11.703364677092614,34.98474116190041,23.877410380472057,23.877410380472057,-0.3446120321868473,-0.3446120321868473,-0.3446120321868473,-0.3446120321868473,-0.3446120321868473,-0.3446120321868473,0.0,0.0,0.0,23.53279834828521
286,2022-11-30,23.800893260000304,15.34535455087094,38.585888989770346,23.800893260000304,23.800893260000304,3.7201691375237047,3.7201691375237047,3.7201691375237047,3.7201691375237047,3.7201691375237047,3.7201691375237047,0.0,0.0,0.0,27.52106239752401
287,2022-12-31,23.721825568846157,12.211760163656136,36.92047494547625,23.721825568846157,23.721825568846157,1.1656278898995613,1.1656278898995613,1.1656278898995613,1.1656278898995613,1.1656278898995613,1.1656278898995613,0.0,0.0,0.0,24.887453458745718
288,2023-01-31,23.642757877692013,13.245063607648984,37.12469194399861,23.642757877692013,23.642757877692013,0.7388342795553016,0.7388342795553016,0.7388342795553016,0.7388342795553016,0.7388342795553016,0.7388342795553016,0.0,0.0,0.0,24.381592157247315
289,2023-02-28,23.571341898585043,13.364170100820076,37.87482301352953,23.571341898585043,23.571341898585043,1.79658345749679,1.79658345749679,1.79658345749679,1.79658345749679,1.79658345749679,1.79658345749679,0.0,0.0,0.0,25.367925356081834
290,2023-03-31,23.4922742074309,12.058906293630262,36.7935677007762,23.4922742074309,23.4922742074309,0.7392152139227983,0.7392152139227983,0.7392152139227983,0.7392152139227983,0.7392152139227983,0.7392152139227983,0.0,0.0,0.0,24.231489421353697
291,2023-04-30,23.415757086959143,9.070686817045576,32.66324131884728,23.415757086959143,23.415757086959143,-2.069338899670083,-2.069338899670083,-2.069338899670083,-2.069338899670083,-2.069338899670083,-2.069338899670083,0.0,0.0,0.0,21.34641818728906
292,2023-05-31,23.336689395804996,9.313129647437654,33.58344454252574,23.336689395804996,23.336689395804996,-1.6553048047310424,-1.6553048047310424,-1.6553048047310424,-1.6553048047310424,-1.6553048047310424,-1.6553048047310424,0.0,0.0,0.0,21.681384591073954
293,2023-06-30,23.260172275333243,12.26297925683246,36.56669282173607,23.260172275333243,23.260172275333243,1.3515528229133011,1.3515528229133011,1.3515528229133011,1.3515528229133011,1.3515528229133011,1.3515528229133011,0.0,0.0,0.0,24.611725098246545
294,2023-07-31,23.181104584179096,12.530865957700282,35.22246144489942,23.181104584179096,23.181104584179096,0.8447036869521357,0.8447036869521357,0.8447036869521357,0.8447036869521357,0.8447036869521357,0.8447036869521357,0.0,0.0,0.0,24.025808271131233
295,2023-08-31,23.102036893024955,8.820803796015408,33.830187548014706,23.102036893024955,23.102036893024955,-2.2630912764426068,-2.2630912764426068,-2.2630912764426068,-2.2630912764426068,-2.2630912764426068,-2.2630912764426068,0.0,0.0,0.0,20.83894561658235
296,2023-09-30,23.0255197725532,8.913392347311392,33.28976668798073,23.0255197725532,23.0255197725532,-1.7046709340473587,-1.7046709340473587,-1.7046709340473587,-1.7046709340473587,-1.7046709340473587,-1.7046709340473587,0.0,0.0,0.0,21.32084883850584
297,2023-10-31,22.946452081399055,10.369213284480521,34.90487271921432,22.946452081399055,22.946452081399055,-0.46685052851799314,-0.46685052851799314,-0.46685052851799314,-0.46685052851799314,-0.46685052851799314,-0.46685052851799314,0.0,0.0,0.0,22.47960155288106
298,2023-11-30,22.8699349609273,15.297669128948653,38.94143860726865,22.8699349609273,22.8699349609273,4.122899682767188,4.122899682767188,4.122899682767188,4.122899682767188,4.122899682767188,4.122899682767188,0.0,0.0,0.0,26.992834643694486
299,2023-12-31,22.790867269773152,11.340302392321941,34.393057969649675,22.790867269773152,22.790867269773152,0.969040884230275,0.969040884230275,0.969040884230275,0.969040884230275,0.969040884230275,0.969040884230275,0.0,0.0,0.0,23.759908154003426
300,2024-01-01,22.78831669909076,12.556030742173231,36.06013320166375,22.78831669909076,22.78831669909076,1.7004785435392962,1.7004785435392962,1.7004785435392962,1.7004785435392962,1.7004785435392962,1.7004785435392962,0.0,0.0,0.0,24.488795242630058
301,2024-01-02,22.78576612840837,12.573760055090805,36.55576217242268,22.78576612840837,22.78576612840837,2.279237757440933,2.279237757440933,2.279237757440933,2.279237757440933,2.279237757440933,2.279237757440933,0.0,0.0,0.0,25.0650038858493
302,2024-01-03,22.783215557725978,12.73732015434236,36.87756745047268,22.783215557725978,22.783215557725978,2.697533863738898,2.697533863738898,2.697533863738898,2.697533863738898,2.697533863738898,2.697533863738898,0.0,0.0,0.0,25.480749421464875
303,2024-01-04,22.78066498704359,13.017729828061864,36.62121173113221,22.78066498704359,22.78066498704359,2.951934641842497,2.951934641842497,2.951934641842497,2.951934641842497,2.951934641842497,2.951934641842497,0.0,0.0,0.0,25.732599628886085
304,2024-01-05,22.778114416361195,13.96279829311529,38.91482340589318,22.778114416361195,22.778114416361195,3.043389159014933,3.043389159014933,3.043389159014933,3.043389159014933,3.043389159014933,3.043389159014933,0.0,0.0,0.0,25.821503575376127
305,2024-01-06,22.7755638456788,13.322681770483127,37.75706743461824,22.7755638456788,22.7755638456788,2.9771430011918385,2.9771430011918385,2.9771430011918385,2.9771430011918385,2.9771430011918385,2.9771430011918385,0.0,0.0,0.0,25.752706846870637
306,2024-01-07,22.77301327499641,13.844408163456007,37.60840223187468,22.77301327499641,22.77301327499641,2.7625425657150315,2.7625425657150315,2.7625425657150315,2.7625425657150315,2.7625425657150315,2.7625425657150315,0.0,0.0,0.0,25.53555584071144
307,2024-01-08,22.77046270431402,13.228113120462236,37.66127081160469,22.77046270431402,22.77046270431402,2.412734055216702,2.412734055216702,2.412734055216702,2.412734055216702,2.412734055216702,2.412734055216702,0.0,0.0,0.0,25.183196759530723
308,2024-01-09,22.76791213363163,11.970307943557712,36.35500091766175,22.76791213363163,22.76791213363163,1.9442656211065648,1.9442656211065648,1.9442656211065648,1.9442656211065648,1.9442656211065648,1.9442656211065648,0.0,0.0,0.0,24.712177754738192
309,2024-01-10,22.765361562949234,12.56789896206589,35.44617378519117,22.765361562949234,22.765361562949234,1.3766036840711775,1.3766036840711775,1.3766036840711775,1.3766036840711775,1.3766036840711775,1.3766036840711775,0.0,0.0,0.0,24.141965247020412
310,2024-01-11,22.762810992266846,10.987758340123838,35.14370021816519,22.762810992266846,22.762810992266846,0.7315767368915611,0.7315767368915611,0.7315767368915611,0.7315767368915611,0.7315767368915611,0.7315767368915611,0.0,0.0,0.0,23.494387729158408
311,2024-01-12,22.76026042158445,11.214158227531993,35.00481776376759,22.76026042158445,22.76026042158445,0.03276184840398423,0.03276184840398423,0.03276184840398423,0.03276184840398423,0.03276184840398423,0.03276184840398423,0.0,0.0,0.0,22.793022269988438
312,2024-01-13,22.75770985090206,10.68619790137504,33.50681785597813,22.75770985090206,22.75770985090206,-0.6951694159273505,-0.6951694159273505,-0.6951694159273505,-0.6951694159273505,-0.6951694159273505,-0.6951694159273505,0.0,0.0,0.0,22.06254043497471
313,2024-01-14,22.75515928021967,8.534856091365482,33.896630353346936,22.75515928021967,22.75515928021967,-1.4271279030377315,-1.4271279030377315,-1.4271279030377315,-1.4271279030377315,-1.4271279030377315,-1.4271279030377315,0.0,0.0,0.0,21.328031377181937
314,2024-01-15,22.752608709537277,9.130661941664362,32.6550042424384,22.752608709537277,22.752608709537277,-2.138288305772726,-2.138288305772726,-2.138288305772726,-2.138288305772726,-2.138288305772726,-2.138288305772726,0.0,0.0,0.0,20.61432040376455
315,2024-01-16,22.750058138854886,7.809014934001172,32.09378212999291,22.750058138854886,22.750058138854886,-2.8047567662058075,-2.8047567662058075,-2.8047567662058075,-2.8047567662058075,-2.8047567662058075,-2.8047567662058075,0.0,0.0,0.0,19.945301372649077
316,2024-01-17,22.74750756817249,7.79116194870895,31.19370911662601,22.74750756817249,22.74750756817249,-3.404206747601692,-3.404206747601692,-3.404206747601692,-3.404206747601692,-3.404206747601692,-3.404206747601692,0.0,0.0,0.0,19.3433008205708
317,2024-01-18,22.7449569974901,7.677453425636537,30.798253914585434,22.7449569974901,22.7449569974901,-3.9164662173577516,-3.9164662173577516,-3.9164662173577516,-3.9164662173577516,-3.9164662173577516,-3.9164662173577516,0.0,0.0,0.0,18.82849078013235
318,2024-01-19,22.74240642680771,6.238320845531891,30.040823370565732,22.74240642680771,22.74240642680771,-4.324040589965555,-4.324040589965555,-4.324040589965555,-4.324040589965555,-4.324040589965555,-4.324040589965555,0.0,0.0,0.0,18.418365836842156
319,2024-01-20,22.739855856125317,6.629221802418837,30.76596801188914,22.739855856125317,22.739855856125317,-4.612557709662827,-4.612557709662827,-4.612557709662827,-4.612557709662827,-4.612557709662827,-4.612557709662827,0.0,0.0,0.0,18.12729814646249
320,2024-01-21,22.737305285442925,5.4430462356688585,30.021196593211542,22.737305285442925,22.737305285442925,-4.77112335514657,-4.77112335514657,-4.77112335514657,-4.77112335514657,-4.77112335514657,-4.77112335514657,0.0,0.0,0.0,17.966181930296354
321,2024-01-22,22.73475471476053,6.2049144723786895,29.950626746262706,22.73475471476053,22.73475471476053,-4.792578262137521,-4.792578262137521,-4.792578262137521,-4.792578262137521,-4.792578262137521,-4.792578262137521,0.0,0.0,0.0,17.94217645262301
322,2024-01-23,22.732204144078146,5.482506043983686,30.48556855749439,22.732204144078146,22.732204144078146,-4.673650412858942,-4.673650412858942,-4.673650412858942,-4.673650412858942,-4.673650412858942,-4.673650412858942,0.0,0.0,0.0,18.058553731219206
323,2024-01-24,22.72965357339575,6.908002246687508,30.454362915948558,22.72965357339575,22.72965357339575,-4.414999257792617,-4.414999257792617,-4.414999257792617,-4.414999257792617,-4.414999257792617,-4.414999257792617,0.0,0.0,0.0,18.314654315603136
