,ds,trend,yhat_lower,yhat_upper,trend_lower,trend_upper,additive_terms,additive_terms_lower,additive_terms_upper,yearly,yearly_lower,yearly_upper,multiplicative_terms,multiplicative_terms_lower,multiplicative_terms_upper,yhat
0,2010-01-31,29.30196191666666,24.0251147487284,34.1469286911453,29.30196191666666,29.30196191666666,-0.3078945063122062,-0.3078945063122062,-0.3078945063122062,-0.3078945063122062,-0.3078945063122062,-0.3078945063122062,0.0,0.0,0.0,28.994067410354454
1,2010-02-28,29.205883007575753,27.035322013975172,37.54340560044619,29.205883007575753,29.205883007575753,3.0354350833380543,3.0354350833380543,3.0354350833380543,3.0354350833380543,3.0354350833380543,3.0354350833380543,0.0,0.0,0.0,32.24131809091381
2,2010-03-31,29.099509929653674,23.975816570631466,33.8117506157702,29.099509929653674,29.099509929653674,-0.23585113904445307,-0.23585113904445307,-0.23585113904445307,-0.23585113904445307,-0.23585113904445307,-0.23585113904445307,0.0,0.0,0.0,28.86365879060922
3,2010-04-30,28.996568241341986,22.661992979710575,32.83097091657776,28.996568241341986,28.996568241341986,-1.5925328884656578,-1.5925328884656578,-1.5925328884656578,-1.5925328884656578,-1.5925328884656578,-1.5925328884656578,0.0,0.0,0.0,27.404035352876328
4,2010-05-31,28.890195163419907,21.740890909656603,32.075478850840774,28.890195163419907,28.890195163419907,-1.849020677988981,-1.849020677988981,-1.849020677988981,-1.849020677988981,-1.849020677988981,-1.849020677988981,0.0,0.0,0.0,27.041174485430926
5,2010-06-30,28.78725347510822,25.666601796650657,35.05468038952051,28.78725347510822,28.78725347510822,1.420504315395338,1.420504315395338,1.420504315395338,1.420504315395338,1.420504315395338,1.420504315395338,0.0,0.0,0.0,30.207757790503557
6,2010-07-31,28.680880395581685,22.587453274609043,32.76104668453567,28.680880395581685,28.680880395581685,-0.7560814995103157,-0.7560814995103157,-0.7560814995103157,-0.7560814995103157,-0.7560814995103157,-0.7560814995103157,0.0,0.0,0.0,27.92479889607137
7,2010-08-31,28.574507316055147,21.02102514876794,31.21015355247747,28.574507316055147,28.574507316055147,-2.404499221840669,-2.404499221840669,-2.404499221840669,-2.404499221840669,-2.404499221840669,-2.404499221840669,0.0,0.0,0.0,26.170008094214477
8,2010-09-30,28.47156562619076,20.711912901154587,31.03563831491413,28.47156562619076,28.47156562619076,-2.5057078906607586,-2.5057078906607586,-2.5057078906607586,-2.5057078906607586,-2.5057078906607586,-2.5057078906607586,0.0,0.0,0.0,25.96585773553
9,2010-10-31,28.365192546664222,25.46269426041372,35.52895522949461,28.365192546664222,28.365192546664222,2.127200347029772,2.127200347029772,2.127200347029772,2.127200347029772,2.127200347029772,2.127200347029772,0.0,0.0,0.0,30.492392893693992
10,2010-11-30,28.262250856799835,25.214407576569773,35.5509882490526,28.262250856799835,28.262250856799835,2.1279807959630546,2.1279807959630546,2.1279807959630546,2.1279807959630546,2.1279807959630546,2.1279807959630546,0.0,0.0,0.0,30.39023165276289
11,2010-12-31,28.155877777273297,24.542607583883868,34.84818681598384,28.155877777273297,28.155877777273297,1.5988201157341975,1.5988201157341975,1.5988201157341975,1.5988201157341975,1.5988201157341975,1.5988201157341975,0.0,0.0,0.0,29.754697893007496
12,2011-01-31,28.049504698170075,22.611314160886547,32.5654930550114,28.049504698170075,28.049504698170075,-0.45461843108187283,-0.45461843108187283,-0.45461843108187283,-0.45461843108187283,-0.45461843108187283,-0.45461843108187283,0.0,0.0,0.0,27.594886267088203
13,2011-02-28,27.953425788012325,25.244212650361376,35.9600166256,27.953425788012325,27.953425788012325,2.645639177878245,2.645639177878245,2.645639177878245,2.645639177878245,2.645639177878245,2.645639177878245,0.0,0.0,0.0,30.59906496589057
14,2011-03-31,27.847052708909104,22.372869566569094,32.148869594134915,27.847052708909104,27.847052708909104,-0.6320151509174449,-0.6320151509174449,-0.6320151509174449,-0.6320151509174449,-0.6320151509174449,-0.6320151509174449,0.0,0.0,0.0,27.215037557991657
15,2011-04-30,27.744111019454373,22.2390546622283,31.48081855463768,27.744111019454373,27.744111019454373,-1.1393179357620555,-1.1393179357620555,-1.1393179357620555,-1.1393179357620555,-1.1393179357620555,-1.1393179357620555,0.0,0.0,0.0,26.604793083692318
16,2011-05-31,27.637737940351148,21.366035725871914,31.35105298728836,27.637737940351148,27.637737940351148,-1.363221899383881,-1.363221899383881,-1.363221899383881,-1.363221899383881,-1.363221899383881,-1.363221899383881,0.0,0.0,0.0,26.274516040967267
17,2011-06-30,27.534796252594717,24.070119184143756,34.61843863441613,27.534796252594717,27.534796252594717,1.4850041016189308,1.4850041016189308,1.4850041016189308,1.4850041016189308,1.4850041016189308,1.4850041016189308,0.0,0.0,0.0,29.019800354213647
18,2011-07-31,27.4284231752464,21.545894182126275,31.31321766727128,27.4284231752464,27.4284231752464,-0.9607776959898455,-0.9607776959898455,-0.9607776959898455,-0.9607776959898455,-0.9607776959898455,-0.9607776959898455,0.0,0.0,0.0,26.467645479256554
19,2011-08-31,27.322050097898085,19.441438044341087,29.55546493400506,27.322050097898085,27.322050097898085,-2.879587509992862,-2.879587509992862,-2.879587509992862,-2.879587509992862,-2.879587509992862,-2.879587509992862,0.0,0.0,0.0,24.442462587905222
20,2011-09-30,27.21910841014165,19.530369677522287,29.479963234742012,27.21910841014165,27.21910841014165,-2.6131907182495473,-2.6131907182495473,-2.6131907182495473,-2.6131907182495473,-2.6131907182495473,-2.6131907182495473,0.0,0.0,0.0,24.605917691892103
21,2011-10-31,27.11273533279333,24.46090770681839,34.397481711958946,27.11273533279333,27.11273533279333,2.197140167858668,2.197140167858668,2.197140167858668,2.197140167858668,2.197140167858668,2.197140167858668,0.0,0.0,0.0,29.309875500651998
22,2011-11-30,27.009793641764354,24.74119690563337,34.58245564686334,27.009793641764354,27.009793641764354,2.565243965833902,2.565243965833902,2.565243965833902,2.565243965833902,2.565243965833902,2.565243965833902,0.0,0.0,0.0,29.575037607598254
23,2011-12-31,26.903420561034416,23.567652151031364,34.04847964595892,26.903420561034416,26.903420561034416,1.9017046635899624,1.9017046635899624,1.9017046635899624,1.9017046635899624,1.9017046635899624,1.9017046635899624,0.0,0.0,0.0,28.80512522462438
24,2012-01-31,26.79704748030447,21.230842535543683,31.21585369546674,26.79704748030447,26.79704748030447,-0.6143365410305788,-0.6143365410305788,-0.6143365410305788,-0.6143365410305788,-0.6143365410305788,-0.6143365410305788,0.0,0.0,0.0,26.182710939273893
25,2012-02-29,26.69753717897646,25.484213681096193,35.46170363717269,26.69753717897646,26.69753717897646,3.8084483186433125,3.8084483186433125,3.8084483186433125,3.8084483186433125,3.8084483186433125,3.8084483186433125,0.0,0.0,0.0,30.505985497619772
26,2012-03-31,26.59116409824652,22.010696452119436,32.04745530070194,26.59116409824652,26.59116409824652,0.6023870516359443,0.6023870516359443,0.6023870516359443,0.6023870516359443,0.6023870516359443,0.6023870516359443,0.0,0.0,0.0,27.193551149882463
27,2012-04-30,26.488222407217545,19.063290204556665,29.27888299461727,26.488222407217545,26.488222407217545,-2.452004567993588,-2.452004567993588,-2.452004567993588,-2.452004567993588,-2.452004567993588,-2.452004567993588,0.0,0.0,0.0,24.03621783922396
28,2012-05-31,26.381849335693925,18.044319789123257,28.43368789285321,26.381849335693925,26.381849335693925,-2.828979760001969,-2.828979760001969,-2.828979760001969,-2.828979760001969,-2.828979760001969,-2.828979760001969,0.0,0.0,0.0,23.552869575691957
29,2012-06-30,26.27890765357429,22.147092167582503,32.82613755487775,26.27890765357429,26.27890765357429,1.2442621083165444,1.2442621083165444,1.2442621083165444,1.2442621083165444,1.2442621083165444,1.2442621083165444,0.0,0.0,0.0,27.523169761890834
30,2012-07-31,26.17253458205067,20.916196801752662,30.554694598351386,26.17253458205067,26.17253458205067,-0.38383423108068193,-0.38383423108068193,-0.38383423108068193,-0.38383423108068193,-0.38383423108068193,-0.38383423108068193,0.0,0.0,0.0,25.78870035096999
31,2012-08-31,26.06616151052705,19.34467635955293,29.656327827774714,26.06616151052705,26.06616151052705,-1.4529219791421044,-1.4529219791421044,-1.4529219791421044,-1.4529219791421044,-1.4529219791421044,-1.4529219791421044,0.0,0.0,0.0,24.613239531384945
32,2012-09-30,25.963219828407418,18.457879434291737,28.643294584678557,25.963219828407418,25.963219828407418,-2.252449550209097,-2.252449550209097,-2.252449550209097,-2.252449550209097,-2.252449550209097,-2.252449550209097,0.0,0.0,0.0,23.71077027819832
33,2012-10-31,25.85684678110313,23.116399482414977,32.70593121366943,25.85684678110313,25.85684678110313,2.021879115432623,2.021879115432623,2.021879115432623,2.021879115432623,2.021879115432623,2.021879115432623,0.0,0.0,0.0,27.87872589653575
34,2012-11-30,25.75390512242156,22.268822477356448,32.11746134287819,25.75390512242156,25.75390512242156,1.2605429370633747,1.2605429370633747,1.2605429370633747,1.2605429370633747,1.2605429370633747,1.2605429370633747,0.0,0.0,0.0,27.014448059484934
35,2012-12-31,25.64753207511727,21.286574350053982,31.61642156924777,25.64753207511727,25.64753207511727,0.9574453318030199,0.9574453318030199,0.9574453318030199,0.9574453318030199,0.9574453318030199,0.9574453318030199,0.0,0.0,0.0,26.604977406920288
36,2013-01-31,25.54115902781298,20.179648763305746,30.875430020975173,25.54115902781298,25.54115902781298,-0.1743151266049635,-0.1743151266049635,-0.1743151266049635,-0.1743151266049635,-0.1743151266049635,-0.1743151266049635,0.0,0.0,0.0,25.366843901208018
37,2013-02-28,25.44508014637685,24.129839392884005,34.084907417864414,25.44508014637685,25.44508014637685,3.4232602013398297,3.4232602013398297,3.4232602013398297,3.4232602013398297,3.4232602013398297,3.4232602013398297,0.0,0.0,0.0,28.86834034771668
38,2013-03-31,25.338707173720426,20.362722310610145,30.174364009573864,25.338707173720426,25.338707173720426,0.17579683492216028,0.17579683492216028,0.17579683492216028,0.17579683492216028,0.17579683492216028,0.17579683492216028,0.0,0.0,0.0,25.514504008642586
39,2013-04-30,25.235765587278728,18.216437128786854,28.579493310315563,25.235765587278728,25.235765587278728,-2.0302841900883237,-2.0302841900883237,-2.0302841900883237,-2.0302841900883237,-2.0302841900883237,-2.0302841900883237,0.0,0.0,0.0,23.205481397190404
40,2013-05-31,25.129392614622304,17.5571913700765,27.78969722060923,25.129392614622304,25.129392614622304,-2.3378681703966517,-2.3378681703966517,-2.3378681703966517,-2.3378681703966517,-2.3378681703966517,-2.3378681703966517,0.0,0.0,0.0,22.79152444422565
41,2013-06-30,25.026451028180603,21.246624835585912,31.837599027780673,25.026451028180603,25.026451028180603,1.3401945525318568,1.3401945525318568,1.3401945525318568,1.3401945525318568,1.3401945525318568,1.3401945525318568,0.0,0.0,0.0,26.366645580712458
42,2013-07-31,24.920078055524183,19.506930335212772,29.215926826871904,24.920078055524183,24.920078055524183,-0.5636421998217259,-0.5636421998217259,-0.5636421998217259,-0.5636421998217259,-0.5636421998217259,-0.5636421998217259,0.0,0.0,0.0,24.356435855702458
43,2013-08-31,24.813705082867756,17.876438153000805,28.103450800179797,24.813705082867756,24.813705082867756,-1.9287090204341477,-1.9287090204341477,-1.9287090204341477,-1.9287090204341477,-1.9287090204341477,-1.9287090204341477,0.0,0.0,0.0,22.884996062433608
44,2013-09-30,24.71076374865461,17.46499220647055,27.6062028289845,24.71076374865461,24.71076374865461,-2.385382081992702,-2.385382081992702,-2.385382081992702,-2.385382081992702,-2.385382081992702,-2.385382081992702,0.0,0.0,0.0,22.325381666661908
45,2013-10-31,24.604391036634357,21.808574305216624,31.701571200312728,24.604391036634357,24.604391036634357,2.0687181067556706,2.0687181067556706,2.0687181067556706,2.0687181067556706,2.0687181067556706,2.0687181067556706,0.0,0.0,0.0,26.67310914339003
46,2013-11-30,24.50144970242121,21.138256860621322,31.316153903351093,24.50144970242121,24.50144970242121,1.6928607872557648,1.6928607872557648,1.6928607872557648,1.6928607872557648,1.6928607872557648,1.6928607872557648,0.0,0.0,0.0,26.194310489676973
47,2013-12-31,24.395076990400955,20.61520137309175,30.765171073663804,24.395076990400955,24.395076990400955,1.283913735044381,1.283913735044381,1.283913735044381,1.283913735044381,1.283913735044381,1.283913735044381,0.0,0.0,0.0,25.67899072544534
48,2014-01-31,24.288704278380706,18.758266189166687,28.857899848861457,24.288704278380706,24.288704278380706,-0.3078945063112974,-0.3078945063112974,-0.3078945063112974,-0.3078945063112974,-0.3078945063112974,-0.3078945063112974,0.0,0.0,0.0,23.98080977206941
49,2014-02-28,24.192625855473462,22.15011020643387,32.18221908001806,24.192625855473462,24.192625855473462,3.0354350833383252,3.0354350833383252,3.0354350833383252,3.0354350833383252,3.0354350833383252,3.0354350833383252,0.0,0.0,0.0,27.228060938811787
50,2014-03-31,24.086253315826156,18.696271113060646,28.714875124957768,24.086253315826156,24.086253315826156,-0.23585113904500912,-0.23585113904500912,-0.23585113904500912,-0.23585113904500912,-0.23585113904500912,-0.23585113904500912,0.0,0.0,0.0,23.850402176781145
51,2014-04-30,23.983312148425536,17.33331532636033,27.30522736038941,23.983312148425536,23.983312148425536,-1.5925328884648209,-1.5925328884648209,-1.5925328884648209,-1.5925328884648209,-1.5925328884648209,-1.5925328884648209,0.0,0.0,0.0,22.390779259960716
52,2014-05-31,23.87693960877823,17.040901569927517,27.217284538523757,23.87693960877823,23.87693960877823,-1.8490206779855847,-1.8490206779855847,-1.8490206779855847,-1.8490206779855847,-1.8490206779855847,-1.8490206779855847,0.0,0.0,0.0,22.027918930792644
53,2014-06-30,23.773998441377607,19.887746331430932,30.571760630660066,23.773998441377607,23.773998441377607,1.4205043153952812,1.4205043153952812,1.4205043153952812,1.4205043153952812,1.4205043153952812,1.4205043153952812,0.0,0.0,0.0,25.194502756772888
54,2014-07-31,23.669134012347428,17.554675450734436,27.570122381237628,23.669134012347428,23.669134012347428,-0.7560814995107643,-0.7560814995107643,-0.7560814995107643,-0.7560814995107643,-0.7560814995107643,-0.7560814995107643,0.0,0.0,0.0,22.913052512836664
55,2014-08-31,23.56426958331725,16.18097972332237,26.13310647983997,23.56426958331725,23.56426958331725,-2.4044992218448127,-2.4044992218448127,-2.4044992218448127,-2.4044992218448127,-2.4044992218448127,-2.4044992218448127,0.0,0.0,0.0,21.15977036147244
56,2014-09-30,23.46278787780418,16.314992038550404,26.22804465299913,23.46278787780418,23.46278787780418,-2.5057078906615815,-2.5057078906615815,-2.5057078906615815,-2.5057078906615815,-2.5057078906615815,-2.5057078906615815,0.0,0.0,0.0,20.957079987142595
57,2014-10-31,23.357923448774002,20.015405122149367,30.616400371186042,23.357923448774002,23.357923448774002,2.1272003470297767,2.1272003470297767,2.1272003470297767,2.1272003470297767,2.1272003470297767,2.1272003470297767,0.0,0.0,0.0,25.48512379580378
58,2014-11-30,23.25644174326093,20.42519515521178,30.01902850400331,23.25644174326093,23.25644174326093,2.127980795963779,2.127980795963779,2.127980795963779,2.127980795963779,2.127980795963779,2.127980795963779,0.0,0.0,0.0,25.38442253922471
59,2014-12-31,23.15157731423075,20.0960001509027,29.47387866472866,23.15157731423075,23.15157731423075,1.5988201157314883,1.5988201157314883,1.5988201157314883,1.5988201157314883,1.5988201157314883,1.5988201157314883,0.0,0.0,0.0,24.750397429962238
60,2015-01-31,23.04671483377309,17.354717305971842,27.429676887625,23.04671483377309,23.04671483377309,-0.4546184310809453,-0.4546184310809453,-0.4546184310809453,-0.4546184310809453,-0.4546184310809453,-0.4546184310809453,0.0,0.0,0.0,22.592096402692146
61,2015-02-28,22.952000335295203,20.49324487768834,30.59747032988012,22.952000335295203,22.952000335295203,2.6456391778783335,2.6456391778783335,2.6456391778783335,2.6456391778783335,2.6456391778783335,2.6456391778783335,0.0,0.0,0.0,25.597639513173537
62,2015-03-31,22.84713785483754,16.632689532245127,27.203825259730163,22.84713785483754,22.84713785483754,-0.632015150917338,-0.632015150917338,-0.632015150917338,-0.632015150917338,-0.632015150917338,-0.632015150917338,0.0,0.0,0.0,22.215122703920205
63,2015-04-30,22.745658035039806,16.759029418565696,26.806292589990527,22.745658035039806,22.745658035039806,-1.139317935762459,-1.139317935762459,-1.139317935762459,-1.139317935762459,-1.139317935762459,-1.139317935762459,0.0,0.0,0.0,21.606340099277347
64,2015-05-31,22.640795554582148,16.69908376669618,26.426094172283808,22.640795554582148,22.640795554582148,-1.3632218993830907,-1.3632218993830907,-1.3632218993830907,-1.3632218993830907,-1.3632218993830907,-1.3632218993830907,0.0,0.0,0.0,21.277573655199056
65,2015-06-30,22.54071591239903,19.144063405231332,29.209855084890933,22.54071591239903,22.54071591239903,1.485004101618415,1.485004101618415,1.485004101618415,1.485004101618415,1.485004101618415,1.485004101618415,0.0,0.0,0.0,24.025720014017445
66,2015-07-31,22.437300282143145,16.44295329307568,26.118800413572465,22.437300282143145,22.437300282143145,-0.9607776959894566,-0.9607776959894566,-0.9607776959894566,-0.9607776959894566,-0.9607776959894566,-0.9607776959894566,0.0,0.0,0.0,21.47652258615369
67,2015-08-31,22.33388465188726,14.570576924697797,24.22338582344033,22.33388465188726,22.33388465188726,-2.8795875099927914,-2.8795875099927914,-2.8795875099927914,-2.8795875099927914,-2.8795875099927914,-2.8795875099927914,0.0,0.0,0.0,19.454297141894468
68,2015-09-30,22.233805009704145,14.299887935352714,24.789676956563284,22.233805009704145,22.233805009704145,-2.6131907182485583,-2.6131907182485583,-2.6131907182485583,-2.6131907182485583,-2.6131907182485583,-2.6131907182485583,0.0,0.0,0.0,19.62061429145559
69,2015-10-31,22.13038937944826,19.409017450103615,29.606347227034615,22.13038937944826,22.13038937944826,2.1971401678592004,2.1971401678592004,2.1971401678592004,2.1971401678592004,2.1971401678592004,2.1971401678592004,0.0,0.0,0.0,24.32752954730746
70,2015-11-30,22.030463497219394,19.147167901552493,29.404067822241117,22.030463497219394,22.030463497219394,2.565243965834413,2.565243965834413,2.565243965834413,2.565243965834413,2.565243965834413,2.565243965834413,0.0,0.0,0.0,24.595707463053806
71,2015-12-31,21.927206752249568,18.606056759380035,28.76902947281399,21.927206752249568,21.927206752249568,1.9017046635925479,1.9017046635925479,1.9017046635925479,1.9017046635925479,1.9017046635925479,1.9017046635925479,0.0,0.0,0.0,23.828911415842114
72,2016-01-31,21.82395000727974,16.04219496655376,26.160262806205484,21.82395000727974,21.82395000727974,-0.6143365410305512,-0.6143365410305512,-0.6143365410305512,-0.6143365410305512,-0.6143365410305512,-0.6143365410305512,0.0,0.0,0.0,21.20961346624919
73,2016-02-29,21.727354987791838,20.593692093800406,30.513193868900494,21.727354987791838,21.727354987791838,3.8084483186475664,3.8084483186475664,3.8084483186475664,3.8084483186475664,3.8084483186475664,3.8084483186475664,0.0,0.0,0.0,25.535803306439405
74,2016-03-31,21.624098242822004,17.50072972866206,27.25784298730086,21.624098242822004,21.624098242822004,0.6023870516329427,0.6023870516329427,0.6023870516329427,0.6023870516329427,0.6023870516329427,0.6023870516329427,0.0,0.0,0.0,22.226485294454946
75,2016-04-30,21.532593246071297,14.28226904305485,24.222096428516362,21.532593246071297,21.532593246071297,-2.452004567991861,-2.452004567991861,-2.452004567991861,-2.452004567991861,-2.452004567991861,-2.452004567991861,0.0,0.0,0.0,19.080588678079437
76,2016-05-31,21.438038082762233,13.707814717885704,23.680121784035016,21.438038082762233,21.438038082762233,-2.828979760001887,-2.828979760001887,-2.828979760001887,-2.828979760001887,-2.828979760001887,-2.828979760001887,0.0,0.0,0.0,18.609058322760347
77,2016-06-30,21.346533086011526,17.40549829491498,27.485553754947603,21.346533086011526,21.346533086011526,1.2442621083182177,1.2442621083182177,1.2442621083182177,1.2442621083182177,1.2442621083182177,1.2442621083182177,0.0,0.0,0.0,22.590795194329743
78,2016-07-31,21.251977922702462,15.938911141834454,26.239811651969205,21.251977922702462,21.251977922702462,-0.3838342310812942,-0.3838342310812942,-0.3838342310812942,-0.3838342310812942,-0.3838342310812942,-0.3838342310812942,0.0,0.0,0.0,20.868143691621167
79,2016-08-31,21.1574227593934,14.758946825253615,24.55715313437022,21.1574227593934,21.1574227593934,-1.4529219791418486,-1.4529219791418486,-1.4529219791418486,-1.4529219791418486,-1.4529219791418486,-1.4529219791418486,0.0,0.0,0.0,19.70450078025155
80,2016-09-30,21.06591776264269,13.851646913182233,23.93880083413858,21.06591776264269,21.06591776264269,-2.2524495502088206,-2.2524495502088206,-2.2524495502088206,-2.2524495502088206,-2.2524495502088206,-2.2524495502088206,0.0,0.0,0.0,18.81346821243387
81,2016-10-31,21.005607122803717,18.285972277170547,28.251038196601364,21.005607122803717,21.005607122803717,2.0218791154333435,2.0218791154333435,2.0218791154333435,2.0218791154333435,2.0218791154333435,2.0218791154333435,0.0,0.0,0.0,23.02748623823706
82,2016-11-30,20.94724198747568,17.150187403836377,26.966443028614638,20.94724198747568,20.94724198747568,1.2605429370618098,1.2605429370618098,1.2605429370618098,1.2605429370618098,1.2605429370618098,1.2605429370618098,0.0,0.0,0.0,22.207784924537492
83,2016-12-31,20.886931347636704,16.707166330740044,27.134876761840328,20.886931347636704,20.886931347636704,0.957445331802253,0.957445331802253,0.957445331802253,0.957445331802253,0.957445331802253,0.957445331802253,0.0,0.0,0.0,21.844376679438955
84,2017-01-31,20.82662070779773,15.646145343011947,25.536307587908308,20.82662070779773,20.82662070779773,-0.17431512660512472,-0.17431512660512472,-0.17431512660512472,-0.17431512660512472,-0.17431512660512472,-0.17431512660512472,0.0,0.0,0.0,20.652305581192604
85,2017-02-28,20.772146581491562,19.357131810281373,29.12307563942453,20.772146581491562,20.772146581491562,3.4232602013368525,3.4232602013368525,3.4232602013368525,3.4232602013368525,3.4232602013368525,3.4232602013368525,0.0,0.0,0.0,24.195406782828414
86,2017-03-31,20.757158419228674,16.39753674960729,25.917495345502275,20.757158419228674,20.757158419228674,0.17579683492161263,0.17579683492161263,0.17579683492161263,0.17579683492161263,0.17579683492161263,0.17579683492161263,0.0,0.0,0.0,20.932955254150286
87,2017-04-30,20.74265374607104,13.497523559036503,23.641937148667832,20.74265374607104,20.74265374607104,-2.03028419008617,-2.03028419008617,-2.03028419008617,-2.03028419008617,-2.03028419008617,-2.03028419008617,0.0,0.0,0.0,18.712369555984868
88,2017-05-31,20.72766558380815,13.232670594581693,23.70132412455795,20.72766558380815,20.72766558380815,-2.337868170396564,-2.337868170396564,-2.337868170396564,-2.337868170396564,-2.337868170396564,-2.337868170396564,0.0,0.0,0.0,18.389797413411586
89,2017-06-30,20.713160910650515,16.99763553228048,27.103684139620352,20.713160910650515,20.713160910650515,1.3401945525303707,1.3401945525303707,1.3401945525303707,1.3401945525303707,1.3401945525303707,1.3401945525303707,0.0,0.0,0.0,22.053355463180885
90,2017-07-31,20.69817274838763,15.22173315761992,25.00288146286858,20.69817274838763,20.69817274838763,-0.5636421998215717,-0.5636421998215717,-0.5636421998215717,-0.5636421998215717,-0.5636421998215717,-0.5636421998215717,0.0,0.0,0.0,20.134530548566058
91,2017-08-31,20.729859204869,14.154385626499218,23.639687711877247,20.729859204869,20.729859204869,-1.928709020433391,-1.928709020433391,-1.928709020433391,-1.928709020433391,-1.928709020433391,-1.928709020433391,0.0,0.0,0.0,18.80115018443561
92,2017-09-30,20.76052351759291,13.793803029783884,23.09535929768697,20.76052351759291,20.76052351759291,-2.385382081992816,-2.385382081992816,-2.385382081992816,-2.385382081992816,-2.385382081992816,-2.385382081992816,0.0,0.0,0.0,18.375141435600096
93,2017-10-31,20.792209974074282,18.14517254398776,27.998566623635398,20.792209974074282,20.792209974074282,2.0687181067567826,2.0687181067567826,2.0687181067567826,2.0687181067567826,2.0687181067567826,2.0687181067567826,0.0,0.0,0.0,22.860928080831066
94,2017-11-30,20.822874286798193,17.640327062154075,27.21792131787038,20.822874286798193,20.822874286798193,1.6928607872560792,1.6928607872560792,1.6928607872560792,1.6928607872560792,1.6928607872560792,1.6928607872560792,0.0,0.0,0.0,22.515735074054273
95,2017-12-31,20.854560743279567,17.312216026226807,27.159521566210277,20.854560743279567,20.854560743279567,1.2839137350439351,1.2839137350439351,1.2839137350439351,1.2839137350439351,1.2839137350439351,1.2839137350439351,0.0,0.0,0.0,22.138474478323502
96,2018-01-31,20.886247199760934,15.284576292528662,25.651090608057643,20.886247199760934,20.886247199760934,-0.3078945063118351,-0.3078945063118351,-0.3078945063118351,-0.3078945063118351,-0.3078945063118351,-0.3078945063118351,0.0,0.0,0.0,20.578352693449098
97,2018-02-28,20.950587250911145,19.11351902369013,28.96676423956126,20.950587250911145,20.950587250911145,3.0354350833384305,3.0354350833384305,3.0354350833384305,3.0354350833384305,3.0354350833384305,3.0354350833384305,0.0,0.0,0.0,23.986022334249576
98,2018-03-31,21.02182087897031,15.825778335926307,25.930134198657566,21.02182087897031,21.02182087897031,-0.23585113904324653,-0.23585113904324653,-0.23585113904324653,-0.23585113904324653,-0.23585113904324653,-0.23585113904324653,0.0,0.0,0.0,20.78596973992706
99,2018-04-30,21.090756648059823,14.699890752713685,24.81970838894488,21.090756648059823,21.090756648059823,-1.5925328884657757,-1.5925328884657757,-1.5925328884657757,-1.5925328884657757,-1.5925328884657757,-1.5925328884657757,0.0,0.0,0.0,19.498223759594048
100,2018-05-31,21.161990276118985,13.800045008101229,24.512902122703558,21.161990276118985,21.161990276118985,-1.849020677988942,-1.849020677988942,-1.849020677988942,-1.849020677988942,-1.849020677988942,-1.849020677988942,0.0,0.0,0.0,19.312969598130042
101,2018-06-30,21.230926045208506,17.38922583682962,27.613008995942955,21.230926045208506,21.230926045208506,1.4205043153951897,1.4205043153951897,1.4205043153951897,1.4205043153951897,1.4205043153951897,1.4205043153951897,0.0,0.0,0.0,22.651430360603694
102,2018-07-31,21.338680359029503,15.175226276958025,25.99895080383003,21.338680359029503,21.338680359029503,-0.7560814995121244,-0.7560814995121244,-0.7560814995121244,-0.7560814995121244,-0.7560814995121244,-0.7560814995121244,0.0,0.0,0.0,20.58259885951738
103,2018-08-31,21.446434672850504,13.80867927757027,24.246105627186456,21.446434672850504,21.446434672850504,-2.4044992218446026,-2.4044992218446026,-2.4044992218446026,-2.4044992218446026,-2.4044992218446026,-2.4044992218446026,0.0,0.0,0.0,19.0419354510059
104,2018-09-30,21.550713041064384,13.995200823645286,24.29382878205344,21.550713041064384,21.550713041064384,-2.5057078906607555,-2.5057078906607555,-2.5057078906607555,-2.5057078906607555,-2.5057078906607555,-2.5057078906607555,0.0,0.0,0.0,19.04500515040363
105,2018-10-31,21.65846735488538,18.61621339865483,28.66027209728026,21.65846735488538,21.65846735488538,2.127200347029551,2.127200347029551,2.127200347029551,2.127200347029551,2.127200347029551,2.127200347029551,0.0,0.0,0.0,23.78566770191493
106,2018-11-30,21.762745723099254,19.10183890410713,28.753940593481502,21.762745723099254,21.762745723099254,2.127980795967941,2.127980795967941,2.127980795967941,2.127980795967941,2.127980795967941,2.127980795967941,0.0,0.0,0.0,23.890726519067194
107,2018-12-31,21.89820504758617,18.16342710093563,28.436296372766137,21.89820504758617,21.89820504758617,1.5988201157309878,1.5988201157309878,1.5988201157309878,1.5988201157309878,1.5988201157309878,1.5988201157309878,0.0,0.0,0.0,23.497025163317158
108,2019-01-31,22.033664372073087,16.606186035091504,26.899284456530022,22.033664372073087,22.033664372073087,-0.4546184310828962,-0.4546184310828962,-0.4546184310828962,-0.4546184310828962,-0.4546184310828962,-0.4546184310828962,0.0,0.0,0.0,21.57904594099019
109,2019-02-28,22.15601472967417,19.548362941485554,29.867539309322602,22.15601472967417,22.15601472967417,2.645639177878928,2.645639177878928,2.645639177878928,2.645639177878928,2.645639177878928,2.645639177878928,0.0,0.0,0.0,24.801653907553096
110,2019-03-31,22.291474054161085,16.253551469899435,26.628518255833423,22.291474054161085,22.291474054161085,-0.6320151509177632,-0.6320151509177632,-0.6320151509177632,-0.6320151509177632,-0.6320151509177632,-0.6320151509177632,0.0,0.0,0.0,21.659458903243323
111,2019-04-30,22.42256372301939,16.624123200056356,26.463185373483395,22.42256372301939,22.42256372301939,-1.1393179357628667,-1.1393179357628667,-1.1393179357628667,-1.1393179357628667,-1.1393179357628667,-1.1393179357628667,0.0,0.0,0.0,21.283245787256522
112,2019-05-31,22.558023047506307,16.332618226513226,26.012332665180445,22.558023047506307,22.558023047506307,-1.3632218993805496,-1.3632218993805496,-1.3632218993805496,-1.3632218993805496,-1.3632218993805496,-1.3632218993805496,0.0,0.0,0.0,21.19480114812576
113,2019-06-30,22.70569557741833,19.360388533634577,29.79178981120783,22.70569557741833,22.70569557741833,1.4850041016173032,1.4850041016173032,1.4850041016173032,1.4850041016173032,1.4850041016173032,1.4850041016173032,0.0,0.0,0.0,24.19069967903563
114,2019-07-31,22.85829052499409,17.386995244081433,27.037973187540118,22.85829052499409,22.85829052499409,-0.9607776959895529,-0.9607776959895529,-0.9607776959895529,-0.9607776959895529,-0.9607776959895529,-0.9607776959895529,0.0,0.0,0.0,21.897512829004537
115,2019-08-31,23.010885472569846,14.895071792043137,25.232390995110592,23.010885472569846,23.010885472569846,-2.8795875099923327,-2.8795875099923327,-2.8795875099923327,-2.8795875099923327,-2.8795875099923327,-2.8795875099923327,0.0,0.0,0.0,20.131297962577513
116,2019-09-30,23.158558002481872,15.218395809408198,25.49329556829591,23.158558002481872,23.158558002481872,-2.613190718249159,-2.613190718249159,-2.613190718249159,-2.613190718249159,-2.613190718249159,-2.613190718249159,0.0,0.0,0.0,20.54536728423271
117,2019-10-31,23.311152950057625,20.476748627491414,30.503209076835887,23.311152950057625,23.311152950057625,2.1971401678589593,2.1971401678589593,2.1971401678589593,2.1971401678589593,2.1971401678589593,2.1971401678589593,0.0,0.0,0.0,25.508293117916583
118,2019-11-30,23.47098602923667,20.523496780279064,31.154707262814178,23.47098602923667,23.47098602923667,2.565243965833095,2.565243965833095,2.565243965833095,2.565243965833095,2.565243965833095,2.565243965833095,0.0,0.0,0.0,26.036229995069764
119,2019-12-31,23.636146877721682,20.296445660955875,30.47091046899021,23.636146877721682,23.636146877721682,1.901704663589878,1.901704663589878,1.901704663589878,1.901704663589878,1.901704663589878,1.901704663589878,0.0,0.0,0.0,25.53785154131156
120,2020-01-31,23.801307726206694,18.23872759323995,28.338089748446126,23.801307726206694,23.801307726206694,-0.6143365410326318,-0.6143365410326318,-0.6143365410326318,-0.6143365410326318,-0.6143365410326318,-0.6143365410326318,0.0,0.0,0.0,23.186971185174063
121,2020-02-29,23.95581303607977,22.665471562956917,32.67407793033044,23.95581303607977,23.95581303607977,3.8084483186486113,3.8084483186486113,3.8084483186486113,3.8084483186486113,3.8084483186486113,3.8084483186486113,0.0,0.0,0.0,27.764261354728383
122,2020-03-31,24.120973884564787,19.89143023555343,29.63757355318071,24.120973884564787,24.120973884564787,0.6023870516354192,0.6023870516354192,0.6023870516354192,0.6023870516354192,0.6023870516354192,0.6023870516354192,0.0,0.0,0.0,24.723360936200205
123,2020-04-30,24.280906315241765,17.056524876583364,26.98474039312884,24.280906315241765,24.280906315241765,-2.4520045679951004,-2.4520045679951004,-2.4520045679951004,-2.4520045679951004,-2.4520045679951004,-2.4520045679951004,0.0,0.0,0.0,21.828901747246665
124,2020-05-31,24.44616982694131,16.28582058077294,27.12582941601219,24.44616982694131,24.44616982694131,-2.8289797600069773,-2.8289797600069773,-2.8289797600069773,-2.8289797600069773,-2.8289797600069773,-2.8289797600069773,0.0,0.0,0.0,21.617190066934334
125,2020-06-30,24.60610225761829,20.971796082849966,31.07135786152861,24.60610225761829,24.60610225761829,1.2442621083158327,1.2442621083158327,1.2442621083158327,1.2442621083158327,1.2442621083158327,1.2442621083158327,0.0,0.0,0.0,25.850364365934123
126,2020-07-31,24.771365769317832,19.35609152303717,29.20731307059607,24.771365769317832,24.771365769317832,-0.38383423108126286,-0.38383423108126286,-0.38383423108126286,-0.38383423108126286,-0.38383423108126286,-0.38383423108126286,0.0,0.0,0.0,24.38753153823657
127,2020-08-31,24.936629281017378,18.309182475256648,28.98756951323562,24.936629281017378,24.936629281017378,-1.4529219791464352,-1.4529219791464352,-1.4529219791464352,-1.4529219791464352,-1.4529219791464352,-1.4529219791464352,0.0,0.0,0.0,23.483707301870943
128,2020-09-30,25.096561711694353,17.839802535207507,27.678790681065212,25.096561711694353,25.096561711694353,-2.2524495502101436,-2.2524495502101436,-2.2524495502101436,-2.2524495502101436,-2.2524495502101436,-2.2524495502101436,0.0,0.0,0.0,22.844112161484208
129,2020-10-31,25.262403488172286,22.515250897253225,32.170014461102184,25.262403488172286,25.262403488172286,2.021879115432233,2.021879115432233,2.021879115432233,2.021879115432233,2.021879115432233,2.021879115432233,0.0,0.0,0.0,27.284282603604517
130,2020-11-30,25.422895529925118,21.835733398026484,31.647839480593987,25.422895529925118,25.422895529925118,1.2605429370648855,1.2605429370648855,1.2605429370648855,1.2605429370648855,1.2605429370648855,1.2605429370648855,0.0,0.0,0.0,26.683438466990005
131,2020-12-31,25.588737306403047,21.62130136906063,31.371962176683112,25.588737306403047,25.588737306403047,0.9574453318022952,0.9574453318022952,0.9574453318022952,0.9574453318022952,0.9574453318022952,0.9574453318022952,0.0,0.0,0.0,26.54618263820534
132,2021-01-31,25.754579082880973,20.673428220690553,30.53687346685784,25.754579082880973,25.754579082880973,-0.17431512660599793,-0.17431512660599793,-0.17431512660599793,-0.17431512660599793,-0.17431512660599793,-0.17431512660599793,0.0,0.0,0.0,25.580263956274976
133,2021-02-28,25.904371655183624,24.34076820133468,34.48097993544433,25.904371655183624,25.904371655183624,3.423260201341089,3.423260201341089,3.423260201341089,3.423260201341089,3.423260201341089,3.423260201341089,0.0,0.0,0.0,29.327631856524714
134,2021-03-31,26.07022104770281,21.048598216105567,31.178152813397457,26.07022104770281,26.07022104770281,0.17579683491982173,0.17579683491982173,0.17579683491982173,0.17579683491982173,0.17579683491982173,0.17579683491982173,0.0,0.0,0.0,26.24601788262263
135,2021-04-30,26.230720459818148,18.894896221170068,29.158638091447678,26.230720459818148,26.230720459818148,-2.030284190089251,-2.030284190089251,-2.030284190089251,-2.030284190089251,-2.030284190089251,-2.030284190089251,0.0,0.0,0.0,24.200436269728897
136,2021-05-31,26.39656985233733,19.40923538445579,29.021322515647825,26.39656985233733,26.39656985233733,-2.3378681703967894,-2.3378681703967894,-2.3378681703967894,-2.3378681703967894,-2.3378681703967894,-2.3378681703967894,0.0,0.0,0.0,24.05870168194054
137,2021-06-30,26.55706926445267,22.888151518923323,32.73042691610776,26.55706926445267,26.55706926445267,1.3401945525314398,1.3401945525314398,1.3401945525314398,1.3401945525314398,1.3401945525314398,1.3401945525314398,0.0,0.0,0.0,27.89726381698411
138,2021-07-31,26.722918656971856,21.454405012085388,31.137155400665495,26.722918656971856,26.722918656971856,-0.5636421998232001,-0.5636421998232001,-0.5636421998232001,-0.5636421998232001,-0.5636421998232001,-0.5636421998232001,0.0,0.0,0.0,26.159276457148657
139,2021-08-31,26.888768049491038,19.81938570755117,30.257806750876455,26.888768049491038,26.888768049491038,-1.9287090204285815,-1.9287090204285815,-1.9287090204285815,-1.9287090204285815,-1.9287090204285815,-1.9287090204285815,0.0,0.0,0.0,24.960059029062457
140,2021-09-30,27.04926746160638,19.81847862315063,29.861068658863797,27.04926746160638,27.04926746160638,-2.3853820819930616,-2.3853820819930616,-2.3853820819930616,-2.3853820819930616,-2.3853820819930616,-2.3853820819930616,0.0,0.0,0.0,24.66388537961332
141,2021-10-31,27.21511685412556,24.010805978758086,34.37257765346966,27.21511685412556,27.21511685412556,2.0687181067549636,2.0687181067549636,2.0687181067549636,2.0687181067549636,2.0687181067549636,2.0687181067549636,0.0,0.0,0.0,29.283834960880526
142,2021-11-30,27.375616266240904,24.194556680560417,34.12456726274465,27.375616266240904,27.375616266240904,1.6928607872547072,1.6928607872547072,1.6928607872547072,1.6928607872547072,1.6928607872547072,1.6928607872547072,0.0,0.0,0.0,29.068477053495613
143,2021-12-31,27.54146565876009,24.223699260119,34.19475157855965,27.54146565876009,27.54146565876009,1.283913735046668,1.283913735046668,1.283913735046668,1.283913735046668,1.283913735046668,1.283913735046668,0.0,0.0,0.0,28.825379393806756
144,2022-01-31,27.70731505127927,22.386245960331667,32.41536277125322,27.70731505127927,27.70731505127927,-0.3078945063107774,-0.3078945063107774,-0.3078945063107774,-0.3078945063107774,-0.3078945063107774,-0.3078945063107774,0.0,0.0,0.0,27.399420544968493
145,2022-02-28,27.857114502586917,26.016643857884855,36.08908573114536,27.857114502586917,27.857114502586917,3.035435083335787,3.035435083335787,3.035435083335787,3.035435083335787,3.035435083335787,3.035435083335787,0.0,0.0,0.0,30.892549585922705
146,2022-03-31,28.022963895106102,22.515063435063624,33.2238741322942,28.022963895106102,28.022963895106102,-0.23585113904342955,-0.23585113904342955,-0.23585113904342955,-0.23585113904342955,-0.23585113904342955,-0.23585113904342955,0.0,0.0,0.0,27.787112756062673
147,2022-04-30,28.183463307221444,21.5755145614287,31.436809428812158,28.183463307221444,28.183463307221444,-1.5925328884663374,-1.5925328884663374,-1.5925328884663374,-1.5925328884663374,-1.5925328884663374,-1.5925328884663374,0.0,0.0,0.0,26.590930418755107
148,2022-05-31,28.349312699740626,21.56956600154271,31.56803106857896,28.349312699740626,28.349312699740626,-1.8490206779863374,-1.8490206779863374,-1.8490206779863374,-1.8490206779863374,-1.8490206779863374,-1.8490206779863374,0.0,0.0,0.0,26.500292021754287
149,2022-06-30,28.509812111855968,25.16982063185643,34.72586732328129,28.509812111855968,28.509812111855968,1.4205043153965626,1.4205043153965626,1.4205043153965626,1.4205043153965626,1.4205043153965626,1.4205043153965626,0.0,0.0,0.0,29.93031642725253
150,2022-07-31,28.675661504375146,22.878809238751817,32.81073705110297,28.675661504375146,28.675661504375146,-0.7560814995106037,-0.7560814995106037,-0.7560814995106037,-0.7560814995106037,-0.7560814995106037,-0.7560814995106037,0.0,0.0,0.0,27.919580004864542
151,2022-08-31,28.841510896894334,21.617067116042495,31.409524398417762,28.841510896894334,28.841510896894334,-2.4044992218435337,-2.4044992218435337,-2.4044992218435337,-2.4044992218435337,-2.4044992218435337,-2.4044992218435337,0.0,0.0,0.0,26.4370116750508
152,2022-09-30,29.002010309009677,20.996793030570633,31.39632221927297,29.002010309009677,29.002010309009677,-2.505707890660313,-2.505707890660313,-2.505707890660313,-2.505707890660313,-2.505707890660313,-2.505707890660313,0.0,0.0,0.0,26.496302418349362
153,2022-10-31,29.167859701528855,26.127817536185397,36.41975604325659,29.167859701528855,29.167859701528855,2.127200347030265,2.127200347030265,2.127200347030265,2.127200347030265,2.127200347030265,2.127200347030265,0.0,0.0,0.0,31.29506004855912
154,2022-11-30,29.328359113644197,26.383210333250023,36.6565651131611,29.328359113644197,29.328359113644197,2.1279807959632624,2.1279807959632624,2.1279807959632624,2.1279807959632624,2.1279807959632624,2.1279807959632624,0.0,0.0,0.0,31.456339909607458
155,2022-12-31,29.494208506163382,25.960424537862824,35.804325989960034,29.494208506163382,29.494208506163382,1.5988201157331074,1.5988201157331074,1.5988201157331074,1.5988201157331074,1.5988201157331074,1.5988201157331074,0.0,0.0,0.0,31.09302862189649
156,2023-01-31,29.660057898682563,24.211305923786856,33.913643118744844,29.660057898682563,29.660057898682563,-0.4546184310801222,-0.4546184310801222,-0.4546184310801222,-0.4546184310801222,-0.4546184310801222,-0.4546184310801222,0.0,0.0,0.0,29.205439467602442
157,2023-02-28,29.809857349990217,27.390499490070177,37.28890740740586,29.809857349990217,29.809857349990217,2.6456391778795885,2.6456391778795885,2.6456391778795885,2.6456391778795885,2.6456391778795885,2.6456391778795885,0.0,0.0,0.0,32.455496527869805
158,2023-03-31,29.975706742509406,24.05451981179167,33.97854430538647,29.975706742509406,29.975706742509406,-0.632015150917551,-0.632015150917551,-0.632015150917551,-0.632015150917551,-0.632015150917551,-0.632015150917551,0.0,0.0,0.0,29.343691591591856
159,2023-04-30,30.136206154624738,23.85714649555127,34.02256760012532,30.136206154624738,30.136206154624738,-1.1393179357601602,-1.1393179357601602,-1.1393179357601602,-1.1393179357601602,-1.1393179357601602,-1.1393179357601602,0.0,0.0,0.0,28.996888218864576
160,2023-05-31,30.302055547143926,23.876385674439806,33.84511178213692,30.302055547143926,30.302055547143926,-1.3632218993846232,-1.3632218993846232,-1.3632218993846232,-1.3632218993846232,-1.3632218993846232,-1.3632218993846232,0.0,0.0,0.0,28.938833647759303
161,2023-06-30,30.46255495925927,27.10584692274412,36.744404548526624,30.46255495925927,30.46255495925927,1.485004101618545,1.485004101618545,1.485004101618545,1.485004101618545,1.485004101618545,1.485004101618545,0.0,0.0,0.0,31.947559060877815
162,2023-07-31,30.628404351778446,24.646474170119248,34.77888838069968,30.628404351778446,30.628404351778446,-0.9607776959888631,-0.9607776959888631,-0.9607776959888631,-0.9607776959888631,-0.9607776959888631,-0.9607776959888631,0.0,0.0,0.0,29.667626655789583
163,2023-08-31,30.794253744297635,23.22772094250387,33.281171463292864,30.794253744297635,30.794253744297635,-2.8795875099960004,-2.8795875099960004,-2.8795875099960004,-2.8795875099960004,-2.8795875099960004,-2.8795875099960004,0.0,0.0,0.0,27.914666234301635
164,2023-09-30,30.95475315641297,23.327597933703807,33.65690951335849,30.95475315641297,30.95475315641297,-2.6131907182502365,-2.6131907182502365,-2.6131907182502365,-2.6131907182502365,-2.6131907182502365,-2.6131907182502365,0.0,0.0,0.0,28.341562438162732
165,2023-10-31,31.120602548932155,28.218461107029814,38.47497914703153,31.120602548932155,31.120602548932155,2.197140167858511,2.197140167858511,2.197140167858511,2.197140167858511,2.197140167858511,2.197140167858511,0.0,0.0,0.0,33.31774271679067
166,2023-11-30,31.281101961047497,28.88454526397231,38.73316444364259,31.281101961047497,31.281101961047497,2.5652439658372055,2.5652439658372055,2.5652439658372055,2.5652439658372055,2.5652439658372055,2.5652439658372055,0.0,0.0,0.0,33.8463459268847
167,2023-12-31,31.44695135356668,28.31922965326282,38.44246727524421,31.44695135356668,31.44695135356668,1.901704663592224,1.901704663592224,1.901704663592224,1.901704663592224,1.901704663592224,1.901704663592224,0.0,0.0,0.0,33.3486560171589
168,2024-01-01,31.45230133397053,26.971011443594218,37.25841296992572,31.45230133397053,31.45230133397053,0.6198962325487819,0.6198962325487819,0.6198962325487819,0.6198962325487819,0.6198962325487819,0.6198962325487819,0.0,0.0,0.0,32.072197566519314
169,2024-01-02,31.45765131437437,25.625187300363617,35.46719836821346,31.45765131437437,31.45765131437437,-0.8307771888159484,-0.8307771888159484,-0.8307771888159484,-0.8307771888159484,-0.8307771888159484,-0.8307771888159484,0.0,0.0,0.0,30.626874125558423
170,2024-01-03,31.463001294778213,24.470981234492456,34.230395378354636,31.463001294778213,31.463001294778213,-2.4152632000295386,-2.4152632000295386,-2.4152632000295386,-2.4152632000295386,-2.4152632000295386,-2.4152632000295386,0.0,0.0,0.0,29.047738094748674
171,2024-01-04,31.46835127518205,22.19048314772771,32.04506193522935,31.46835127518205,31.46835127518205,-4.094489187258329,-4.094489187258329,-4.094489187258329,-4.094489187258329,-4.094489187258329,-4.094489187258329,0.0,0.0,0.0,27.373862087923722
172,2024-01-05,31.473701255585905,20.841547851853175,30.54755199919641,31.473701255585905,31.473701255585905,-5.826489910153653,-5.826489910153653,-5.826489910153653,-5.826489910153653,-5.826489910153653,-5.826489910153653,0.0,0.0,0.0,25.64721134543225
173,2024-01-06,31.479051235989754,18.930387076933417,28.64693783236765,31.479051235989754,31.479051235989754,-7.567618768465762,-7.567618768465762,-7.567618768465762,-7.567618768465762,-7.567618768465762,-7.567618768465762,0.0,0.0,0.0,23.911432467523994
174,2024-01-07,31.484401216393586,17.653931023149557,26.901262561828183,31.484401216393586,31.484401216393586,-9.273807104186506,-9.273807104186506,-9.273807104186506,-9.273807104186506,-9.273807104186506,-9.273807104186506,0.0,0.0,0.0,22.21059411220708
175,2024-01-08,31.48975119679744,15.56176268725677,25.773972194656203,31.48975119679744,31.48975119679744,-10.90183447223686,-10.90183447223686,-10.90183447223686,-10.90183447223686,-10.90183447223686,-10.90183447223686,0.0,0.0,0.0,20.58791672456058
176,2024-01-09,31.495101177201278,14.362739299837106,23.936690091591174,31.495101177201278,31.495101177201278,-12.41057248650106,-12.41057248650106,-12.41057248650106,-12.41057248650106,-12.41057248650106,-12.41057248650106,0.0,0.0,0.0,19.084528690700218
177,2024-01-10,31.500451157605127,12.792921727530247,23.004773472341927,31.500451157605127,31.500451157605127,-13.762165629580906,-13.762165629580906,-13.762165629580906,-13.762165629580906,-13.762165629580906,-13.762165629580906,0.0,0.0,0.0,17.73828552802422
178,2024-01-11,31.505801138008973,11.386085603098959,21.046218933559697,31.505801138008973,31.505801138008973,-14.923114281444452,-14.923114281444452,-14.923114281444452,-14.923114281444452,-14.923114281444452,-14.923114281444452,0.0,0.0,0.0,16.58268685656452
179,2024-01-12,31.511151118412812,10.532657925889337,20.535895420238194,31.511151118412812,31.511151118412812,-15.865228119396122,-15.865228119396122,-15.865228119396122,-15.865228119396122,-15.865228119396122,-15.865228119396122,0.0,0.0,0.0,15.64592299901669
180,2024-01-13,31.51650109881666,9.603530442937439,20.030891620841004,31.51650109881666,31.51650109881666,-16.566421884969234,-16.566421884969234,-16.566421884969234,-16.566421884969234,-16.566421884969234,-16.566421884969234,0.0,0.0,0.0,14.950079213847427
181,2024-01-14,31.5218510792205,9.371739837438641,19.136410198325216,31.5218510792205,31.5218510792205,-17.011330188431838,-17.011330188431838,-17.011330188431838,-17.011330188431838,-17.011330188431838,-17.011330188431838,0.0,0.0,0.0,14.510520890788662
182,2024-01-15,31.527201059624346,9.021982957842239,19.071515821296806,31.527201059624346,31.527201059624346,-17.191723390973703,-17.191723390973703,-17.191723390973703,-17.191723390973703,-17.191723390973703,-17.191723390973703,0.0,0.0,0.0,14.335477668650643
183,2024-01-16,31.532551040028196,9.282580674878858,19.294668664762526,31.532551040028196,31.532551040028196,-17.10671250907401,-17.10671250907401,-17.10671250907401,-17.10671250907401,-17.10671250907401,-17.10671250907401,0.0,0.0,0.0,14.425838530954184
184,2024-01-17,31.537901020432034,9.545499247008733,19.774115509069723,31.537901020432034,31.537901020432034,-16.76273735018146,-16.76273735018146,-16.76273735018146,-16.76273735018146,-16.76273735018146,-16.76273735018146,0.0,0.0,0.0,14.775163670250574
185,2024-01-18,31.543251000835888,10.644147769188562,20.288509405735805,31.543251000835888,31.543251000835888,-16.1733385279521,-16.1733385279521,-16.1733385279521,-16.1733385279521,-16.1733385279521,-16.1733385279521,0.0,0.0,0.0,15.369912472883787
186,2024-01-19,31.548600981239723,11.074321975765086,21.24243520213779,31.548600981239723,31.548600981239723,-15.358720427362568,-15.358720427362568,-15.358720427362568,-15.358720427362568,-15.358720427362568,-15.358720427362568,0.0,0.0,0.0,16.189880553877153
187,2024-01-20,31.55395096164357,12.135480838301719,22.220637085180307,31.55395096164357,31.55395096164357,-14.345118404394576,-14.345118404394576,-14.345118404394576,-14.345118404394576,-14.345118404394576,-14.345118404394576,0.0,0.0,0.0,17.208832557248993
188,2024-01-21,31.55930094204742,13.122326356429193,23.29606367744475,31.55930094204742,31.55930094204742,-13.163989326653148,-13.163989326653148,-13.163989326653148,-13.163989326653148,-13.163989326653148,-13.163989326653148,0.0,0.0,0.0,18.395311615394274
189,2024-01-22,31.56465092245126,14.90716020177575,24.941546995351914,31.56465092245126,31.56465092245126,-11.851049816494946,-11.851049816494946,-11.851049816494946,-11.851049816494946,-11.851049816494946,-11.851049816494946,0.0,0.0,0.0,19.713601105956315
190,2024-01-23,31.570000902855103,15.932118993432704,26.07647532778266,31.570000902855103,31.570000902855103,-10.44519109062526,-10.44519109062526,-10.44519109062526,-10.44519109062526,-10.44519109062526,-10.44519109062526,0.0,0.0,0.0,21.12480981222984
191,2024-01-24,31.57535088325895,17.200980107841367,27.719452663006333,31.57535088325895,31.57535088325895,-8.987302963499944,-8.987302963499944,-8.987302963499944,-8.987302963499944,-8.987302963499944,-8.987302963499944,0.0,0.0,0.0,22.588047919759006
