,ds,trend,yhat_lower,yhat_upper,trend_lower,trend_upper,additive_terms,additive_terms_lower,additive_terms_upper,yearly,yearly_lower,yearly_upper,multiplicative_terms,multiplicative_terms_lower,multiplicative_terms_upper,yhat
0,2004-01-31,40.33684123809523,29.037604370305836,43.321781117325735,40.33684123809523,40.33684123809523,-3.695491709555755,-3.695491709555755,-3.695491709555755,-3.695491709555755,-3.695491709555755,-3.695491709555755,0.0,0.0,0.0,36.64134952853948
1,2004-02-29,40.27141670993885,37.79094252874829,52.545170611099756,40.27141670993885,40.27141670993885,4.6082697856876,4.6082697856876,4.6082697856876,4.6082697856876,4.6082697856876,4.6082697856876,0.0,0.0,0.0,44.879686495626444
2,2004-03-31,40.20148014535789,33.812976276531636,48.7467725298448,40.20148014535789,40.20148014535789,1.012395859057301,1.012395859057301,1.012395859057301,1.012395859057301,1.012395859057301,1.012395859057301,0.0,0.0,0.0,41.21387600441519
3,2004-04-30,40.133799598989214,31.886069207537773,45.902510698158316,40.133799598989214,40.133799598989214,-1.2784235979570275,-1.2784235979570275,-1.2784235979570275,-1.2784235979570275,-1.2784235979570275,-1.2784235979570275,0.0,0.0,0.0,38.855376001032184
4,2004-05-31,40.06386303440826,35.039899487649386,49.817166951855704,40.06386303440826,40.06386303440826,2.5527839019036755,2.5527839019036755,2.5527839019036755,2.5527839019036755,2.5527839019036755,2.5527839019036755,0.0,0.0,0.0,42.61664693631193
5,2004-06-30,39.99618248803958,34.45252300828134,48.87042830423847,39.99618248803958,39.99618248803958,1.455355495689778,1.455355495689778,1.455355495689778,1.455355495689778,1.455355495689778,1.455355495689778,0.0,0.0,0.0,41.45153798372936
6,2004-07-31,39.92624592454571,31.742303194609086,46.94010281869059,39.92624592454571,39.92624592454571,-0.14397621398760033,-0.14397621398760033,-0.14397621398760033,-0.14397621398760033,-0.14397621398760033,-0.14397621398760033,0.0,0.0,0.0,39.78226971055811
7,2004-08-31,39.85630936105182,30.054432766300494,44.55991469218874,39.85630936105182,39.85630936105182,-2.6799503421336244,-2.6799503421336244,-2.6799503421336244,-2.6799503421336244,-2.6799503421336244,-2.6799503421336244,0.0,0.0,0.0,37.1763590189182
8,2004-09-30,39.78862881573517,31.220138709391968,45.82326101288487,39.78862881573517,39.78862881573517,-1.6029052869334222,-1.6029052869334222,-1.6029052869334222,-1.6029052869334222,-1.6029052869334222,-1.6029052869334222,0.0,0.0,0.0,38.18572352880175
9,2004-10-31,39.71869225224129,34.43795938792829,48.98942370018031,39.71869225224129,39.71869225224129,2.2570890367818657,2.2570890367818657,2.2570890367818657,2.2570890367818657,2.2570890367818657,2.2570890367818657,0.0,0.0,0.0,41.97578128902315
10,2004-11-30,39.65101170692464,32.11460180882625,47.11763329002156,39.65101170692464,39.65101170692464,0.09673237942832597,0.09673237942832597,0.09673237942832597,0.09673237942832597,0.09673237942832597,0.09673237942832597,0.0,0.0,0.0,39.74774408635297
11,2004-12-31,39.58107514130188,28.70740374822888,43.30991648123967,39.58107514130188,39.58107514130188,-3.6509403970718872,-3.6509403970718872,-3.6509403970718872,-3.6509403970718872,-3.6509403970718872,-3.6509403970718872,0.0,0.0,0.0,35.930134744229996
12,2005-01-31,39.511138575679105,31.988313851950466,46.239566474201574,39.511138575679105,39.511138575679105,-0.5719511806017141,-0.5719511806017141,-0.5719511806017141,-0.5719511806017141,-0.5719511806017141,-0.5719511806017141,0.0,0.0,0.0,38.93918739507739
13,2005-02-28,39.447970064794035,35.94085169698976,50.60693365371703,39.447970064794035,39.447970064794035,3.698414147952725,3.698414147952725,3.698414147952725,3.698414147952725,3.698414147952725,3.698414147952725,0.0,0.0,0.0,43.14638421274676
14,2005-03-31,39.378033499171266,34.77547120445122,49.706997499234724,39.378033499171266,39.378033499171266,2.5781067450025006,2.5781067450025006,2.5781067450025006,2.5781067450025006,2.5781067450025006,2.5781067450025006,0.0,0.0,0.0,41.95614024417377
15,2005-04-30,39.3103529517944,30.556389192451253,45.931918670570106,39.3103529517944,39.3103529517944,-1.0590215221955275,-1.0590215221955275,-1.0590215221955275,-1.0590215221955275,-1.0590215221955275,-1.0590215221955275,0.0,0.0,0.0,38.25133142959887
16,2005-05-31,39.24041638617164,33.54388925816376,48.52463075047433,39.24041638617164,39.24041638617164,1.3642484968871336,1.3642484968871336,1.3642484968871336,1.3642484968871336,1.3642484968871336,1.3642484968871336,0.0,0.0,0.0,40.604664883058774
17,2005-06-30,39.172735840915344,34.13522979975175,48.36115508269562,39.172735840915344,39.172735840915344,1.9018419895843468,1.9018419895843468,1.9018419895843468,1.9018419895843468,1.9018419895843468,1.9018419895843468,0.0,0.0,0.0,41.07457783049969
18,2005-07-31,39.10279927748383,32.03261318853045,45.822120075154146,39.10279927748383,39.10279927748383,-0.1179296431412919,-0.1179296431412919,-0.1179296431412919,-0.1179296431412919,-0.1179296431412919,-0.1179296431412919,0.0,0.0,0.0,38.98486963434254
19,2005-08-31,39.03286271405233,29.186651908842055,43.426283996755366,39.03286271405233,39.03286271405233,-3.034518937629177,-3.034518937629177,-3.034518937629177,-3.034518937629177,-3.034518937629177,-3.034518937629177,0.0,0.0,0.0,35.99834377642315
20,2005-09-30,38.965182168796034,30.956195600898713,45.43001002113211,38.965182168796034,38.965182168796034,-0.7280538684956402,-0.7280538684956402,-0.7280538684956402,-0.7280538684956402,-0.7280538684956402,-0.7280538684956402,0.0,0.0,0.0,38.23712830030039
21,2005-10-31,38.895245605364515,33.57169896310084,47.745530137538424,38.895245605364515,38.895245605364515,1.7738261426575712,1.7738261426575712,1.7738261426575712,1.7738261426575712,1.7738261426575712,1.7738261426575712,0.0,0.0,0.0,40.669071748022084
22,2005-11-30,38.82756505890967,31.070968944772613,45.671630185650436,38.82756505890967,38.82756505890967,-0.6687593361970381,-0.6687593361970381,-0.6687593361970381,-0.6687593361970381,-0.6687593361970381,-0.6687593361970381,0.0,0.0,0.0,38.15880572271263
23,2005-12-31,38.75762849423967,30.04170525022813,44.62560457609307,38.75762849423967,38.75762849423967,-1.8428804161471741,-1.8428804161471741,-1.8428804161471741,-1.8428804161471741,-1.8428804161471741,-1.8428804161471741,0.0,0.0,0.0,36.914748078092494
24,2006-01-31,38.68769192956965,30.512550204158938,44.2816710028963,38.68769192956965,38.68769192956965,-1.5843822552300377,-1.5843822552300377,-1.5843822552300377,-1.5843822552300377,-1.5843822552300377,-1.5843822552300377,0.0,0.0,0.0,37.10330967433961
25,2006-02-28,38.62452341954513,33.95450510558635,48.21887113303868,38.62452341954513,38.62452341954513,2.8197825757043673,2.8197825757043673,2.8197825757043673,2.8197825757043673,2.8197825757043673,2.8197825757043673,0.0,0.0,0.0,41.44430599524949
26,2006-03-31,38.55458685487512,35.73156370597862,49.91259066445526,38.55458685487512,38.55458685487512,4.158999789280296,4.158999789280296,4.158999789280296,4.158999789280296,4.158999789280296,4.158999789280296,0.0,0.0,0.0,42.71358664415541
27,2006-04-30,38.48690085889625,30.790823880830818,44.935406491774714,38.48690085889625,38.48690085889625,-0.8711615203220284,-0.8711615203220284,-0.8711615203220284,-0.8711615203220284,-0.8711615203220284,-0.8711615203220284,0.0,0.0,0.0,37.61573933857422
28,2006-05-31,38.416958663051425,31.494542706195997,45.72340158265469,38.416958663051425,38.416958663051425,0.17134560056412915,0.17134560056412915,0.17134560056412915,0.17134560056412915,0.17134560056412915,0.17134560056412915,0.0,0.0,0.0,38.588304263615555
29,2006-06-30,38.349272667072555,33.02893916202291,48.392185197228486,38.349272667072555,38.349272667072555,2.361230632465854,2.361230632465854,2.361230632465854,2.361230632465854,2.361230632465854,2.361230632465854,0.0,0.0,0.0,40.71050329953841
30,2006-07-31,38.27933047122772,30.873949205193448,45.10153186974218,38.27933047122772,38.27933047122772,-0.0948948818136177,-0.0948948818136177,-0.0948948818136177,-0.0948948818136177,-0.0948948818136177,-0.0948948818136177,0.0,0.0,0.0,38.18443558941411
31,2006-08-31,38.209388275382906,27.63002803144587,42.15836414761645,38.209388275382906,38.209388275382906,-3.3787742906275584,-3.3787742906275584,-3.3787742906275584,-3.3787742906275584,-3.3787742906275584,-3.3787742906275584,0.0,0.0,0.0,34.830613984755345
32,2006-09-30,38.14163966571457,30.861010314422614,45.7971082276784,38.14163966571457,38.14163966571457,0.14226101987333079,0.14226101987333079,0.14226101987333079,0.14226101987333079,0.14226101987333079,0.14226101987333079,0.0,0.0,0.0,38.2839006855879
33,2006-10-31,38.0716327690573,32.726385656949184,46.60494011763139,38.0716327690573,38.0716327690573,1.2731738617623936,1.2731738617623936,1.2731738617623936,1.2731738617623936,1.2731738617623936,1.2731738617623936,0.0,0.0,0.0,39.3448066308197
34,2006-11-30,38.00388415938897,29.66959232785883,44.40047562922812,38.00388415938897,38.00388415938897,-1.4109777719777776,-1.4109777719777776,-1.4109777719777776,-1.4109777719777776,-1.4109777719777776,-1.4109777719777776,0.0,0.0,0.0,36.59290638741119
35,2006-12-31,37.9338772627317,30.90103260583303,45.14850874256383,37.9338772627317,37.9338772627317,-0.04000773509850925,-0.04000773509850925,-0.04000773509850925,-0.04000773509850925,-0.04000773509850925,-0.04000773509850925,0.0,0.0,0.0,37.89386952763319
36,2007-01-31,37.86387036607442,28.005617876552996,42.91971534325547,37.86387036607442,37.86387036607442,-2.625877852019721,-2.625877852019721,-2.625877852019721,-2.625877852019721,-2.625877852019721,-2.625877852019721,0.0,0.0,0.0,35.2379925140547
37,2007-02-28,37.80063833038399,32.72431129420435,46.990678049535894,37.80063833038399,37.80063833038399,1.973163730277492,1.973163730277492,1.973163730277492,1.973163730277492,1.973163730277492,1.973163730277492,0.0,0.0,0.0,39.77380206066148
38,2007-03-31,37.70924024652377,36.43706128814278,51.003656571307424,37.70924024652377,37.70924024652377,5.753455463600361,5.753455463600361,5.753455463600361,5.753455463600361,5.753455463600361,5.753455463600361,0.0,0.0,0.0,43.46269571012413
39,2007-04-30,37.62079048794935,29.57055227258626,43.95666531970522,37.62079048794935,37.62079048794935,-0.7151377221018147,-0.7151377221018147,-0.7151377221018147,-0.7151377221018147,-0.7151377221018147,-0.7151377221018147,0.0,0.0,0.0,36.905652765847535
40,2007-05-31,37.52939240408913,29.274026682079604,44.19515936480696,37.52939240408913,37.52939240408913,-1.0247384614007589,-1.0247384614007589,-1.0247384614007589,-1.0247384614007589,-1.0247384614007589,-1.0247384614007589,0.0,0.0,0.0,36.50465394268837
41,2007-06-30,37.44094264551472,32.916015008332984,47.52055509982041,37.44094264551472,37.44094264551472,2.833327516415925,2.833327516415925,2.833327516415925,2.833327516415925,2.833327516415925,2.833327516415925,0.0,0.0,0.0,40.274270161930644
42,2007-07-31,37.34954456165449,30.06905344825294,44.93569657388044,37.34954456165449,37.34954456165449,-0.07488473188888015,-0.07488473188888015,-0.07488473188888015,-0.07488473188888015,-0.07488473188888015,-0.07488473188888015,0.0,0.0,0.0,37.27465982976561
43,2007-08-31,37.2479504288764,26.208546501689785,40.792922609204325,37.2479504288764,37.2479504288764,-3.7125614505849236,-3.7125614505849236,-3.7125614505849236,-3.7125614505849236,-3.7125614505849236,-3.7125614505849236,0.0,0.0,0.0,33.53538897829148
44,2007-09-30,37.14963352618791,30.614360216079064,45.532492752971415,37.14963352618791,37.14963352618791,1.007224494739131,1.007224494739131,1.007224494739131,1.007224494739131,1.007224494739131,1.007224494739131,0.0,0.0,0.0,38.15685802092705
45,2007-10-31,37.04803939340982,30.53622003870838,44.942968592095966,37.04803939340982,37.04803939340982,0.755648117749181,0.755648117749181,0.755648117749181,0.755648117749181,0.755648117749181,0.755648117749181,0.0,0.0,0.0,37.803687511159005
46,2007-11-30,36.94972249072134,27.396309137277495,42.18221943266519,36.94972249072134,36.94972249072134,-2.1294023160709523,-2.1294023160709523,-2.1294023160709523,-2.1294023160709523,-2.1294023160709523,-2.1294023160709523,0.0,0.0,0.0,34.82032017465039
47,2007-12-31,36.848128357943246,31.464944407135235,46.57734687679538,36.848128357943246,36.848128357943246,1.7561369524693997,1.7561369524693997,1.7561369524693997,1.7561369524693997,1.7561369524693997,1.7561369524693997,0.0,0.0,0.0,38.60426531041264
48,2008-01-31,36.74641579511431,25.701269378481083,40.79450886938255,36.74641579511431,36.74641579511431,-3.6954917095550504,-3.6954917095550504,-3.6954917095550504,-3.6954917095550504,-3.6954917095550504,-3.6954917095550504,0.0,0.0,0.0,33.05092408555926
49,2008-02-29,36.65126533311305,33.94134404381824,48.45372462502488,36.65126533311305,36.65126533311305,4.608269785693197,4.608269785693197,4.608269785693197,4.608269785693197,4.608269785693197,4.608269785693197,0.0,0.0,0.0,41.25953511880625
50,2008-03-31,36.549552770284116,30.31995410678685,44.913380266575764,36.549552770284116,36.549552770284116,1.0123958590582018,1.0123958590582018,1.0123958590582018,1.0123958590582018,1.0123958590582018,1.0123958590582018,0.0,0.0,0.0,37.56194862934232
51,2008-04-30,36.45112125786902,28.11826821802703,42.65751110302315,36.45112125786902,36.45112125786902,-1.2784235979576528,-1.2784235979576528,-1.2784235979576528,-1.2784235979576528,-1.2784235979576528,-1.2784235979576528,0.0,0.0,0.0,35.172697659911364
52,2008-05-31,36.34940869504009,31.058619405632953,45.78761294461585,36.34940869504009,36.34940869504009,2.552783901898259,2.552783901898259,2.552783901898259,2.552783901898259,2.552783901898259,2.552783901898259,0.0,0.0,0.0,38.90219259693835
53,2008-06-30,36.25097489113888,30.012366333160557,44.93086343676494,36.25097489113888,36.25097489113888,1.455355495680392,1.455355495680392,1.455355495680392,1.455355495680392,1.455355495680392,1.455355495680392,0.0,0.0,0.0,37.706330386819275
54,2008-07-31,36.149259960440965,28.768572230340602,42.861008317373,36.149259960440965,36.149259960440965,-0.14397621398796392,-0.14397621398796392,-0.14397621398796392,-0.14397621398796392,-0.14397621398796392,-0.14397621398796392,0.0,0.0,0.0,36.005283746453
55,2008-08-31,36.04754502974305,26.464982263317893,40.86214391251827,36.04754502974305,36.04754502974305,-2.6799503421350495,-2.6799503421350495,-2.6799503421350495,-2.6799503421350495,-2.6799503421350495,-2.6799503421350495,0.0,0.0,0.0,33.367594687608
56,2008-09-30,35.94911122584185,26.73764710784495,40.932564606538875,35.94911122584185,35.94911122584185,-1.6029052869341576,-1.6029052869341576,-1.6029052869341576,-1.6029052869341576,-1.6029052869341576,-1.6029052869341576,0.0,0.0,0.0,34.34620593890769
57,2008-10-31,35.84739629514393,31.212747096260472,45.57560707622701,35.84739629514393,35.84739629514393,2.257089036778881,2.257089036778881,2.257089036778881,2.257089036778881,2.257089036778881,2.257089036778881,0.0,0.0,0.0,38.10448533192281
58,2008-11-30,35.748962491242715,28.977065214605854,42.61333235723971,35.748962491242715,35.748962491242715,0.09673237942347399,0.09673237942347399,0.09673237942347399,0.09673237942347399,0.09673237942347399,0.09673237942347399,0.0,0.0,0.0,35.845694870666186
59,2008-12-31,35.64724754013152,24.69917808462065,39.37674914391406,35.64724754013152,35.64724754013152,-3.6509403970608143,-3.6509403970608143,-3.6509403970608143,-3.6509403970608143,-3.6509403970608143,-3.6509403970608143,0.0,0.0,0.0,31.996307143070702
60,2009-01-31,35.54553258902031,27.516497101340757,42.466285572574655,35.54553258902031,35.54553258902031,-0.571951180601806,-0.571951180601806,-0.571951180601806,-0.571951180601806,-0.571951180601806,-0.571951180601806,0.0,0.0,0.0,34.973581408418504
61,2009-02-28,35.45366102027471,31.794426675714472,46.50753372501621,35.45366102027471,35.45366102027471,3.698414147957901,3.698414147957901,3.698414147957901,3.698414147957901,3.698414147957901,3.698414147957901,0.0,0.0,0.0,39.15207516823261
62,2009-03-31,35.35194606916351,30.290997284601943,44.92339006931273,35.35194606916351,35.35194606916351,2.5781067449956137,2.5781067449956137,2.5781067449956137,2.5781067449956137,2.5781067449956137,2.5781067449956137,0.0,0.0,0.0,37.930052814159126
63,2009-04-30,35.25351224550751,26.970445589333817,41.40605636113648,35.25351224550751,35.25351224550751,-1.0590215221959125,-1.0590215221959125,-1.0590215221959125,-1.0590215221959125,-1.0590215221959125,-1.0590215221959125,0.0,0.0,0.0,34.194490723311596
64,2009-05-31,35.1517972931045,29.635349403883833,43.48712977941191,35.1517972931045,35.1517972931045,1.36424849689442,1.36424849689442,1.36424849689442,1.36424849689442,1.36424849689442,1.36424849689442,0.0,0.0,0.0,36.51604578999892
65,2009-06-30,35.05336346819836,29.59909006836463,43.8948030802336,35.05336346819836,35.05336346819836,1.9018419895754395,1.9018419895754395,1.9018419895754395,1.9018419895754395,1.9018419895754395,1.9018419895754395,0.0,0.0,0.0,36.9552054577738
66,2009-07-31,34.951648515795355,28.32457258000685,41.76149112051332,34.951648515795355,34.951648515795355,-0.117929643141675,-0.117929643141675,-0.117929643141675,-0.117929643141675,-0.117929643141675,-0.117929643141675,0.0,0.0,0.0,34.833718872653684
67,2009-08-31,34.84993356339235,24.786894050266223,39.242209062666156,34.84993356339235,34.84993356339235,-3.0345189376389365,-3.0345189376389365,-3.0345189376389365,-3.0345189376389365,-3.0345189376389365,-3.0345189376389365,0.0,0.0,0.0,31.815414625753412
68,2009-09-30,34.7514997384862,26.787336580201767,40.88609932434343,34.7514997384862,34.7514997384862,-0.7280538685066029,-0.7280538685066029,-0.7280538685066029,-0.7280538685066029,-0.7280538685066029,-0.7280538685066029,0.0,0.0,0.0,34.0234458699796
69,2009-10-31,34.649784785723824,28.922562366562705,43.56293369173315,34.649784785723824,34.649784785723824,1.7738261426586945,1.7738261426586945,1.7738261426586945,1.7738261426586945,1.7738261426586945,1.7738261426586945,0.0,0.0,0.0,36.423610928382516
70,2009-11-30,34.55135096046991,26.21413524816064,40.62564871159321,34.55135096046991,34.55135096046991,-0.66875933619378,-0.66875933619378,-0.66875933619378,-0.66875933619378,-0.66875933619378,-0.66875933619378,0.0,0.0,0.0,33.88259162427613
71,2009-12-31,34.44963600770753,25.154943382827614,40.242420999885624,34.44963600770753,34.44963600770753,-1.842880416145695,-1.842880416145695,-1.842880416145695,-1.842880416145695,-1.842880416145695,-1.842880416145695,0.0,0.0,0.0,32.606755591561836
72,2010-01-31,34.347921054945154,25.305656703986045,39.60314324134338,34.347921054945154,34.347921054945154,-1.5843822552332216,-1.5843822552332216,-1.5843822552332216,-1.5843822552332216,-1.5843822552332216,-1.5843822552332216,0.0,0.0,0.0,32.76353879971193
73,2010-02-28,34.25604948470817,29.780313987879754,44.75556278217325,34.25604948470817,34.25604948470817,2.819782575698384,2.819782575698384,2.819782575698384,2.819782575698384,2.819782575698384,2.819782575698384,0.0,0.0,0.0,37.075832060406555
74,2010-03-31,34.15433453194579,31.126961490557,45.616902152002645,34.15433453194579,34.15433453194579,4.1589997892794965,4.1589997892794965,4.1589997892794965,4.1589997892794965,4.1589997892794965,4.1589997892794965,0.0,0.0,0.0,38.31333432122529
75,2010-04-30,34.05590070669188,26.357913058488567,39.800272363293125,34.05590070669188,34.05590070669188,-0.8711615203199703,-0.8711615203199703,-0.8711615203199703,-0.8711615203199703,-0.8711615203199703,-0.8711615203199703,0.0,0.0,0.0,33.18473918637191
76,2010-05-31,33.9541857539295,26.519361205315604,41.76005951124833,33.9541857539295,33.9541857539295,0.17134560056945383,0.17134560056945383,0.17134560056945383,0.17134560056945383,0.17134560056945383,0.17134560056945383,0.0,0.0,0.0,34.12553135449895
77,2010-06-30,33.85575192867559,28.70678159834181,43.40675063111529,33.85575192867559,33.85575192867559,2.3612306324595704,2.3612306324595704,2.3612306324595704,2.3612306324595704,2.3612306324595704,2.3612306324595704,0.0,0.0,0.0,36.21698256113516
78,2010-07-31,33.754036975913216,26.1450765983186,40.83154480593251,33.754036975913216,33.754036975913216,-0.09489488181153802,-0.09489488181153802,-0.09489488181153802,-0.09489488181153802,-0.09489488181153802,-0.09489488181153802,0.0,0.0,0.0,33.659142094101675
79,2010-08-31,33.65232202315084,23.699471749170357,38.08035344380708,33.65232202315084,33.65232202315084,-3.378774290621481,-3.378774290621481,-3.378774290621481,-3.378774290621481,-3.378774290621481,-3.378774290621481,0.0,0.0,0.0,30.273547732529355
80,2010-09-30,33.553888197896924,26.564300393845222,41.70539828513258,33.553888197896924,33.553888197896924,0.14226101985810882,0.14226101985810882,0.14226101985810882,0.14226101985810882,0.14226101985810882,0.14226101985810882,0.0,0.0,0.0,33.696149217755035
81,2010-10-31,33.452173245134546,27.504115790094634,42.04277796454001,33.452173245134546,33.452173245134546,1.2731738617653412,1.2731738617653412,1.2731738617653412,1.2731738617653412,1.2731738617653412,1.2731738617653412,0.0,0.0,0.0,34.72534710689989
82,2010-11-30,33.353739419880625,24.928151697479688,39.56789212356986,33.353739419880625,33.353739419880625,-1.410977771969995,-1.410977771969995,-1.410977771969995,-1.410977771969995,-1.410977771969995,-1.410977771969995,0.0,0.0,0.0,31.94276164791063
83,2010-12-31,33.252024467118254,25.783033197061254,39.78764884480271,33.252024467118254,33.252024467118254,-0.04000773509921322,-0.04000773509921322,-0.04000773509921322,-0.04000773509921322,-0.04000773509921322,-0.04000773509921322,0.0,0.0,0.0,33.21201673201904
84,2011-01-31,33.150309514355875,23.074716429738647,38.12626121912355,33.150309514355875,33.150309514355875,-2.6258778520231187,-2.6258778520231187,-2.6258778520231187,-2.6258778520231187,-2.6258778520231187,-2.6258778520231187,0.0,0.0,0.0,30.524431662332756
85,2011-02-28,33.05843794411889,27.6422360446039,42.168387356252275,33.05843794411889,33.05843794411889,1.973163730273047,1.973163730273047,1.973163730273047,1.973163730273047,1.973163730273047,1.973163730273047,0.0,0.0,0.0,35.031601674391936
86,2011-03-31,32.95672299135651,31.399904243315444,45.74950055258623,32.95672299135651,32.95672299135651,5.75345546361292,5.75345546361292,5.75345546361292,5.75345546361292,5.75345546361292,5.75345546361292,0.0,0.0,0.0,38.71017845496943
87,2011-04-30,32.8582891661026,25.04876222854523,39.82796992636571,32.8582891661026,32.8582891661026,-0.7151377220968992,-0.7151377220968992,-0.7151377220968992,-0.7151377220968992,-0.7151377220968992,-0.7151377220968992,0.0,0.0,0.0,32.1431514440057
88,2011-05-31,32.75657421334022,24.301883032404756,39.00305969886876,32.75657421334022,32.75657421334022,-1.024738461404294,-1.024738461404294,-1.024738461404294,-1.024738461404294,-1.024738461404294,-1.024738461404294,0.0,0.0,0.0,31.73183575193593
89,2011-06-30,32.65814038808631,28.71747097596191,42.72460543322106,32.65814038808631,32.65814038808631,2.8333275164171954,2.8333275164171954,2.8333275164171954,2.8333275164171954,2.8333275164171954,2.8333275164171954,0.0,0.0,0.0,35.4914679045035
90,2011-07-31,32.55642543532393,25.391736226283307,39.49083264427202,32.55642543532393,32.55642543532393,-0.07488473188581342,-0.07488473188581342,-0.07488473188581342,-0.07488473188581342,-0.07488473188581342,-0.07488473188581342,0.0,0.0,0.0,32.481540703438114
91,2011-08-31,32.45471048256155,21.703076415310733,36.372767237877376,32.45471048256155,32.45471048256155,-3.712561450580139,-3.712561450580139,-3.712561450580139,-3.712561450580139,-3.712561450580139,-3.712561450580139,0.0,0.0,0.0,28.742149031981413
92,2011-09-30,32.35627665730764,26.049675055188676,40.91619499083847,32.35627665730764,32.35627665730764,1.0072244947395816,1.0072244947395816,1.0072244947395816,1.0072244947395816,1.0072244947395816,1.0072244947395816,0.0,0.0,0.0,33.36350115204722
93,2011-10-31,32.25456170454526,25.979332293610824,40.40514213910638,32.25456170454526,32.25456170454526,0.7556481177480288,0.7556481177480288,0.7556481177480288,0.7556481177480288,0.7556481177480288,0.7556481177480288,0.0,0.0,0.0,33.01020982229329
94,2011-11-30,32.15612787929135,22.879584509994384,37.858667995644154,32.15612787929135,32.15612787929135,-2.129402316061206,-2.129402316061206,-2.129402316061206,-2.129402316061206,-2.129402316061206,-2.129402316061206,0.0,0.0,0.0,30.02672556323014
95,2011-12-31,32.05441292652897,26.048965344388915,41.13305271651883,32.05441292652897,32.05441292652897,1.7561369524666843,1.7561369524666843,1.7561369524666843,1.7561369524666843,1.7561369524666843,1.7561369524666843,0.0,0.0,0.0,33.81054987899565
96,2012-01-31,31.952697973766597,20.76782381928396,35.033138017659944,31.952697973766597,31.952697973766597,-3.695491709555012,-3.695491709555012,-3.695491709555012,-3.695491709555012,-3.695491709555012,-3.695491709555012,0.0,0.0,0.0,28.257206264211586
97,2012-02-29,31.857545276021142,29.362130244020033,43.70095489632566,31.857545276021142,31.857545276021142,4.608269785685653,4.608269785685653,4.608269785685653,4.608269785685653,4.608269785685653,4.608269785685653,0.0,0.0,0.0,36.46581506170679
98,2012-03-31,31.755830323258763,25.617875187162486,39.835429797842046,31.755830323258763,31.755830323258763,1.0123958590497266,1.0123958590497266,1.0123958590497266,1.0123958590497266,1.0123958590497266,1.0123958590497266,0.0,0.0,0.0,32.76822618230849
99,2012-04-30,31.657396498004854,23.70403762852329,38.10536877413753,31.657396498004854,31.657396498004854,-1.2784235979643923,-1.2784235979643923,-1.2784235979643923,-1.2784235979643923,-1.2784235979643923,-1.2784235979643923,0.0,0.0,0.0,30.378972900040463
100,2012-05-31,31.555681545242475,27.25864447817374,41.023338338068804,31.555681545242475,31.555681545242475,2.552783901900914,2.552783901900914,2.552783901900914,2.552783901900914,2.552783901900914,2.552783901900914,0.0,0.0,0.0,34.10846544714339
101,2012-06-30,31.457247719988565,26.090227154867335,40.24327183900857,31.457247719988565,31.457247719988565,1.4553554956822814,1.4553554956822814,1.4553554956822814,1.4553554956822814,1.4553554956822814,1.4553554956822814,0.0,0.0,0.0,32.91260321567085
102,2012-07-31,31.355532767226187,23.97047338371246,38.525426808789646,31.355532767226187,31.355532767226187,-0.14397621399011465,-0.14397621399011465,-0.14397621399011465,-0.14397621399011465,-0.14397621399011465,-0.14397621399011465,0.0,0.0,0.0,31.211556553236072
103,2012-08-31,31.253817814463808,21.519635915950598,36.201299400048796,31.253817814463808,31.253817814463808,-2.6799503421276927,-2.6799503421276927,-2.6799503421276927,-2.6799503421276927,-2.6799503421276927,-2.6799503421276927,0.0,0.0,0.0,28.573867472336115
104,2012-09-30,31.15538398920989,22.57308368201782,36.742502869239274,31.15538398920989,31.15538398920989,-1.6029052869338378,-1.6029052869338378,-1.6029052869338378,-1.6029052869338378,-1.6029052869338378,-1.6029052869338378,0.0,0.0,0.0,29.552478702276055
105,2012-10-31,31.053669036447513,26.14044481081465,40.80031499297502,31.053669036447513,31.053669036447513,2.2570890367816343,2.2570890367816343,2.2570890367816343,2.2570890367816343,2.2570890367816343,2.2570890367816343,0.0,0.0,0.0,33.310758073229145
106,2012-11-30,30.955235211193603,24.34020301835558,38.394863939958114,30.955235211193603,30.955235211193603,0.09673237942350661,0.09673237942350661,0.09673237942350661,0.09673237942350661,0.09673237942350661,0.09673237942350661,0.0,0.0,0.0,31.05196759061711
107,2012-12-31,30.853520258431224,19.93625171385294,34.57381505764079,30.853520258431224,30.853520258431224,-3.6509403970672136,-3.6509403970672136,-3.6509403970672136,-3.6509403970672136,-3.6509403970672136,-3.6509403970672136,0.0,0.0,0.0,27.20257986136401
108,2013-01-31,30.75180530566885,22.64014170437393,38.03504426866457,30.75180530566885,30.75180530566885,-0.571951180602174,-0.571951180602174,-0.571951180602174,-0.571951180602174,-0.571951180602174,-0.571951180602174,0.0,0.0,0.0,30.179854125066676
109,2013-02-28,30.65993373543186,26.83431756767845,41.31643889695661,30.65993373543186,30.65993373543186,3.698414147953335,3.698414147953335,3.698414147953335,3.698414147953335,3.698414147953335,3.698414147953335,0.0,0.0,0.0,34.35834788338519
110,2013-03-31,30.558218782669485,25.936789646085327,39.77381700543908,30.558218782669485,30.558218782669485,2.5781067449949036,2.5781067449949036,2.5781067449949036,2.5781067449949036,2.5781067449949036,2.5781067449949036,0.0,0.0,0.0,33.13632552766439
111,2013-04-30,30.45978495741557,22.102202003099336,36.977575630085106,30.45978495741557,30.45978495741557,-1.059021522195235,-1.059021522195235,-1.059021522195235,-1.059021522195235,-1.059021522195235,-1.059021522195235,0.0,0.0,0.0,29.400763435220338
112,2013-05-31,30.358070004653197,23.862327525495356,39.1302834316389,30.358070004653197,30.358070004653197,1.3642484968919784,1.3642484968919784,1.3642484968919784,1.3642484968919784,1.3642484968919784,1.3642484968919784,0.0,0.0,0.0,31.722318501545175
113,2013-06-30,30.25963617939928,25.161423320486062,39.89096815032081,30.25963617939928,30.25963617939928,1.9018419895822563,1.9018419895822563,1.9018419895822563,1.9018419895822563,1.9018419895822563,1.9018419895822563,0.0,0.0,0.0,32.16147816898154
114,2013-07-31,30.157921226636898,22.161094137723882,37.122944660182014,30.157921226636898,30.157921226636898,-0.11792964313974276,-0.11792964313974276,-0.11792964313974276,-0.11792964313974276,-0.11792964313974276,-0.11792964313974276,0.0,0.0,0.0,30.039991583497155
115,2013-08-31,30.056206273874523,19.741443480401003,34.04158899264343,30.056206273874523,30.056206273874523,-3.034518937624201,-3.034518937624201,-3.034518937624201,-3.034518937624201,-3.034518937624201,-3.034518937624201,0.0,0.0,0.0,27.02168733625032
116,2013-09-30,29.95777244862061,21.811228442518782,36.37084831873444,29.95777244862061,29.95777244862061,-0.7280538684984454,-0.7280538684984454,-0.7280538684984454,-0.7280538684984454,-0.7280538684984454,-0.7280538684984454,0.0,0.0,0.0,29.229718580122164
117,2013-10-31,29.856057495858234,24.164642463404057,38.84817872209691,29.856057495858234,29.856057495858234,1.7738261426572792,1.7738261426572792,1.7738261426572792,1.7738261426572792,1.7738261426572792,1.7738261426572792,0.0,0.0,0.0,31.629883638515512
118,2013-11-30,29.75762367060432,21.85667904597482,36.398849647724305,29.75762367060432,29.75762367060432,-0.668759336200517,-0.668759336200517,-0.668759336200517,-0.668759336200517,-0.668759336200517,-0.668759336200517,0.0,0.0,0.0,29.088864334403805
119,2013-12-31,29.655908717841942,20.77643682099475,34.76058180601013,29.655908717841942,29.655908717841942,-1.8428804161532577,-1.8428804161532577,-1.8428804161532577,-1.8428804161532577,-1.8428804161532577,-1.8428804161532577,0.0,0.0,0.0,27.813028301688686
120,2014-01-31,29.554193765079564,20.547940378225498,35.05731912062332,29.554193765079564,29.554193765079564,-1.584382255232895,-1.584382255232895,-1.584382255232895,-1.584382255232895,-1.584382255232895,-1.584382255232895,0.0,0.0,0.0,27.969811509846668
121,2014-02-28,29.462322194842578,24.761371443944682,39.34479646920099,29.462322194842578,29.462322194842578,2.819782575698766,2.819782575698766,2.819782575698766,2.819782575698766,2.819782575698766,2.819782575698766,0.0,0.0,0.0,32.282104770541345
122,2014-03-31,29.360607242080203,26.64115442965438,40.78477331066991,29.360607242080203,29.360607242080203,4.158999789290144,4.158999789290144,4.158999789290144,4.158999789290144,4.158999789290144,4.158999789290144,0.0,0.0,0.0,33.51960703137035
123,2014-04-30,29.26217341682629,20.685839569002123,35.71353257464702,29.26217341682629,29.26217341682629,-0.8711615203194788,-0.8711615203194788,-0.8711615203194788,-0.8711615203194788,-0.8711615203194788,-0.8711615203194788,0.0,0.0,0.0,28.39101189650681
124,2014-05-31,29.160458464063915,22.459001148536778,36.98595064629058,29.160458464063915,29.160458464063915,0.17134560057014409,0.17134560057014409,0.17134560057014409,0.17134560057014409,0.17134560057014409,0.17134560057014409,0.0,0.0,0.0,29.33180406463406
125,2014-06-30,29.062024638809998,24.205411517469052,38.750347765338965,29.062024638809998,29.062024638809998,2.361230632468931,2.361230632468931,2.361230632468931,2.361230632468931,2.361230632468931,2.361230632468931,0.0,0.0,0.0,31.42325527127893
126,2014-07-31,28.96030968604762,21.734038929718285,36.42099225030103,28.96030968604762,28.96030968604762,-0.09489488180955716,-0.09489488180955716,-0.09489488180955716,-0.09489488180955716,-0.09489488180955716,-0.09489488180955716,0.0,0.0,0.0,28.86541480423806
127,2014-08-31,28.85859473328524,18.273675751028357,32.98166500725212,28.85859473328524,28.85859473328524,-3.378774290627528,-3.378774290627528,-3.378774290627528,-3.378774290627528,-3.378774290627528,-3.378774290627528,0.0,0.0,0.0,25.47982044265771
128,2014-09-30,28.76016090803133,21.90156533335609,36.36427778923825,28.76016090803133,28.76016090803133,0.14226101986633352,0.14226101986633352,0.14226101986633352,0.14226101986633352,0.14226101986633352,0.14226101986633352,0.0,0.0,0.0,28.902421927897663
129,2014-10-31,28.658445955268952,22.871476500228425,37.55279203769631,28.658445955268952,28.658445955268952,1.2731738617600104,1.2731738617600104,1.2731738617600104,1.2731738617600104,1.2731738617600104,1.2731738617600104,0.0,0.0,0.0,29.931619817028963
130,2014-11-30,28.56001213001504,19.745002516621827,34.37585883707434,28.56001213001504,28.56001213001504,-1.4109777719770942,-1.4109777719770942,-1.4109777719770942,-1.4109777719770942,-1.4109777719770942,-1.4109777719770942,0.0,0.0,0.0,27.149034358037945
131,2014-12-31,28.458297177252657,21.02651844844506,35.88153426085858,28.458297177252657,28.458297177252657,-0.04000773510617124,-0.04000773510617124,-0.04000773510617124,-0.04000773510617124,-0.04000773510617124,-0.04000773510617124,0.0,0.0,0.0,28.418289442146484
132,2015-01-31,28.356582224490282,18.647767575399662,32.99752218485054,28.356582224490282,28.356582224490282,-2.6258778520230712,-2.6258778520230712,-2.6258778520230712,-2.6258778520230712,-2.6258778520230712,-2.6258778520230712,0.0,0.0,0.0,25.730704372467212
133,2015-02-28,28.2647106542533,22.591837757252716,37.63746447735648,28.2647106542533,28.2647106542533,1.973163730274807,1.973163730274807,1.973163730274807,1.973163730274807,1.973163730274807,1.973163730274807,0.0,0.0,0.0,30.237874384528105
134,2015-03-31,28.162995701490917,26.825257043232913,41.41670712237111,28.162995701490917,28.162995701490917,5.753455463619928,5.753455463619928,5.753455463619928,5.753455463619928,5.753455463619928,5.753455463619928,0.0,0.0,0.0,33.91645116511084
135,2015-04-30,28.064561876237008,19.915964102408186,34.667455581701404,28.064561876237008,28.064561876237008,-0.7151377221055205,-0.7151377221055205,-0.7151377221055205,-0.7151377221055205,-0.7151377221055205,-0.7151377221055205,0.0,0.0,0.0,27.349424154131487
136,2015-05-31,27.962846923474626,19.317148725569457,34.41886733714177,27.962846923474626,27.962846923474626,-1.0247384614128339,-1.0247384614128339,-1.0247384614128339,-1.0247384614128339,-1.0247384614128339,-1.0247384614128339,0.0,0.0,0.0,26.93810846206179
137,2015-06-30,27.864413098220716,23.77324715768381,37.99728502639313,27.864413098220716,27.864413098220716,2.8333275164230134,2.8333275164230134,2.8333275164230134,2.8333275164230134,2.8333275164230134,2.8333275164230134,0.0,0.0,0.0,30.697740614643727
138,2015-07-31,27.762698145458337,20.66577348727833,34.653666672623466,27.762698145458337,27.762698145458337,-0.07488473188460631,-0.07488473188460631,-0.07488473188460631,-0.07488473188460631,-0.07488473188460631,-0.07488473188460631,0.0,0.0,0.0,27.687813413573732
139,2015-08-31,27.660983192695962,16.037722846235436,31.41732167974345,27.660983192695962,27.660983192695962,-3.712561450582711,-3.712561450582711,-3.712561450582711,-3.712561450582711,-3.712561450582711,-3.712561450582711,0.0,0.0,0.0,23.94842174211325
140,2015-09-30,27.56254936744205,21.59171593617108,35.24966218928189,27.56254936744205,27.56254936744205,1.0072244947287141,1.0072244947287141,1.0072244947287141,1.0072244947287141,1.0072244947287141,1.0072244947287141,0.0,0.0,0.0,28.569773862170763
141,2015-10-31,27.46083441467967,20.846417646519804,35.332465360802395,27.46083441467967,27.46083441467967,0.755648117747015,0.755648117747015,0.755648117747015,0.755648117747015,0.755648117747015,0.755648117747015,0.0,0.0,0.0,28.216482532426685
142,2015-11-30,27.362400589425757,18.070551916331766,32.01437356414722,27.362400589425757,27.362400589425757,-2.1294023160677935,-2.1294023160677935,-2.1294023160677935,-2.1294023160677935,-2.1294023160677935,-2.1294023160677935,0.0,0.0,0.0,25.232998273357964
143,2015-12-31,27.260685636663375,22.26006142975551,36.755081302030526,27.260685636663375,27.260685636663375,1.7561369524789605,1.7561369524789605,1.7561369524789605,1.7561369524789605,1.7561369524789605,1.7561369524789605,0.0,0.0,0.0,29.016822589142336
144,2016-01-31,27.158970683901,16.25649234505524,30.878887746755233,27.158970683901,27.158970683901,-3.6954917095543265,-3.6954917095543265,-3.6954917095543265,-3.6954917095543265,-3.6954917095543265,-3.6954917095543265,0.0,0.0,0.0,23.463478974346675
145,2016-02-29,27.073029049369605,24.651199356222815,38.96599372640993,27.073029049369605,27.073029049369605,4.608269785681248,4.608269785681248,4.608269785681248,4.608269785681248,4.608269785681248,4.608269785681248,0.0,0.0,0.0,31.681298835050853
146,2016-03-31,26.98116040556019,20.979605391903657,35.52201601776359,26.98116040556019,26.98116040556019,1.0123958590618078,1.0123958590618078,1.0123958590618078,1.0123958590618078,1.0123958590618078,1.0123958590618078,0.0,0.0,0.0,27.993556264621997
147,2016-04-30,26.892255266389785,18.11710165401384,32.43616600581205,26.892255266389785,26.892255266389785,-1.2784235979607215,-1.2784235979607215,-1.2784235979607215,-1.2784235979607215,-1.2784235979607215,-1.2784235979607215,0.0,0.0,0.0,25.613831668429064
148,2016-05-31,26.800386622580362,22.523165620274586,37.242858952649705,26.800386622580362,26.800386622580362,2.5527839018954994,2.5527839018954994,2.5527839018954994,2.5527839018954994,2.5527839018954994,2.5527839018954994,0.0,0.0,0.0,29.35317052447586
149,2016-06-30,26.711481483409955,20.93273112556627,35.56542096850225,26.711481483409955,26.711481483409955,1.455355495689138,1.455355495689138,1.455355495689138,1.455355495689138,1.455355495689138,1.455355495689138,0.0,0.0,0.0,28.16683697909909
150,2016-07-31,26.61961283960053,19.22138031411828,33.87996699786271,26.61961283960053,26.61961283960053,-0.1439762139905613,-0.1439762139905613,-0.1439762139905613,-0.1439762139905613,-0.1439762139905613,-0.1439762139905613,0.0,0.0,0.0,26.47563662560997
151,2016-08-31,26.52779315011993,15.756051389024565,31.068074797492464,26.52779315011993,26.52779315011993,-2.679950342133912,-2.679950342133912,-2.679950342133912,-2.679950342133912,-2.679950342133912,-2.679950342133912,0.0,0.0,0.0,23.84784280798602
152,2016-09-30,26.43893538610644,17.798967940562132,32.073117197775446,26.43893538610644,26.43893538610644,-1.6029052869248297,-1.6029052869248297,-1.6029052869248297,-1.6029052869248297,-1.6029052869248297,-1.6029052869248297,0.0,0.0,0.0,24.83603009918161
153,2016-10-31,26.34711569662584,21.721627820996442,35.80522935032375,26.34711569662584,26.34711569662584,2.2570890367808327,2.2570890367808327,2.2570890367808327,2.2570890367808327,2.2570890367808327,2.2570890367808327,0.0,0.0,0.0,28.60420473340667
154,2016-11-30,26.25825793261235,18.91712979874399,33.76592538471161,26.25825793261235,26.25825793261235,0.09673237943130884,0.09673237943130884,0.09673237943130884,0.09673237943130884,0.09673237943130884,0.09673237943130884,0.0,0.0,0.0,26.354990312043657
155,2016-12-31,26.166438243131743,14.957102694194957,29.62403778535535,26.166438243131743,26.166438243131743,-3.6509403970635708,-3.6509403970635708,-3.6509403970635708,-3.6509403970635708,-3.6509403970635708,-3.6509403970635708,0.0,0.0,0.0,22.515497846068172
156,2017-01-31,26.08050853542706,18.232387637352613,32.61529957407216,26.08050853542706,26.08050853542706,-0.5719511805988636,-0.5719511805988636,-0.5719511805988636,-0.5719511805988636,-0.5719511805988636,-0.5719511805988636,0.0,0.0,0.0,25.5085573548282
157,2017-02-28,26.002894605887356,22.21126444707684,37.0609425788904,26.002894605887356,26.002894605887356,3.698414147956902,3.698414147956902,3.698414147956902,3.698414147956902,3.698414147956902,3.698414147956902,0.0,0.0,0.0,29.70130875384426
158,2017-03-31,25.91696489818268,21.001649420919783,35.865703736638345,25.91696489818268,25.91696489818268,2.5781067450054285,2.5781067450054285,2.5781067450054285,2.5781067450054285,2.5781067450054285,2.5781067450054285,0.0,0.0,0.0,28.49507164318811
159,2017-04-30,25.833807116532995,17.118034012324358,32.38681560789672,25.833807116532995,25.833807116532995,-1.0590215221931354,-1.0590215221931354,-1.0590215221931354,-1.0590215221931354,-1.0590215221931354,-1.0590215221931354,0.0,0.0,0.0,24.77478559433986
160,2017-05-31,25.747877408828323,19.942302832112745,34.50312641512532,25.747877408828323,25.747877408828323,1.3642484968867319,1.3642484968867319,1.3642484968867319,1.3642484968867319,1.3642484968867319,1.3642484968867319,0.0,0.0,0.0,27.112125905715054
161,2017-06-30,25.674357027547856,20.22660299414799,34.956511614214996,25.674357027547856,25.674357027547856,1.9018419895793355,1.9018419895793355,1.9018419895793355,1.9018419895793355,1.9018419895793355,1.9018419895793355,0.0,0.0,0.0,27.57619901712719
162,2017-07-31,25.598385966891374,18.038329983695917,32.34191403477067,25.598385966891374,25.598385966891374,-0.11792964314346013,-0.11792964314346013,-0.11792964314346013,-0.11792964314346013,-0.11792964314346013,-0.11792964314346013,0.0,0.0,0.0,25.480456323747916
163,2017-08-31,25.522414906234893,15.208293700310046,30.161103354438495,25.522414906234893,25.522414906234893,-3.0345189376295076,-3.0345189376295076,-3.0345189376295076,-3.0345189376295076,-3.0345189376295076,-3.0345189376295076,0.0,0.0,0.0,22.487895968605386
164,2017-09-30,25.448894524954426,17.514013938939552,31.772713987271594,25.448894524954426,25.448894524954426,-0.7280538684859087,-0.7280538684859087,-0.7280538684859087,-0.7280538684859087,-0.7280538684859087,-0.7280538684859087,0.0,0.0,0.0,24.720840656468518
165,2017-10-31,25.37292346429794,19.488463186449202,33.64611462081936,25.37292346429794,25.37292346429794,1.773826142658292,1.773826142658292,1.773826142658292,1.773826142658292,1.773826142658292,1.773826142658292,0.0,0.0,0.0,27.146749606956234
166,2017-11-30,25.31095809338709,17.555991371608698,32.32187806470039,25.31095809338709,25.31095809338709,-0.6687593362067902,-0.6687593362067902,-0.6687593362067902,-0.6687593362067902,-0.6687593362067902,-0.6687593362067902,0.0,0.0,0.0,24.6421987571803
167,2017-12-31,25.246927210112542,15.954111552340622,30.227310235118143,25.246927210112542,25.246927210112542,-1.8428804161474874,-1.8428804161474874,-1.8428804161474874,-1.8428804161474874,-1.8428804161474874,-1.8428804161474874,0.0,0.0,0.0,23.404046793965055
168,2018-01-31,25.182896326837994,16.64514955218253,30.6301897897696,25.182896326837994,25.182896326837994,-1.5843822552303537,-1.5843822552303537,-1.5843822552303537,-1.5843822552303537,-1.5843822552303537,-1.5843822552303537,0.0,0.0,0.0,23.598514071607642
169,2018-02-28,25.125061980654532,20.517414812087043,35.33254816047649,25.125061980654532,25.125061980654532,2.8197825757005397,2.8197825757005397,2.8197825757005397,2.8197825757005397,2.8197825757005397,2.8197825757005397,0.0,0.0,0.0,27.944844556355072
170,2018-03-31,25.06103109737998,21.72608257344277,36.74451807565924,25.06103109737998,25.06103109737998,4.158999789277991,4.158999789277991,4.158999789277991,4.158999789277991,4.158999789277991,4.158999789277991,0.0,0.0,0.0,29.220030886657973
171,2018-04-30,24.999065726469127,16.714575468462744,31.924803026229643,24.999065726469127,24.999065726469127,-0.8711615203215056,-0.8711615203215056,-0.8711615203215056,-0.8711615203215056,-0.8711615203215056,-0.8711615203215056,0.0,0.0,0.0,24.127904206147623
172,2018-05-31,24.94574016638088,17.576005344867678,32.095734005432455,24.94574016638088,24.94574016638088,0.17134560056140646,0.17134560056140646,0.17134560056140646,0.17134560056140646,0.17134560056140646,0.17134560056140646,0.0,0.0,0.0,25.117085766942285
173,2018-06-30,24.89413478565032,20.076035797673498,34.74690213856189,24.89413478565032,24.89413478565032,2.361230632463133,2.361230632463133,2.361230632463133,2.361230632463133,2.361230632463133,2.361230632463133,0.0,0.0,0.0,27.255365418113453
174,2018-07-31,24.84080922556207,17.451475430475465,31.93207637897201,24.84080922556207,24.84080922556207,-0.09489488180859776,-0.09489488180859776,-0.09489488180859776,-0.09489488180859776,-0.09489488180859776,-0.09489488180859776,0.0,0.0,0.0,24.74591434375347
175,2018-08-31,24.78748366547382,14.404068059149683,28.736810868140825,24.78748366547382,24.78748366547382,-3.378774290623378,-3.378774290623378,-3.378774290623378,-3.378774290623378,-3.378774290623378,-3.378774290623378,0.0,0.0,0.0,21.408709374850442
176,2018-09-30,24.73587828474326,16.788895306914366,31.48313604501316,24.73587828474326,24.73587828474326,0.14226101985944142,0.14226101985944142,0.14226101985944142,0.14226101985944142,0.14226101985944142,0.14226101985944142,0.0,0.0,0.0,24.8781393046027
177,2018-10-31,24.690210155011012,18.358135876810078,33.09852872557075,24.690210155011012,24.690210155011012,1.2731738617629533,1.2731738617629533,1.2731738617629533,1.2731738617629533,1.2731738617629533,1.2731738617629533,0.0,0.0,0.0,25.963384016773965
178,2018-11-30,24.646015190754,15.879489326387567,30.609583152052355,24.646015190754,24.646015190754,-1.4109777719843646,-1.4109777719843646,-1.4109777719843646,-1.4109777719843646,-1.4109777719843646,-1.4109777719843646,0.0,0.0,0.0,23.235037418769636
179,2018-12-31,24.600347061021743,16.841431049162956,31.95712171317534,24.600347061021743,24.600347061021743,-0.04000773510070004,-0.04000773510070004,-0.04000773510070004,-0.04000773510070004,-0.04000773510070004,-0.04000773510070004,0.0,0.0,0.0,24.560339325921042
180,2019-01-31,24.554678931289494,14.663140737546945,29.127178770029786,24.554678931289494,24.554678931289494,-2.625877852027401,-2.625877852027401,-2.625877852027401,-2.625877852027401,-2.625877852027401,-2.625877852027401,0.0,0.0,0.0,21.928801079262094
181,2019-02-28,24.51343029798295,19.339486139579055,33.52086130626359,24.51343029798295,24.51343029798295,1.9731637302799028,1.9731637302799028,1.9731637302799028,1.9731637302799028,1.9731637302799028,1.9731637302799028,0.0,0.0,0.0,26.486594028262854
182,2019-03-31,24.467993312298514,23.137158674367875,37.78087036321407,24.467993312298514,24.467993312298514,5.753455463613617,5.753455463613617,5.753455463613617,5.753455463613617,5.753455463613617,5.753455463613617,0.0,0.0,0.0,30.22144877591213
183,2019-04-30,24.424022035829708,16.474178726391266,30.981126478249813,24.424022035829708,24.424022035829708,-0.7151377220999691,-0.7151377220999691,-0.7151377220999691,-0.7151377220999691,-0.7151377220999691,-0.7151377220999691,0.0,0.0,0.0,23.70888431372974
184,2019-05-31,24.378585050145272,15.887721920999036,30.377758062666523,24.378585050145272,24.378585050145272,-1.0247384614066704,-1.0247384614066704,-1.0247384614066704,-1.0247384614066704,-1.0247384614066704,-1.0247384614066704,0.0,0.0,0.0,23.3538465887386
185,2019-06-30,24.334613773676466,20.092294200632693,34.08512445484284,24.334613773676466,24.334613773676466,2.833327516420022,2.833327516420022,2.833327516420022,2.833327516420022,2.833327516420022,2.833327516420022,0.0,0.0,0.0,27.167941290096486
186,2019-07-31,24.289176787992027,17.501715126200157,31.35607085273357,24.289176787992027,24.289176787992027,-0.07488473188960328,-0.07488473188960328,-0.07488473188960328,-0.07488473188960328,-0.07488473188960328,-0.07488473188960328,0.0,0.0,0.0,24.214292056102423
187,2019-08-31,24.243959636253585,13.338210154635526,28.162538173762353,24.243959636253585,24.243959636253585,-3.7125614505787548,-3.7125614505787548,-3.7125614505787548,-3.7125614505787548,-3.7125614505787548,-3.7125614505787548,0.0,0.0,0.0,20.53139818567483
188,2019-09-30,24.200201102313155,18.288040647633327,32.2560879761773,24.200201102313155,24.200201102313155,1.0072244947250186,1.0072244947250186,1.0072244947250186,1.0072244947250186,1.0072244947250186,1.0072244947250186,0.0,0.0,0.0,25.207425597038174
189,2019-10-31,24.15498395057471,18.109930520094235,32.12046598380559,24.15498395057471,24.15498395057471,0.755648117750049,0.755648117750049,0.755648117750049,0.755648117750049,0.755648117750049,0.755648117750049,0.0,0.0,0.0,24.91063206832476
190,2019-11-30,24.11122541663428,14.311986274959194,29.493745361548584,24.11122541663428,24.11122541663428,-2.129402316060396,-2.129402316060396,-2.129402316060396,-2.129402316060396,-2.129402316060396,-2.129402316060396,0.0,0.0,0.0,21.981823100573884
191,2019-12-31,24.06600826489584,18.550161961031993,33.140744987533765,24.06600826489584,24.06600826489584,1.756136952471215,1.756136952471215,1.756136952471215,1.756136952471215,1.756136952471215,1.756136952471215,0.0,0.0,0.0,25.822145217367055
192,2020-01-31,24.020791113157394,12.303570564945,28.100960787640496,24.020791113157394,24.020791113157394,-3.6954917095586777,-3.6954917095586777,-3.6954917095586777,-3.6954917095586777,-3.6954917095586777,-3.6954917095586777,0.0,0.0,0.0,20.325299403598716
193,2020-02-29,23.98666791220149,21.023355878334527,35.83301858458392,23.98666791220149,23.98666791220149,4.608269785687695,4.608269785687695,4.608269785687695,4.608269785687695,4.608269785687695,4.608269785687695,0.0,0.0,0.0,28.594937697889186
194,2020-03-31,23.950191387041727,18.33815478446824,32.50107408915744,23.950191387041727,23.950191387041727,1.0123958590506386,1.0123958590506386,1.0123958590506386,1.0123958590506386,1.0123958590506386,1.0123958590506386,0.0,0.0,0.0,24.962587246092365
195,2020-04-30,23.91489152398389,14.927639004268134,30.036747960228855,23.91489152398389,23.91489152398389,-1.2784235979592458,-1.2784235979592458,-1.2784235979592458,-1.2784235979592458,-1.2784235979592458,-1.2784235979592458,0.0,0.0,0.0,22.636467926024643
196,2020-05-31,23.87841499882413,19.25425829674017,34.04143717738024,23.87841499882413,23.87841499882413,2.5527839019002148,2.5527839019002148,2.5527839019002148,2.5527839019002148,2.5527839019002148,2.5527839019002148,0.0,0.0,0.0,26.431198900724347
197,2020-06-30,23.843115135766297,17.84690960543529,32.10460973311828,23.843115135766297,23.843115135766297,1.4553554956805843,1.4553554956805843,1.4553554956805843,1.4553554956805843,1.4553554956805843,1.4553554956805843,0.0,0.0,0.0,25.298470631446882
198,2020-07-31,23.806674865819467,15.943067841375981,31.078591333194137,23.806674865819467,23.806674865819467,-0.143976213990483,-0.143976213990483,-0.143976213990483,-0.143976213990483,-0.143976213990483,-0.143976213990483,0.0,0.0,0.0,23.662698651828983
199,2020-08-31,23.770234595872637,13.581412820624601,28.67231219367307,23.770234595872637,23.770234595872637,-2.6799503421411552,-2.6799503421411552,-2.6799503421411552,-2.6799503421411552,-2.6799503421411552,-2.6799503421411552,0.0,0.0,0.0,21.090284253731483
200,2020-09-30,23.734969818504734,14.993987719150963,29.328057850011735,23.734969818504734,23.734969818504734,-1.60290528693252,-1.60290528693252,-1.60290528693252,-1.60290528693252,-1.60290528693252,-1.60290528693252,0.0,0.0,0.0,22.132064531572215
201,2020-10-31,23.698529548557904,18.655391414878974,32.77062486106484,23.698529548557904,23.698529548557904,2.2570890367757888,2.2570890367757888,2.2570890367757888,2.2570890367757888,2.2570890367757888,2.2570890367757888,0.0,0.0,0.0,25.955618585333692
202,2020-11-30,23.66326477119,16.430435664266916,30.8890246390955,23.66326477119,23.66326477119,0.09673237943532337,0.09673237943532337,0.09673237943532337,0.09673237943532337,0.09673237943532337,0.09673237943532337,0.0,0.0,0.0,23.759997150625324
203,2020-12-31,23.626824620532826,12.60409073025317,27.299047035544493,23.626824620532826,23.626824620532826,-3.650940397051649,-3.650940397051649,-3.650940397051649,-3.650940397051649,-3.650940397051649,-3.650940397051649,0.0,0.0,0.0,19.975884223481177
204,2021-01-31,23.590384469875648,15.222029413977408,30.686127424044606,23.590384469875648,23.590384469875648,-0.5719511806012646,-0.5719511806012646,-0.5719511806012646,-0.5719511806012646,-0.5719511806012646,-0.5719511806012646,0.0,0.0,0.0,23.018433289274384
205,2021-02-28,23.5574707854111,19.765509681534724,35.00226107226269,23.5574707854111,23.5574707854111,3.698414147952555,3.698414147952555,3.698414147952555,3.698414147952555,3.698414147952555,3.698414147952555,0.0,0.0,0.0,27.255884933363653
206,2021-03-31,23.521030634753917,18.602859242823456,33.03472896631964,23.521030634753917,23.521030634753917,2.5781067449980353,2.5781067449980353,2.5781067449980353,2.5781067449980353,2.5781067449980353,2.5781067449980353,0.0,0.0,0.0,26.09913737975195
207,2021-04-30,23.48576597282762,15.241094583841475,29.456430380768882,23.48576597282762,23.48576597282762,-1.0590215221965482,-1.0590215221965482,-1.0590215221965482,-1.0590215221965482,-1.0590215221965482,-1.0590215221965482,0.0,0.0,0.0,22.42674445063107
208,2021-05-31,23.449325822170437,16.85007049371099,32.387253496047656,23.449325822170437,23.449325822170437,1.3642484968883342,1.3642484968883342,1.3642484968883342,1.3642484968883342,1.3642484968883342,1.3642484968883342,0.0,0.0,0.0,24.81357431905877
209,2021-06-30,23.414061160244138,18.120400775100578,33.17362134566247,23.414061160244138,23.414061160244138,1.9018419895816194,1.9018419895816194,1.9018419895816194,1.9018419895816194,1.9018419895816194,1.9018419895816194,0.0,0.0,0.0,25.315903149825758
210,2021-07-31,23.377621009586957,15.199910668570842,31.080157555849038,23.377621009586957,23.377621009586957,-0.11792964313840519,-0.11792964313840519,-0.11792964313840519,-0.11792964313840519,-0.11792964313840519,-0.11792964313840519,0.0,0.0,0.0,23.25969136644855
211,2021-08-31,23.341180858929775,13.28358828139479,27.80160170754733,23.341180858929775,23.341180858929775,-3.0345189376252706,-3.0345189376252706,-3.0345189376252706,-3.0345189376252706,-3.0345189376252706,-3.0345189376252706,0.0,0.0,0.0,20.306661921304503
212,2021-09-30,23.305916197003476,15.140448419176298,29.593916705305467,23.305916197003476,23.305916197003476,-0.7280538684938301,-0.7280538684938301,-0.7280538684938301,-0.7280538684938301,-0.7280538684938301,-0.7280538684938301,0.0,0.0,0.0,22.577862328509646
213,2021-10-31,23.269476046346295,17.58446461283765,32.23072693799983,23.269476046346295,23.269476046346295,1.7738261426593152,1.7738261426593152,1.7738261426593152,1.7738261426593152,1.7738261426593152,1.7738261426593152,0.0,0.0,0.0,25.04330218900561
214,2021-11-30,23.234211384419993,15.383726120203082,29.580131596058678,23.234211384419993,23.234211384419993,-0.668759336199491,-0.668759336199491,-0.668759336199491,-0.668759336199491,-0.668759336199491,-0.668759336199491,0.0,0.0,0.0,22.5654520482205
215,2021-12-31,23.197771233762815,14.288261824061186,28.89202421389885,23.197771233762815,23.197771233762815,-1.8428804161505972,-1.8428804161505972,-1.8428804161505972,-1.8428804161505972,-1.8428804161505972,-1.8428804161505972,0.0,0.0,0.0,21.35489081761222
216,2022-01-31,23.161331083105637,14.439490517060175,28.85494181004992,23.161331083105637,23.161331083105637,-1.584382255232906,-1.584382255232906,-1.584382255232906,-1.584382255232906,-1.584382255232906,-1.584382255232906,0.0,0.0,0.0,21.57694882787273
217,2022-02-28,23.128417398641087,19.259004401586576,33.41988499378485,23.128417398641087,23.128417398641087,2.8197825757013484,2.8197825757013484,2.8197825757013484,2.8197825757013484,2.8197825757013484,2.8197825757013484,0.0,0.0,0.0,25.948199974342437
218,2022-03-31,23.09197724798391,20.414350867272713,34.84041752644201,23.09197724798391,23.09197724798391,4.158999789272407,4.158999789272407,4.158999789272407,4.158999789272407,4.158999789272407,4.158999789272407,0.0,0.0,0.0,27.250977037256316
219,2022-04-30,23.056712586057607,14.578553579494807,29.38410702519894,23.056712586057607,23.056712586057607,-0.8711615203248757,-0.8711615203248757,-0.8711615203248757,-0.8711615203248757,-0.8711615203248757,-0.8711615203248757,0.0,0.0,0.0,22.18555106573273
220,2022-05-31,23.02027243540043,15.967873276383822,31.048430573395425,23.02027243540043,23.02027243540043,0.17134560056959597,0.17134560056959597,0.17134560056959597,0.17134560056959597,0.17134560056959597,0.17134560056959597,0.0,0.0,0.0,23.191618035970023
221,2022-06-30,22.985007773474127,17.37815108983804,32.492717358984564,22.985007773474127,22.985007773474127,2.36123063246917,2.36123063246917,2.36123063246917,2.36123063246917,2.36123063246917,2.36123063246917,0.0,0.0,0.0,25.346238405943296
222,2022-07-31,22.94856762281695,15.406409241582299,30.404874606615653,22.94856762281695,22.94856762281695,-0.09489488180796565,-0.09489488180796565,-0.09489488180796565,-0.09489488180796565,-0.09489488180796565,-0.09489488180796565,0.0,0.0,0.0,22.85367274100898
223,2022-08-31,22.912127472159767,12.70631815130754,26.980555053237,22.912127472159767,22.912127472159767,-3.3787742906243174,-3.3787742906243174,-3.3787742906243174,-3.3787742906243174,-3.3787742906243174,-3.3787742906243174,0.0,0.0,0.0,19.53335318153545
224,2022-09-30,22.87686281023347,16.089691371492673,30.368736158538965,22.87686281023347,22.87686281023347,0.1422610198648446,0.1422610198648446,0.1422610198648446,0.1422610198648446,0.1422610198648446,0.1422610198648446,0.0,0.0,0.0,23.019123830098312
225,2022-10-31,22.840422659576287,16.75492562401345,31.397926761957855,22.840422659576287,22.840422659576287,1.2731738617677515,1.2731738617677515,1.2731738617677515,1.2731738617677515,1.2731738617677515,1.2731738617677515,0.0,0.0,0.0,24.11359652134404
226,2022-11-30,22.805157997649985,14.173889769123651,29.083302885289758,22.805157997649985,22.805157997649985,-1.4109777719787426,-1.4109777719787426,-1.4109777719787426,-1.4109777719787426,-1.4109777719787426,-1.4109777719787426,0.0,0.0,0.0,21.394180225671242
227,2022-12-31,22.768717846992807,15.651893449985998,30.30216541686095,22.768717846992807,22.768717846992807,-0.04000773510995055,-0.04000773510995055,-0.04000773510995055,-0.04000773510995055,-0.04000773510995055,-0.04000773510995055,0.0,0.0,0.0,22.728710111882858
228,2023-01-31,22.73227769633563,12.32412042665969,27.235934654967096,22.73227769633563,22.73227769633563,-2.6258778520242636,-2.6258778520242636,-2.6258778520242636,-2.6258778520242636,-2.6258778520242636,-2.6258778520242636,0.0,0.0,0.0,20.106399844311365
229,2023-02-28,22.69936401187108,17.50193038471342,32.05406941126938,22.69936401187108,22.69936401187108,1.9731637302766378,1.9731637302766378,1.9731637302766378,1.9731637302766378,1.9731637302766378,1.9731637302766378,0.0,0.0,0.0,24.672527742147718
230,2023-03-31,22.662923861213898,21.475680313566357,35.69565627113141,22.662923861213898,22.662923861213898,5.753455463625731,5.753455463625731,5.753455463625731,5.753455463625731,5.753455463625731,5.753455463625731,0.0,0.0,0.0,28.416379324839628
231,2023-04-30,22.6276591992876,14.60119482645951,29.181589728076744,22.6276591992876,22.6276591992876,-0.7151377221000196,-0.7151377221000196,-0.7151377221000196,-0.7151377221000196,-0.7151377221000196,-0.7151377221000196,0.0,0.0,0.0,21.91252147718758
232,2023-05-31,22.591219048630418,13.866938681311579,29.59337187142695,22.591219048630418,22.591219048630418,-1.024738461411714,-1.024738461411714,-1.024738461411714,-1.024738461411714,-1.024738461411714,-1.024738461411714,0.0,0.0,0.0,21.566480587218702
233,2023-06-30,22.55595438670412,18.054092266001874,32.68816361487342,22.55595438670412,22.55595438670412,2.833327516426018,2.833327516426018,2.833327516426018,2.833327516426018,2.833327516426018,2.833327516426018,0.0,0.0,0.0,25.389281903130136
234,2023-07-31,22.519514236046938,14.840589362928778,29.701102924762083,22.519514236046938,22.519514236046938,-0.0748847318874629,-0.0748847318874629,-0.0748847318874629,-0.0748847318874629,-0.0748847318874629,-0.0748847318874629,0.0,0.0,0.0,22.444629504159476
235,2023-08-31,22.48307408538976,11.902380452388304,26.28656816714717,22.48307408538976,22.48307408538976,-3.7125614505837645,-3.7125614505837645,-3.7125614505837645,-3.7125614505837645,-3.7125614505837645,-3.7125614505837645,0.0,0.0,0.0,18.770512634805996
236,2023-09-30,22.447809423463454,16.498599558823457,30.9666343382014,22.447809423463454,22.447809423463454,1.007224494731608,1.007224494731608,1.007224494731608,1.007224494731608,1.007224494731608,1.007224494731608,0.0,0.0,0.0,23.455033918195063
237,2023-10-31,22.41136927280628,16.175840740075394,30.35557761598935,22.41136927280628,22.41136927280628,0.7556481177446661,0.7556481177446661,0.7556481177446661,0.7556481177446661,0.7556481177446661,0.7556481177446661,0.0,0.0,0.0,23.167017390550946
238,2023-11-30,22.376104610879974,12.68334736410284,27.505700142498306,22.376104610879974,22.376104610879974,-2.12940231606776,-2.12940231606776,-2.12940231606776,-2.12940231606776,-2.12940231606776,-2.12940231606776,0.0,0.0,0.0,20.246702294812213
239,2023-12-31,22.3396644602228,16.941392610429965,31.885095288407292,22.3396644602228,22.3396644602228,1.7561369524661965,1.7561369524661965,1.7561369524661965,1.7561369524661965,1.7561369524661965,1.7561369524661965,0.0,0.0,0.0,24.095801412688996
240,2024-01-01,22.33848897149192,9.250304890028064,23.796591968938692,22.33848897149192,22.33848897149192,-5.462637018223062,-5.462637018223062,-5.462637018223062,-5.462637018223062,-5.462637018223062,-5.462637018223062,0.0,0.0,0.0,16.875851953268857
241,2024-01-02,22.337313482761044,2.67519353636091,16.48292788180546,22.337313482761044,22.337313482761044,-12.714519410364522,-12.714519410364522,-12.714519410364522,-12.714519410364522,-12.714519410364522,-12.714519410364522,0.0,0.0,0.0,9.622794072396522
242,2024-01-03,22.33613799403017,-4.427395362782406,10.054325807352189,22.33613799403017,22.33613799403017,-19.89906265072483,-19.89906265072483,-19.89906265072483,-19.89906265072483,-19.89906265072483,-19.89906265072483,0.0,0.0,0.0,2.4370753433053416
243,2024-01-04,22.334962505299288,-11.322352709766477,1.9820420731071222,22.334962505299288,22.334962505299288,-26.915823318963643,-26.915823318963643,-26.915823318963643,-26.915823318963643,-26.915823318963643,-26.915823318963643,0.0,0.0,0.0,-4.580860813664355
244,2024-01-05,22.333787016568415,-18.802572639180884,-3.609390609147499,22.333787016568415,22.333787016568415,-33.6660996358677,-33.6660996358677,-33.6660996358677,-33.6660996358677,-33.6660996358677,-33.6660996358677,0.0,0.0,0.0,-11.332312619299287
245,2024-01-06,22.332611527837535,-24.95352660937869,-9.875550836514249,22.332611527837535,22.332611527837535,-40.05466487435904,-40.05466487435904,-40.05466487435904,-40.05466487435904,-40.05466487435904,-40.05466487435904,0.0,0.0,0.0,-17.722053346521506
246,2024-01-07,22.33143603910666,-30.904918489641567,-16.162148298361,22.33143603910666,22.33143603910666,-45.99146382804,-45.99146382804,-45.99146382804,-45.99146382804,-45.99146382804,-45.99146382804,0.0,0.0,0.0,-23.660027788933338
247,2024-01-08,22.330260550375783,-35.83597744308544,-21.936730500879605,22.330260550375783,22.330260550375783,-51.393239388383286,-51.393239388383286,-51.393239388383286,-51.393239388383286,-51.393239388383286,-51.393239388383286,0.0,0.0,0.0,-29.062978838007503
248,2024-01-09,22.329085061644907,-40.87247501816731,-26.903480597539517,22.329085061644907,22.329085061644907,-56.185056852406824,-56.185056852406824,-56.185056852406824,-56.185056852406824,-56.185056852406824,-56.185056852406824,0.0,0.0,0.0,-33.85597179076191
249,2024-01-10,22.327909572914027,-44.86537827052465,-30.606096474378592,22.327909572914027,22.327909572914027,-60.301694820275074,-60.301694820275074,-60.301694820275074,-60.301694820275074,-60.301694820275074,-60.301694820275074,0.0,0.0,0.0,-37.97378524736105
250,2024-01-11,22.32673408418315,-48.711855719323154,-34.136710134625645,22.32673408418315,22.32673408418315,-63.68887344297665,-63.68887344297665,-63.68887344297665,-63.68887344297665,-63.68887344297665,-63.68887344297665,0.0,0.0,0.0,-41.3621393587935
251,2024-01-12,22.325558595452275,-51.092151072982524,-36.711013070263455,22.325558595452275,22.325558595452275,-66.30429332854264,-66.30429332854264,-66.30429332854264,-66.30429332854264,-66.30429332854264,-66.30429332854264,0.0,0.0,0.0,-43.97873473309036
252,2024-01-13,22.3243831067214,-53.02193088693766,-38.260860215446755,22.3243831067214,22.3243831067214,-68.11846157845271,-68.11846157845271,-68.11846157845271,-68.11846157845271,-68.11846157845271,-68.11846157845271,0.0,0.0,0.0,-45.79407847173131
253,2024-01-14,22.323207617990523,-54.70309240030298,-39.327915543444554,22.323207617990523,22.323207617990523,-69.11528515853148,-69.11528515853148,-69.11528515853148,-69.11528515853148,-69.11528515853148,-69.11528515853148,0.0,0.0,0.0,-46.79207754054096
254,2024-01-15,22.322032129259647,-54.41800665898337,-39.74021161253538,22.322032129259647,22.322032129259647,-69.29241605055822,-69.29241605055822,-69.29241605055822,-69.29241605055822,-69.29241605055822,-69.29241605055822,0.0,0.0,0.0,-46.97038392129857
255,2024-01-16,22.320856640528767,-53.399994253909234,-38.43630945820027,22.320856640528767,22.320856640528767,-68.6613373071775,-68.6613373071775,-68.6613373071775,-68.6613373071775,-68.6613373071775,-68.6613373071775,0.0,0.0,0.0,-46.34048066664874
256,2024-01-17,22.31968115179789,-52.31135762414981,-37.72544052635896,22.31968115179789,22.31968115179789,-67.24718415885867,-67.24718415885867,-67.24718415885867,-67.24718415885867,-67.24718415885867,-67.24718415885867,0.0,0.0,0.0,-44.92750300706078
257,2024-01-18,22.318505663067015,-50.34709530537364,-35.67821351273789,22.318505663067015,22.318505663067015,-65.08829959911577,-65.08829959911577,-65.08829959911577,-65.08829959911577,-65.08829959911577,-65.08829959911577,0.0,0.0,0.0,-42.76979393604876
258,2024-01-19,22.317330174336142,-47.658045619416924,-32.76654332874386,22.317330174336142,22.317330174336142,-62.23552929842743,-62.23552929842743,-62.23552929842743,-62.23552929842743,-62.23552929842743,-62.23552929842743,0.0,0.0,0.0,-39.91819912409129
259,2024-01-20,22.316154685605262,-43.31582310378858,-29.348811361744957,22.316154685605262,22.316154685605262,-58.75126615411048,-58.75126615411048,-58.75126615411048,-58.75126615411048,-58.75126615411048,-58.75126615411048,0.0,0.0,0.0,-36.43511146850522
260,2024-01-21,22.314979196874386,-39.23641793882956,-24.935911962714492,22.314979196874386,22.314979196874386,-54.70826015670165,-54.70826015670165,-54.70826015670165,-54.70826015670165,-54.70826015670165,-54.70826015670165,0.0,0.0,0.0,-32.393280959827266
261,2024-01-22,22.31380370814351,-35.10691334023381,-20.619829791675127,22.31380370814351,22.31380370814351,-50.18821442217381,-50.18821442217381,-50.18821442217381,-50.18821442217381,-50.18821442217381,-50.18821442217381,0.0,0.0,0.0,-27.874410714030297
262,2024-01-23,22.31262821941263,-29.34587908895749,-15.532571727997068,22.31262821941263,22.31262821941263,-45.2801930866666,-45.2801930866666,-45.2801930866666,-45.2801930866666,-45.2801930866666,-45.2801930866666,0.0,0.0,0.0,-22.96756486725397
263,2024-01-24,22.311452730681758,-24.6962412000642,-10.352359167813189,22.311452730681758,22.311452730681758,-40.07887116983219,-40.07887116983219,-40.07887116983219,-40.07887116983219,-40.07887116983219,-40.07887116983219,0.0,0.0,0.0,-17.767418439150433
