,ds,trend,yhat_lower,yhat_upper,trend_lower,trend_upper,additive_terms,additive_terms_lower,additive_terms_upper,yearly,yearly_lower,yearly_upper,multiplicative_terms,multiplicative_terms_lower,multiplicative_terms_upper,yhat
0,2009-01-31,23.510481,16.596427083203544,25.141567802268117,23.510481,23.510481,-2.734786080937285,-2.734786080937285,-2.734786080937285,-2.734786080937285,-2.734786080937285,-2.734786080937285,0.0,0.0,0.0,20.775694919062715
1,2009-02-28,23.468685255553517,21.001358310543065,29.621787696540878,23.468685255553517,23.468685255553517,1.7846285133975361,1.7846285133975361,1.7846285133975361,1.7846285133975361,1.7846285133975361,1.7846285133975361,0.0,0.0,0.0,25.253313768951053
2,2009-03-31,23.422411395630622,18.95299357230685,27.787877163316633,23.422411395630622,23.422411395630622,-0.003152888831539464,-0.003152888831539464,-0.003152888831539464,-0.003152888831539464,-0.003152888831539464,-0.003152888831539464,0.0,0.0,0.0,23.419258506799082
3,2009-04-30,23.377630240866534,17.259132540162284,25.45927215520318,23.377630240866534,23.377630240866534,-2.027109837812272,-2.027109837812272,-2.027109837812272,-2.027109837812272,-2.027109837812272,-2.027109837812272,0.0,0.0,0.0,21.35052040305426
4,2009-05-31,23.33135638094364,18.616511176072006,27.425381506832327,23.33135638094364,23.33135638094364,-0.19606839113017516,-0.19606839113017516,-0.19606839113017516,-0.19606839113017516,-0.19606839113017516,-0.19606839113017516,0.0,0.0,0.0,23.135287989813463
5,2009-06-30,23.28657522617955,20.36951824115187,28.915741171395023,23.28657522617955,23.28657522617955,1.4013554520939946,1.4013554520939946,1.4013554520939946,1.4013554520939946,1.4013554520939946,1.4013554520939946,0.0,0.0,0.0,24.687930678273545
6,2009-07-31,23.240301366256656,20.420243610922075,28.83106938575688,23.240301366256656,23.240301366256656,1.2824196652966577,1.2824196652966577,1.2824196652966577,1.2824196652966577,1.2824196652966577,1.2824196652966577,0.0,0.0,0.0,24.522721031553314
7,2009-08-31,23.19402750630997,20.316035528292137,29.112540707721926,23.19402750630997,23.19402750630997,1.3688935885454478,1.3688935885454478,1.3688935885454478,1.3688935885454478,1.3688935885454478,1.3688935885454478,0.0,0.0,0.0,24.562921094855415
8,2009-09-30,23.14924635152285,17.566091057086147,26.05525705793425,23.14924635152285,23.14924635152285,-1.6010772864202365,-1.6010772864202365,-1.6010772864202365,-1.6010772864202365,-1.6010772864202365,-1.6010772864202365,0.0,0.0,0.0,21.548169065102616
9,2009-10-31,23.10297249157616,19.381872360048508,27.577532293597486,23.10297249157616,23.10297249157616,0.42799595487170217,0.42799595487170217,0.42799595487170217,0.42799595487170217,0.42799595487170217,0.42799595487170217,0.0,0.0,0.0,23.53096844644786
10,2009-11-30,23.058191336789044,18.474025822717234,26.848391646560398,23.058191336789044,23.058191336789044,-0.4040108043954797,-0.4040108043954797,-0.4040108043954797,-0.4040108043954797,-0.4040108043954797,-0.4040108043954797,0.0,0.0,0.0,22.654180532393564
11,2009-12-31,23.011917476842353,16.586551284781986,25.054841658518573,23.011917476842353,23.011917476842353,-2.195592504481869,-2.195592504481869,-2.195592504481869,-2.195592504481869,-2.195592504481869,-2.195592504481869,0.0,0.0,0.0,20.816324972360484
12,2010-01-31,22.96564361636544,16.081309993403163,24.54770123978896,22.96564361636544,22.96564361636544,-2.388531680609672,-2.388531680609672,-2.388531680609672,-2.388531680609672,-2.388531680609672,-2.388531680609672,0.0,0.0,0.0,20.577111935755767
13,2010-02-28,22.92384787141855,19.9958791779908,28.57346119946521,22.92384787141855,22.92384787141855,1.2985565049797394,1.2985565049797394,1.2985565049797394,1.2985565049797394,1.2985565049797394,1.2985565049797394,0.0,0.0,0.0,24.222404376398288
14,2010-03-31,22.87757401094163,18.29557587474719,26.735392770514494,22.87757401094163,22.87757401094163,-0.26456044757699687,-0.26456044757699687,-0.26456044757699687,-0.26456044757699687,-0.26456044757699687,-0.26456044757699687,0.0,0.0,0.0,22.613013563364632
15,2010-04-30,22.83279285564139,17.26923084283459,25.60338644468506,22.83279285564139,22.83279285564139,-1.500866551192735,-1.500866551192735,-1.500866551192735,-1.500866551192735,-1.500866551192735,-1.500866551192735,0.0,0.0,0.0,21.331926304448654
16,2010-05-31,22.786518995164478,18.634989686659974,26.89149504082325,22.786518995164478,22.786518995164478,-0.1835584778235506,-0.1835584778235506,-0.1835584778235506,-0.1835584778235506,-0.1835584778235506,-0.1835584778235506,0.0,0.0,0.0,22.60296051734093
17,2010-06-30,22.741737839864236,19.934062125472224,28.278699946711882,22.741737839864236,22.741737839864236,1.4020672319363499,1.4020672319363499,1.4020672319363499,1.4020672319363499,1.4020672319363499,1.4020672319363499,0.0,0.0,0.0,24.143805071800585
18,2010-07-31,22.695463980493933,19.63790909275628,28.060165619593658,22.695463980493933,22.695463980493933,1.1860374345592735,1.1860374345592735,1.1860374345592735,1.1860374345592735,1.1860374345592735,1.1860374345592735,0.0,0.0,0.0,23.881501415053208
19,2010-08-31,22.64919012112363,19.091491484531875,27.80623909869574,22.64919012112363,22.64919012112363,0.8858035487284893,0.8858035487284893,0.8858035487284893,0.8858035487284893,0.8858035487284893,0.8858035487284893,0.0,0.0,0.0,23.53499366985212
20,2010-09-30,22.604408966894308,17.100364577012428,25.92218105068798,22.604408966894308,22.604408966894308,-1.1131421065055955,-1.1131421065055955,-1.1131421065055955,-1.1131421065055955,-1.1131421065055955,-1.1131421065055955,0.0,0.0,0.0,21.491266860388713
21,2010-10-31,22.558135107524006,18.824474978846776,27.528501339618437,22.558135107524006,22.558135107524006,0.6984677626281439,0.6984677626281439,0.6984677626281439,0.6984677626281439,0.6984677626281439,0.6984677626281439,0.0,0.0,0.0,23.25660287015215
22,2010-11-30,22.51335395329468,17.54010484663183,25.583570879092058,22.51335395329468,22.51335395329468,-1.0542491007071335,-1.0542491007071335,-1.0542491007071335,-1.0542491007071335,-1.0542491007071335,-1.0542491007071335,0.0,0.0,0.0,21.459104852587547
23,2010-12-31,22.467080093924373,16.255283525543174,24.7998265592034,22.467080093924373,22.467080093924373,-1.8370856431481288,-1.8370856431481288,-1.8370856431481288,-1.8370856431481288,-1.8370856431481288,-1.8370856431481288,0.0,0.0,0.0,20.629994450776245
24,2011-01-31,22.420806236330495,16.249231102263046,24.55379231717051,22.420806236330495,22.420806236330495,-2.049944775894967,-2.049944775894967,-2.049944775894967,-2.049944775894967,-2.049944775894967,-2.049944775894967,0.0,0.0,0.0,20.370861460435528
25,2011-02-28,22.37901049398764,18.78797488410154,27.503629345279013,22.37901049398764,22.37901049398764,0.8064899535579286,0.8064899535579286,0.8064899535579286,0.8064899535579286,0.8064899535579286,0.8064899535579286,0.0,0.0,0.0,23.185500447545568
26,2011-03-31,22.33273663639376,17.469520258877072,26.16044342194138,22.33273663639376,22.33273663639376,-0.5130622875829104,-0.5130622875829104,-0.5130622875829104,-0.5130622875829104,-0.5130622875829104,-0.5130622875829104,0.0,0.0,0.0,21.81967434881085
27,2011-04-30,22.287955483883557,16.983134821476835,25.572991659727553,22.287955483883557,22.287955483883557,-0.9691322168445009,-0.9691322168445009,-0.9691322168445009,-0.9691322168445009,-0.9691322168445009,-0.9691322168445009,0.0,0.0,0.0,21.318823267039058
28,2011-05-31,22.24168162628968,17.98410786832398,26.408683866607984,22.24168162628968,22.24168162628968,-0.17763047137497193,-0.17763047137497193,-0.17763047137497193,-0.17763047137497193,-0.17763047137497193,-0.17763047137497193,0.0,0.0,0.0,22.064051154914708
29,2011-06-30,22.196900473779476,19.45334886946926,27.563746046356687,22.196900473779476,22.196900473779476,1.3971394311533896,1.3971394311533896,1.3971394311533896,1.3971394311533896,1.3971394311533896,1.3971394311533896,0.0,0.0,0.0,23.594039904932863
30,2011-07-31,22.150626626009657,19.15535475088826,27.697073116375375,22.150626626009657,22.150626626009657,1.0841175961706393,1.0841175961706393,1.0841175961706393,1.0841175961706393,1.0841175961706393,1.0841175961706393,0.0,0.0,0.0,23.234744222180296
31,2011-08-31,22.104352778239836,18.088385498697274,26.935664704650296,22.104352778239836,22.104352778239836,0.4105307060590471,0.4105307060590471,0.4105307060590471,0.4105307060590471,0.4105307060590471,0.4105307060590471,0.0,0.0,0.0,22.51488348429888
32,2011-09-30,22.059571635236786,17.16751348700814,25.956900107103735,22.059571635236786,22.059571635236786,-0.6162116044242417,-0.6162116044242417,-0.6162116044242417,-0.6162116044242417,-0.6162116044242417,-0.6162116044242417,0.0,0.0,0.0,21.443360030812546
33,2011-10-31,22.013297787466964,18.974067367770875,27.25587562593255,22.013297787466964,22.013297787466964,0.9568405955881506,0.9568405955881506,0.9568405955881506,0.9568405955881506,0.9568405955881506,0.9568405955881506,0.0,0.0,0.0,22.970138383055115
34,2011-11-30,21.96851664446391,16.13605400822857,24.377934256610516,21.96851664446391,21.96851664446391,-1.7030127982820888,-1.7030127982820888,-1.7030127982820888,-1.7030127982820888,-1.7030127982820888,-1.7030127982820888,0.0,0.0,0.0,20.265503846181822
35,2011-12-31,21.92224281189784,16.207891282862743,24.882750510869023,21.92224281189784,21.92224281189784,-1.4682966593050868,-1.4682966593050868,-1.4682966593050868,-1.4682966593050868,-1.4682966593050868,-1.4682966593050868,0.0,0.0,0.0,20.453946152592753
36,2012-01-31,21.87596897933177,15.864019371605472,24.680404525098545,21.87596897933177,21.87596897933177,-1.7194368608199273,-1.7194368608199273,-1.7194368608199273,-1.7194368608199273,-1.7194368608199273,-1.7194368608199273,0.0,0.0,0.0,20.15653211851184
37,2012-02-29,21.83268055531835,19.903548743790765,28.60626142713339,21.83268055531835,21.83268055531835,2.264132278701996,2.264132278701996,2.264132278701996,2.264132278701996,2.264132278701996,2.264132278701996,0.0,0.0,0.0,24.096812834020348
38,2012-03-31,21.786406722752282,17.682173079677824,26.243222474786517,21.786406722752282,21.786406722752282,0.2708278829464345,0.2708278829464345,0.2708278829464345,0.2708278829464345,0.2708278829464345,0.2708278829464345,0.0,0.0,0.0,22.057234605698717
39,2012-04-30,21.741625594462537,14.854078804419952,23.573673599016303,21.741625594462537,21.741625594462537,-2.547298523086632,-2.547298523086632,-2.547298523086632,-2.547298523086632,-2.547298523086632,-2.547298523086632,0.0,0.0,0.0,19.194327071375906
40,2012-05-31,21.695351761896465,17.20772146371706,25.611629536221578,21.695351761896465,21.695351761896465,-0.2149606954460595,-0.2149606954460595,-0.2149606954460595,-0.2149606954460595,-0.2149606954460595,-0.2149606954460595,0.0,0.0,0.0,21.480391066450405
41,2012-06-30,21.650571620277326,18.99917896924054,27.307839977937757,21.650571620277326,21.650571620277326,1.394982868919901,1.394982868919901,1.394982868919901,1.394982868919901,1.394982868919901,1.394982868919901,0.0,0.0,0.0,23.045554489197226
42,2012-07-31,21.604298807270876,19.06672094413798,27.374566409133063,21.604298807270876,21.604298807270876,1.3730088576111035,1.3730088576111035,1.3730088576111035,1.3730088576111035,1.3730088576111035,1.3730088576111035,0.0,0.0,0.0,22.97730766488198
43,2012-08-31,21.55802599426443,19.138616703210978,27.41765565953074,21.55802599426443,21.55802599426443,1.8593068985081835,1.8593068985081835,1.8593068985081835,1.8593068985081835,1.8593068985081835,1.8593068985081835,0.0,0.0,0.0,23.417332892772613
44,2012-09-30,21.513245852645287,15.306806501865378,23.789053552390904,21.513245852645287,21.513245852645287,-2.079508240271233,-2.079508240271233,-2.079508240271233,-2.079508240271233,-2.079508240271233,-2.079508240271233,0.0,0.0,0.0,19.433737612374053
45,2012-10-31,21.466973039638837,17.363972528981837,25.702754935110278,21.466973039638837,21.466973039638837,0.1457164561710538,0.1457164561710538,0.1457164561710538,0.1457164561710538,0.1457164561710538,0.1457164561710538,0.0,0.0,0.0,21.612689495809892
46,2012-11-30,21.422192898019695,17.404087742469727,26.16015113881595,21.422192898019695,21.422192898019695,0.2471152532113039,0.2471152532113039,0.2471152532113039,0.2471152532113039,0.2471152532113039,0.2471152532113039,0.0,0.0,0.0,21.669308151231
47,2012-12-31,21.376646413690043,14.59393577500241,23.220588226973906,21.376646413690043,21.376646413690043,-2.543494808162945,-2.543494808162945,-2.543494808162945,-2.543494808162945,-2.543494808162945,-2.543494808162945,0.0,0.0,0.0,18.8331516055271
48,2013-01-31,21.331099929360388,14.259757927453377,22.564258079094717,21.331099929360388,21.331099929360388,-2.7347860809383255,-2.7347860809383255,-2.7347860809383255,-2.7347860809383255,-2.7347860809383255,-2.7347860809383255,0.0,0.0,0.0,18.596313848422064
49,2013-02-28,21.289961169320705,18.90457268286247,27.20596932618065,21.289961169320705,21.289961169320705,1.7846285133949988,1.7846285133949988,1.7846285133949988,1.7846285133949988,1.7846285133949988,1.7846285133949988,0.0,0.0,0.0,23.074589682715704
50,2013-03-31,21.244414684991053,17.102097430653963,25.399322162761674,21.244414684991053,21.244414684991053,-0.00315288883071916,-0.00315288883071916,-0.00315288883071916,-0.00315288883071916,-0.00315288883071916,-0.00315288883071916,0.0,0.0,0.0,21.241261796160334
51,2013-04-30,21.20033744209139,15.011252254832234,23.043394791630025,21.20033744209139,21.20033744209139,-2.027109837809612,-2.027109837809612,-2.027109837809612,-2.027109837809612,-2.027109837809612,-2.027109837809612,0.0,0.0,0.0,19.173227604281777
52,2013-05-31,21.15967190107457,16.84346206886708,24.983868138935208,21.15967190107457,21.15967190107457,-0.19606839112809393,-0.19606839112809393,-0.19606839112809393,-0.19606839112809393,-0.19606839112809393,-0.19606839112809393,0.0,0.0,0.0,20.963603509946477
53,2013-06-30,21.12031815170345,18.6009439838483,27.005563580064113,21.12031815170345,21.12031815170345,1.4013554520953533,1.4013554520953533,1.4013554520953533,1.4013554520953533,1.4013554520953533,1.4013554520953533,0.0,0.0,0.0,22.521673603798803
54,2013-07-31,21.079652610686633,17.86194653245229,26.488931649722698,21.079652610686633,21.079652610686633,1.2824196652942983,1.2824196652942983,1.2824196652942983,1.2824196652942983,1.2824196652942983,1.2824196652942983,0.0,0.0,0.0,22.362072275980932
55,2013-08-31,21.038987069669815,17.892263281204688,26.87446348668907,21.038987069669815,21.038987069669815,1.3688935885515683,1.3688935885515683,1.3688935885515683,1.3688935885515683,1.3688935885515683,1.3688935885515683,0.0,0.0,0.0,22.407880658221384
56,2013-09-30,20.9996333202987,15.180132398686805,23.708113126670366,20.9996333202987,20.9996333202987,-1.6010772864201062,-1.6010772864201062,-1.6010772864201062,-1.6010772864201062,-1.6010772864201062,-1.6010772864201062,0.0,0.0,0.0,19.39855603387859
57,2013-10-31,20.958967779281878,17.151487401948877,25.528381527144653,20.958967779281878,20.958967779281878,0.4279959548695214,0.4279959548695214,0.4279959548695214,0.4279959548695214,0.4279959548695214,0.4279959548695214,0.0,0.0,0.0,21.3869637341514
58,2013-11-30,20.920606256902683,16.299112980040587,24.986419119115315,20.920606256902683,20.920606256902683,-0.4040108043976186,-0.4040108043976186,-0.4040108043976186,-0.4040108043976186,-0.4040108043976186,-0.4040108043976186,0.0,0.0,0.0,20.516595452505065
59,2013-12-31,20.880966017110847,14.421384708562451,22.972806269872656,20.880966017110847,20.880966017110847,-2.195592504481797,-2.195592504481797,-2.195592504481797,-2.195592504481797,-2.195592504481797,-2.195592504481797,0.0,0.0,0.0,18.68537351262905
60,2014-01-31,20.841325777319014,14.141431452305538,22.94545652655784,20.841325777319014,20.841325777319014,-2.388531680607329,-2.388531680607329,-2.388531680607329,-2.388531680607329,-2.388531680607329,-2.388531680607329,0.0,0.0,0.0,18.452794096711685
61,2014-02-28,20.805521689765097,18.0256958645005,26.167990265031147,20.805521689765097,20.805521689765097,1.298556504979919,1.298556504979919,1.298556504979919,1.298556504979919,1.298556504979919,1.298556504979919,0.0,0.0,0.0,22.104078194745018
62,2014-03-31,20.765881449973268,16.1211108155993,24.60702217124481,20.765881449973268,20.765881449973268,-0.2645604475778593,-0.2645604475778593,-0.2645604475778593,-0.2645604475778593,-0.2645604475778593,-0.2645604475778593,0.0,0.0,0.0,20.501321002395407
63,2014-04-30,20.727519927594074,15.078115060812182,23.601554761074013,20.727519927594074,20.727519927594074,-1.5008665511900336,-1.5008665511900336,-1.5008665511900336,-1.5008665511900336,-1.5008665511900336,-1.5008665511900336,0.0,0.0,0.0,19.22665337640404
64,2014-05-31,20.687882482509863,16.318701096359877,24.625543702445594,20.687882482509863,20.687882482509863,-0.1835584778234139,-0.1835584778234139,-0.1835584778234139,-0.1835584778234139,-0.1835584778234139,-0.1835584778234139,0.0,0.0,0.0,20.50432400468645
65,2014-06-30,20.649523664686434,17.959269973389965,26.182001522278593,20.649523664686434,20.649523664686434,1.4020672319380156,1.4020672319380156,1.4020672319380156,1.4020672319380156,1.4020672319380156,1.4020672319380156,0.0,0.0,0.0,22.05159089662445
66,2014-07-31,20.609886219602224,17.1035444099119,26.16096161507797,20.609886219602224,20.609886219602224,1.1860374345577984,1.1860374345577984,1.1860374345577984,1.1860374345577984,1.1860374345577984,1.1860374345577984,0.0,0.0,0.0,21.79592365416002
67,2014-08-31,20.570248774518014,17.18857540703852,25.7916116728785,20.570248774518014,20.570248774518014,0.8858035487246066,0.8858035487246066,0.8858035487246066,0.8858035487246066,0.8858035487246066,0.8858035487246066,0.0,0.0,0.0,21.45605232324262
68,2014-09-30,20.531889956694584,15.168133251729992,23.75290601430677,20.531889956694584,20.531889956694584,-1.113142106505417,-1.113142106505417,-1.113142106505417,-1.113142106505417,-1.113142106505417,-1.113142106505417,0.0,0.0,0.0,19.418747850189167
69,2014-10-31,20.49225251161037,16.836763696487324,25.137106185836185,20.49225251161037,20.49225251161037,0.6984677626294852,0.6984677626294852,0.6984677626294852,0.6984677626294852,0.6984677626294852,0.6984677626294852,0.0,0.0,0.0,21.190720274239855
70,2014-11-30,20.453893749874048,14.797529739421677,23.521310326640315,20.453893749874048,20.453893749874048,-1.0542491007094157,-1.0542491007094157,-1.0542491007094157,-1.0542491007094157,-1.0542491007094157,-1.0542491007094157,0.0,0.0,0.0,19.39964464916463
71,2014-12-31,20.414256362746514,14.149123099807902,22.849076711899784,20.414256362746514,20.414256362746514,-1.8370856431493414,-1.8370856431493414,-1.8370856431493414,-1.8370856431493414,-1.8370856431493414,-1.8370856431493414,0.0,0.0,0.0,18.577170719597174
72,2015-01-31,20.37461897561898,14.349177617163148,22.630256441120828,20.37461897561898,20.37461897561898,-2.049944775894026,-2.049944775894026,-2.049944775894026,-2.049944775894026,-2.049944775894026,-2.049944775894026,0.0,0.0,0.0,18.324674199724953
73,2015-02-28,20.338817464665077,16.971241061543672,25.659051007876176,20.338817464665077,20.338817464665077,0.8064899535594,0.8064899535594,0.8064899535594,0.8064899535594,0.8064899535594,0.8064899535594,0.0,0.0,0.0,21.145307418224476
74,2015-03-31,20.299180077537542,15.649847661002946,23.916736655858838,20.299180077537542,20.299180077537542,-0.5130622875800911,-0.5130622875800911,-0.5130622875800911,-0.5130622875800911,-0.5130622875800911,-0.5130622875800911,0.0,0.0,0.0,19.78611778995745
75,2015-04-30,20.26082194084837,15.072310252017635,23.542171501657208,20.26082194084837,20.26082194084837,-0.9691322168450515,-0.9691322168450515,-0.9691322168450515,-0.9691322168450515,-0.9691322168450515,-0.9691322168450515,0.0,0.0,0.0,19.29168972400332
76,2015-05-31,20.22118519960289,15.870163228393212,24.543571415848877,20.22118519960289,20.22118519960289,-0.1776304713756842,-0.1776304713756842,-0.1776304713756842,-0.1776304713756842,-0.1776304713756842,-0.1776304713756842,0.0,0.0,0.0,20.043554728227203
77,2015-06-30,20.182827062913717,17.287146678853144,25.97861693280512,20.182827062913717,20.182827062913717,1.3971394311538106,1.3971394311538106,1.3971394311538106,1.3971394311538106,1.3971394311538106,1.3971394311538106,0.0,0.0,0.0,21.579966494067527
78,2015-07-31,20.143190321668236,17.2814347240231,25.584550104422064,20.143190321668236,20.143190321668236,1.084117596169771,1.084117596169771,1.084117596169771,1.084117596169771,1.084117596169771,1.084117596169771,0.0,0.0,0.0,21.227307917838008
79,2015-08-31,20.103553580422755,16.21704645184944,24.677492188209893,20.103553580422755,20.103553580422755,0.41053070605683223,0.41053070605683223,0.41053070605683223,0.41053070605683223,0.41053070605683223,0.41053070605683223,0.0,0.0,0.0,20.514084286479587
80,2015-09-30,20.065195443733582,15.278275862462776,23.639836395259103,20.065195443733582,20.065195443733582,-0.6162116044234289,-0.6162116044234289,-0.6162116044234289,-0.6162116044234289,-0.6162116044234289,-0.6162116044234289,0.0,0.0,0.0,19.448983839310152
81,2015-10-31,20.02555889154508,16.789351224992732,25.23097224754999,20.02555889154508,20.02555889154508,0.9568405955901029,0.9568405955901029,0.9568405955901029,0.9568405955901029,0.9568405955901029,0.9568405955901029,0.0,0.0,0.0,20.982399487135183
82,2015-11-30,19.987200937814283,14.245654862572191,22.774713259970124,19.987200937814283,19.987200937814283,-1.7030127982842351,-1.7030127982842351,-1.7030127982842351,-1.7030127982842351,-1.7030127982842351,-1.7030127982842351,0.0,0.0,0.0,18.28418813953005
83,2015-12-31,19.94756438562579,14.343928388685624,22.78052067784451,19.94756438562579,19.94756438562579,-1.4682966593022966,-1.4682966593022966,-1.4682966593022966,-1.4682966593022966,-1.4682966593022966,-1.4682966593022966,0.0,0.0,0.0,18.479267726323492
84,2016-01-31,19.907927833437295,14.048467546669423,22.55915016242934,19.907927833437295,19.907927833437295,-1.7194368608190247,-1.7194368608190247,-1.7194368608190247,-1.7194368608190247,-1.7194368608190247,-1.7194368608190247,0.0,0.0,0.0,18.188490972618272
85,2016-02-29,19.870848478164184,17.80156732182782,26.46359988423876,19.870848478164184,19.870848478164184,2.2641322787005373,2.2641322787005373,2.2641322787005373,2.2641322787005373,2.2641322787005373,2.2641322787005373,0.0,0.0,0.0,22.13498075686472
86,2016-03-31,19.831211925975687,15.951414223408744,24.679392154112303,19.831211925975687,19.831211925975687,0.27082788294498383,0.27082788294498383,0.27082788294498383,0.27082788294498383,0.27082788294498383,0.27082788294498383,0.0,0.0,0.0,20.102039808920672
87,2016-04-30,19.792858062597418,12.98229506921028,21.747531631757795,19.792858062597418,19.792858062597418,-2.547298523087091,-2.547298523087091,-2.547298523087091,-2.547298523087091,-2.547298523087091,-2.547298523087091,0.0,0.0,0.0,17.245559539510328
88,2016-05-31,19.75322573710654,15.065510579942641,23.79219016298878,19.75322573710654,19.75322573710654,-0.21496069544958818,-0.21496069544958818,-0.21496069544958818,-0.21496069544958818,-0.21496069544958818,-0.21496069544958818,0.0,0.0,0.0,19.538265041656953
89,2016-06-30,19.71487187372827,16.771096122266894,25.076436887050537,19.71487187372827,19.71487187372827,1.3949828689212362,1.3949828689212362,1.3949828689212362,1.3949828689212362,1.3949828689212362,1.3949828689212362,0.0,0.0,0.0,21.109854742649507
90,2016-07-31,19.675239548237393,16.728018174732586,25.29321384598321,19.675239548237393,19.675239548237393,1.3730088576101904,1.3730088576101904,1.3730088576101904,1.3730088576101904,1.3730088576101904,1.3730088576101904,0.0,0.0,0.0,21.048248405847584
91,2016-08-31,19.63560722274652,17.09022849898834,25.74935929532012,19.63560722274652,19.63560722274652,1.8593068985058339,1.8593068985058339,1.8593068985058339,1.8593068985058339,1.8593068985058339,1.8593068985058339,0.0,0.0,0.0,21.494914121252354
92,2016-09-30,19.597253359368246,13.217127670003986,22.148581232923622,19.597253359368246,19.597253359368246,-2.079508240270361,-2.079508240270361,-2.079508240270361,-2.079508240270361,-2.079508240270361,-2.079508240270361,0.0,0.0,0.0,17.517745119097885
93,2016-10-31,19.557623064803497,15.844238322996954,23.96800617588351,19.557623064803497,19.557623064803497,0.1457164561731428,0.1457164561731428,0.1457164561731428,0.1457164561731428,0.1457164561731428,0.1457164561731428,0.0,0.0,0.0,19.70333952097664
94,2016-11-30,19.519271166837612,15.600156900284514,24.04894853841515,19.519271166837612,19.519271166837612,0.2471152532113391,0.2471152532113391,0.2471152532113391,0.2471152532113391,0.2471152532113391,0.2471152532113391,0.0,0.0,0.0,19.766386420048953
95,2016-12-31,19.479640872272864,12.52684609581718,21.297727225628723,19.479640872272864,19.479640872272864,-2.5434948081633726,-2.5434948081633726,-2.5434948081633726,-2.5434948081633726,-2.5434948081633726,-2.5434948081633726,0.0,0.0,0.0,16.93614606410949
96,2017-01-31,19.440010577708115,12.132621102884345,21.27091742813269,19.440010577708115,19.440010577708115,-2.734786080941162,-2.734786080941162,-2.734786080941162,-2.734786080941162,-2.734786080941162,-2.734786080941162,0.0,0.0,0.0,16.705224496766952
97,2017-02-28,19.40421547293996,17.099958730746884,25.495757958326408,19.40421547293996,19.40421547293996,1.7846285133965936,1.7846285133965936,1.7846285133965936,1.7846285133965936,1.7846285133965936,1.7846285133965936,0.0,0.0,0.0,21.188843986336554
98,2017-03-31,19.366076219400085,14.784852260385087,23.532050023246867,19.366076219400085,19.366076219400085,-0.0031528888316526096,-0.0031528888316526096,-0.0031528888316526096,-0.0031528888316526096,-0.0031528888316526096,-0.0031528888316526096,0.0,0.0,0.0,19.36292333056843
99,2017-04-30,19.3291672643615,13.11841716046405,21.57607302057203,19.3291672643615,19.3291672643615,-2.0271098378103325,-2.0271098378103325,-2.0271098378103325,-2.0271098378103325,-2.0271098378103325,-2.0271098378103325,0.0,0.0,0.0,17.30205742655117
100,2017-05-31,19.291028010821627,14.896020341413777,23.273590290997017,19.291028010821627,19.291028010821627,-0.19606839113161273,-0.19606839113161273,-0.19606839113161273,-0.19606839113161273,-0.19606839113161273,-0.19606839113161273,0.0,0.0,0.0,19.094959619690016
101,2017-06-30,19.254119055783043,16.727026410828465,25.02824996284349,19.254119055783043,19.254119055783043,1.4013554520949871,1.4013554520949871,1.4013554520949871,1.4013554520949871,1.4013554520949871,1.4013554520949871,0.0,0.0,0.0,20.65547450787803
102,2017-07-31,19.21597980224317,16.355062047518036,24.365561434031946,19.21597980224317,19.21597980224317,1.282419665296247,1.282419665296247,1.282419665296247,1.282419665296247,1.282419665296247,1.282419665296247,0.0,0.0,0.0,20.498399467539414
103,2017-08-31,19.177840548703294,16.17843841986989,24.861829604471346,19.177840548703294,19.177840548703294,1.3688935885497069,1.3688935885497069,1.3688935885497069,1.3688935885497069,1.3688935885497069,1.3688935885497069,0.0,0.0,0.0,20.546734137253
104,2017-09-30,19.140931595090194,13.27171280251344,21.985282199969717,19.140931595090194,19.140931595090194,-1.6010772864199676,-1.6010772864199676,-1.6010772864199676,-1.6010772864199676,-1.6010772864199676,-1.6010772864199676,0.0,0.0,0.0,17.539854308670225
105,2017-10-31,19.102792343023317,15.393222171203513,23.78398108811686,19.102792343023317,19.102792343023317,0.42799595487206493,0.42799595487206493,0.42799595487206493,0.42799595487206493,0.42799595487206493,0.42799595487206493,0.0,0.0,0.0,19.53078829789538
106,2017-11-30,19.065883389410217,14.518897934801865,22.756814546992445,19.065883389410217,19.065883389410217,-0.4040108043996012,-0.4040108043996012,-0.4040108043996012,-0.4040108043996012,-0.4040108043996012,-0.4040108043996012,0.0,0.0,0.0,18.661872585010617
107,2017-12-31,19.027744137343344,12.567474229524933,21.14816897325153,19.027744137343344,19.027744137343344,-2.195592504481565,-2.195592504481565,-2.195592504481565,-2.195592504481565,-2.195592504481565,-2.195592504481565,0.0,0.0,0.0,16.83215163286178
108,2018-01-31,18.98960488527647,12.469291925302525,20.92820093198921,18.98960488527647,18.98960488527647,-2.388531680610704,-2.388531680610704,-2.388531680610704,-2.388531680610704,-2.388531680610704,-2.388531680610704,0.0,0.0,0.0,16.601073204665767
109,2018-02-28,18.95515652857091,16.004575215848,24.327003633360604,18.95515652857091,18.95515652857091,1.298556504981469,1.298556504981469,1.298556504981469,1.298556504981469,1.298556504981469,1.298556504981469,0.0,0.0,0.0,20.25371303355238
110,2018-03-31,18.917017278597857,14.388484774544773,22.793763068917116,18.917017278597857,18.917017278597857,-0.2645604475753822,-0.2645604475753822,-0.2645604475753822,-0.2645604475753822,-0.2645604475753822,-0.2645604475753822,0.0,0.0,0.0,18.652456831022477
111,2018-04-30,18.880108327011033,12.913870308830692,21.89095125409402,18.880108327011033,18.880108327011033,-1.500866551192831,-1.500866551192831,-1.500866551192831,-1.500866551192831,-1.500866551192831,-1.500866551192831,0.0,0.0,0.0,17.3792417758182
112,2018-05-31,18.841969077037977,14.152482483342974,22.89270183100177,18.841969077037977,18.841969077037977,-0.18355847782513757,-0.18355847782513757,-0.18355847782513757,-0.18355847782513757,-0.18355847782513757,-0.18355847782513757,0.0,0.0,0.0,18.65841059921284
113,2018-06-30,18.80506012545115,15.948477639247406,24.49271867921932,18.80506012545115,18.80506012545115,1.4020672319374816,1.4020672319374816,1.4020672319374816,1.4020672319374816,1.4020672319374816,1.4020672319374816,0.0,0.0,0.0,20.207127357388632
114,2018-07-31,18.766920875478096,15.988382146719507,24.207845550150292,18.766920875478096,18.766920875478096,1.1860374345564308,1.1860374345564308,1.1860374345564308,1.1860374345564308,1.1860374345564308,1.1860374345564308,0.0,0.0,0.0,19.95295831003453
115,2018-08-31,18.72878163350635,15.503393730081498,23.768745423616966,18.72878163350635,18.72878163350635,0.8858035487264249,0.8858035487264249,0.8858035487264249,0.8858035487264249,0.8858035487264249,0.8858035487264249,0.0,0.0,0.0,19.614585182232776
116,2018-09-30,18.69187268966273,12.958966756163248,21.8511017134728,18.69187268966273,18.69187268966273,-1.113142106506971,-1.113142106506971,-1.113142106506971,-1.113142106506971,-1.113142106506971,-1.113142106506971,0.0,0.0,0.0,17.57873058315576
117,2018-10-31,18.653733447690986,15.182801607162219,24.101510673229622,18.653733447690986,18.653733447690986,0.6984677626279657,0.6984677626279657,0.6984677626279657,0.6984677626279657,0.6984677626279657,0.6984677626279657,0.0,0.0,0.0,19.352201210318952
118,2018-11-30,18.61682450384736,13.253208680248717,21.70600239849984,18.61682450384736,18.61682450384736,-1.0542491007103836,-1.0542491007103836,-1.0542491007103836,-1.0542491007103836,-1.0542491007103836,-1.0542491007103836,0.0,0.0,0.0,17.56257540313698
119,2018-12-31,18.578685261875616,12.65106825002892,20.743621493552794,18.578685261875616,18.578685261875616,-1.8370856431488412,-1.8370856431488412,-1.8370856431488412,-1.8370856431488412,-1.8370856431488412,-1.8370856431488412,0.0,0.0,0.0,16.741599618726774
120,2019-01-31,18.540546019903875,11.979119167925308,20.938652741123487,18.540546019903875,18.540546019903875,-2.0499447758945584,-2.0499447758945584,-2.0499447758945584,-2.0499447758945584,-2.0499447758945584,-2.0499447758945584,0.0,0.0,0.0,16.490601244009316
121,2019-02-28,18.506097674930565,15.039076785322255,23.435510313258124,18.506097674930565,18.506097674930565,0.8064899535622917,0.8064899535622917,0.8064899535622917,0.8064899535622917,0.8064899535622917,0.8064899535622917,0.0,0.0,0.0,19.312587628492857
122,2019-03-31,18.467958435852974,13.348895269556838,22.446598338285256,18.467958435852974,18.467958435852974,-0.5130622875794532,-0.5130622875794532,-0.5130622875794532,-0.5130622875794532,-0.5130622875794532,-0.5130622875794532,0.0,0.0,0.0,17.954896148273523
123,2019-04-30,18.431049494810143,13.475506002980035,21.68075144810511,18.431049494810143,18.431049494810143,-0.9691322168455798,-0.9691322168455798,-0.9691322168455798,-0.9691322168455798,-0.9691322168455798,-0.9691322168455798,0.0,0.0,0.0,17.461917277964563
124,2019-05-31,18.392910255732552,13.799157562212862,22.27344579588078,18.392910255732552,18.392910255732552,-0.17763047137294963,-0.17763047137294963,-0.17763047137294963,-0.17763047137294963,-0.17763047137294963,-0.17763047137294963,0.0,0.0,0.0,18.215279784359602
125,2019-06-30,18.356001314689717,15.481771653243866,24.12120931780043,18.356001314689717,18.356001314689717,1.3971394311535283,1.3971394311535283,1.3971394311535283,1.3971394311535283,1.3971394311535283,1.3971394311535283,0.0,0.0,0.0,19.753140745843247
126,2019-07-31,18.317862075612126,14.935432242972007,23.89278567577016,18.317862075612126,18.317862075612126,1.0841175961710947,1.0841175961710947,1.0841175961710947,1.0841175961710947,1.0841175961710947,1.0841175961710947,0.0,0.0,0.0,19.40197967178322
127,2019-08-31,18.279722836838722,14.675177036228659,22.989316358079492,18.279722836838722,18.279722836838722,0.4105307060591084,0.4105307060591084,0.4105307060591084,0.4105307060591084,0.4105307060591084,0.4105307060591084,0.0,0.0,0.0,18.690253542897832
128,2019-09-30,18.242813896090265,13.174069789230215,21.644738822046822,18.242813896090265,18.242813896090265,-0.6162116044250803,-0.6162116044250803,-0.6162116044250803,-0.6162116044250803,-0.6162116044250803,-0.6162116044250803,0.0,0.0,0.0,17.626602291665186
129,2019-10-31,18.20467465731686,14.519724800261914,23.31118750675154,18.20467465731686,18.20467465731686,0.9568405955886491,0.9568405955886491,0.9568405955886491,0.9568405955886491,0.9568405955886491,0.9568405955886491,0.0,0.0,0.0,19.16151525290551
130,2019-11-30,18.167765716568407,12.145377924991998,20.876668886114253,18.167765716568407,18.167765716568407,-1.703012798283389,-1.703012798283389,-1.703012798283389,-1.703012798283389,-1.703012798283389,-1.703012798283389,0.0,0.0,0.0,16.46475291828502
131,2019-12-31,18.129626477795007,12.550730574360385,20.941846135621553,18.129626477795007,18.129626477795007,-1.4682966593039664,-1.4682966593039664,-1.4682966593039664,-1.4682966593039664,-1.4682966593039664,-1.4682966593039664,0.0,0.0,0.0,16.66132981849104
132,2020-01-31,18.091487239021603,12.273377239892396,20.523029304495456,18.091487239021603,18.091487239021603,-1.7194368608196122,-1.7194368608196122,-1.7194368608196122,-1.7194368608196122,-1.7194368608196122,-1.7194368608196122,0.0,0.0,0.0,16.37205037820199
133,2020-02-29,18.05580859815328,16.102630573539738,24.700362059134726,18.05580859815328,18.05580859815328,2.2641322787039035,2.2641322787039035,2.2641322787039035,2.2641322787039035,2.2641322787039035,2.2641322787039035,0.0,0.0,0.0,20.319940876857185
134,2020-03-31,18.017669361363005,14.084198307056178,22.182166666930453,18.017669361363005,18.017669361363005,0.2708278829444025,0.2708278829444025,0.2708278829444025,0.2708278829444025,0.2708278829444025,0.2708278829444025,0.0,0.0,0.0,18.288497244307408
135,2020-04-30,17.980760422533706,11.222162492598551,19.24257314413447,17.980760422533706,17.980760422533706,-2.5472985230899337,-2.5472985230899337,-2.5472985230899337,-2.5472985230899337,-2.5472985230899337,-2.5472985230899337,0.0,0.0,0.0,15.433461899443772
136,2020-05-31,17.94262118574343,13.420395294070211,22.079989695323203,17.94262118574343,17.94262118574343,-0.21496069544931878,-0.21496069544931878,-0.21496069544931878,-0.21496069544931878,-0.21496069544931878,-0.21496069544931878,0.0,0.0,0.0,17.727660490294113
137,2020-06-30,17.905712246914128,14.810457390626073,23.377650541862003,17.905712246914128,17.905712246914128,1.3949828689191321,1.3949828689191321,1.3949828689191321,1.3949828689191321,1.3949828689191321,1.3949828689191321,0.0,0.0,0.0,19.30069511583326
138,2020-07-31,17.867573008801727,14.676724233599044,23.548168923392222,17.867573008801727,17.867573008801727,1.3730088576086874,1.3730088576086874,1.3730088576086874,1.3730088576086874,1.3730088576086874,1.3730088576086874,0.0,0.0,0.0,19.240581866410416
139,2020-08-31,17.829433770689324,15.677894332212778,24.233392934887874,17.829433770689324,17.829433770689324,1.8593068985014864,1.8593068985014864,1.8593068985014864,1.8593068985014864,1.8593068985014864,1.8593068985014864,0.0,0.0,0.0,19.68874066919081
140,2020-09-30,17.792524830580547,11.600238963980468,20.044426634874178,17.792524830580547,17.792524830580547,-2.0795082402699108,-2.0795082402699108,-2.0795082402699108,-2.0795082402699108,-2.0795082402699108,-2.0795082402699108,0.0,0.0,0.0,15.713016590310636
141,2020-10-31,17.754385592468143,13.735340714628176,22.237725944527096,17.754385592468143,17.754385592468143,0.1457164561744168,0.1457164561744168,0.1457164561744168,0.1457164561744168,0.1457164561744168,0.1457164561744168,0.0,0.0,0.0,17.90010204864256
142,2020-11-30,17.717476652359366,13.505758116184545,22.196374814961434,17.717476652359366,17.717476652359366,0.2471152532154143,0.2471152532154143,0.2471152532154143,0.2471152532154143,0.2471152532154143,0.2471152532154143,0.0,0.0,0.0,17.964591905574782
143,2020-12-31,17.679337414246966,10.792356990100696,19.44716685298824,17.679337414246966,17.679337414246966,-2.5434948081619004,-2.5434948081619004,-2.5434948081619004,-2.5434948081619004,-2.5434948081619004,-2.5434948081619004,0.0,0.0,0.0,15.135842606085065
144,2021-01-31,17.64119817515946,10.465194273584995,19.075950551906544,17.64119817515946,17.64119817515946,-2.7347860809404447,-2.7347860809404447,-2.7347860809404447,-2.7347860809404447,-2.7347860809404447,-2.7347860809404447,0.0,0.0,0.0,14.906412094219014
145,2021-02-28,17.606749830177204,15.156404159137116,23.975609055398316,17.606749830177204,17.606749830177204,1.7846285133951396,1.7846285133951396,1.7846285133951396,1.7846285133951396,1.7846285133951396,1.7846285133951396,0.0,0.0,0.0,19.391378343572345
146,2021-03-31,17.568610591089698,13.507007196323428,21.8662854251133,17.568610591089698,17.568610591089698,-0.0031528888318817657,-0.0031528888318817657,-0.0031528888318817657,-0.0031528888318817657,-0.0031528888318817657,-0.0031528888318817657,0.0,0.0,0.0,17.565457702257817
147,2021-04-30,17.531701650037277,11.297721858471999,19.9244911020908,17.531701650037277,17.531701650037277,-2.027109837810209,-2.027109837810209,-2.027109837810209,-2.027109837810209,-2.027109837810209,-2.027109837810209,0.0,0.0,0.0,15.50459181222707
148,2021-05-31,17.493562410949778,13.157178784070997,21.388361010633517,17.493562410949778,17.493562410949778,-0.19606839112743235,-0.19606839112743235,-0.19606839112743235,-0.19606839112743235,-0.19606839112743235,-0.19606839112743235,0.0,0.0,0.0,17.297494019822345
149,2021-06-30,17.456653469897354,14.51751347740858,22.93182956977745,17.456653469897354,17.456653469897354,1.4013554520948706,1.4013554520948706,1.4013554520948706,1.4013554520948706,1.4013554520948706,1.4013554520948706,0.0,0.0,0.0,18.858008921992223
150,2021-07-31,17.41851423080985,14.116258836203942,22.943412176826417,17.41851423080985,17.41851423080985,1.2824196652925566,1.2824196652925566,1.2824196652925566,1.2824196652925566,1.2824196652925566,1.2824196652925566,0.0,0.0,0.0,18.70093389610241
151,2021-08-31,17.38037499172235,14.230383625452252,22.868868716034235,17.38037499172235,17.38037499172235,1.3688935885534896,1.3688935885534896,1.3688935885534896,1.3688935885534896,1.3688935885534896,1.3688935885534896,0.0,0.0,0.0,18.74926858027584
152,2021-09-30,17.343466050669928,11.192082421511294,20.11960466657182,17.343466050669928,17.343466050669928,-1.6010772864223015,-1.6010772864223015,-1.6010772864223015,-1.6010772864223015,-1.6010772864223015,-1.6010772864223015,0.0,0.0,0.0,15.742388764247627
153,2021-10-31,17.305326811582425,13.203876876630416,21.82668253203804,17.305326811582425,17.305326811582425,0.42799595486971387,0.42799595486971387,0.42799595486971387,0.42799595486971387,0.42799595486971387,0.42799595486971387,0.0,0.0,0.0,17.73332276645214
154,2021-11-30,17.268417870530005,12.830100647238657,21.387774285261298,17.268417870530005,17.268417870530005,-0.40401080439884574,-0.40401080439884574,-0.40401080439884574,-0.40401080439884574,-0.40401080439884574,-0.40401080439884574,0.0,0.0,0.0,16.864407066131157
155,2021-12-31,17.230278631442502,10.914190655453712,19.202066321411575,17.230278631442502,17.230278631442502,-2.1955925044810005,-2.1955925044810005,-2.1955925044810005,-2.1955925044810005,-2.1955925044810005,-2.1955925044810005,0.0,0.0,0.0,15.034686126961502
156,2022-01-31,17.192139392355,10.537697097354052,19.169024368044578,17.192139392355,17.192139392355,-2.388531680606024,-2.388531680606024,-2.388531680606024,-2.388531680606024,-2.388531680606024,-2.388531680606024,0.0,0.0,0.0,14.803607711748976
157,2022-02-28,17.15769104737274,14.194069288068583,22.6832741440221,17.15769104737274,17.15769104737274,1.2985565049802723,1.2985565049802723,1.2985565049802723,1.2985565049802723,1.2985565049802723,1.2985565049802723,0.0,0.0,0.0,18.456247552353013
158,2022-03-31,17.119551808285237,12.725683546808769,20.872821320482124,17.119551808285237,17.119551808285237,-0.2645604475789256,-0.2645604475789256,-0.2645604475789256,-0.2645604475789256,-0.2645604475789256,-0.2645604475789256,0.0,0.0,0.0,16.85499136070631
159,2022-04-30,17.082642867232813,11.193993588716847,19.76527763436232,17.082642867232813,17.082642867232813,-1.5008665511918335,-1.5008665511918335,-1.5008665511918335,-1.5008665511918335,-1.5008665511918335,-1.5008665511918335,0.0,0.0,0.0,15.58177631604098
160,2022-05-31,17.04450362814531,12.46461292403208,21.16799374238147,17.04450362814531,17.04450362814531,-0.1835584778226058,-0.1835584778226058,-0.1835584778226058,-0.1835584778226058,-0.1835584778226058,-0.1835584778226058,0.0,0.0,0.0,16.860945150322706
161,2022-06-30,17.00759468709289,14.21882884753337,22.49780215709311,17.00759468709289,17.00759468709289,1.4020672319385077,1.4020672319385077,1.4020672319385077,1.4020672319385077,1.4020672319385077,1.4020672319385077,0.0,0.0,0.0,18.409661919031397
162,2022-07-31,16.969455448005387,13.769714532612715,22.285227919689948,16.969455448005387,16.969455448005387,1.1860374345565186,1.1860374345565186,1.1860374345565186,1.1860374345565186,1.1860374345565186,1.1860374345565186,0.0,0.0,0.0,18.155492882561905
163,2022-08-31,16.931316208917888,12.951609291542667,22.145172082116524,16.931316208917888,16.931316208917888,0.8858035487252437,0.8858035487252437,0.8858035487252437,0.8858035487252437,0.8858035487252437,0.8858035487252437,0.0,0.0,0.0,17.81711975764313
164,2022-09-30,16.894407267865464,11.681062362653645,20.118599512944385,16.894407267865464,16.894407267865464,-1.1131421065035259,-1.1131421065035259,-1.1131421065035259,-1.1131421065035259,-1.1131421065035259,-1.1131421065035259,0.0,0.0,0.0,15.781265161361938
165,2022-10-31,16.856268028777965,13.261867485963123,22.05444724412396,16.856268028777965,16.856268028777965,0.6984677626270118,0.6984677626270118,0.6984677626270118,0.6984677626270118,0.6984677626270118,0.6984677626270118,0.0,0.0,0.0,17.554735791404976
166,2022-11-30,16.81935908772554,11.399029300716725,20.09640590354063,16.81935908772554,16.81935908772554,-1.0542491007084651,-1.0542491007084651,-1.0542491007084651,-1.0542491007084651,-1.0542491007084651,-1.0542491007084651,0.0,0.0,0.0,15.765109987017077
167,2022-12-31,16.781219848638038,10.954369107214891,19.33935806224822,16.781219848638038,16.781219848638038,-1.8370856431497409,-1.8370856431497409,-1.8370856431497409,-1.8370856431497409,-1.8370856431497409,-1.8370856431497409,0.0,0.0,0.0,14.944134205488297
168,2023-01-31,16.743080609550535,10.395683226906684,18.971186856369044,16.743080609550535,16.743080609550535,-2.049944775891971,-2.049944775891971,-2.049944775891971,-2.049944775891971,-2.049944775891971,-2.049944775891971,0.0,0.0,0.0,14.693135833658564
169,2023-02-28,16.708632264568276,13.250007512165295,21.97468089111898,16.708632264568276,16.708632264568276,0.8064899535603003,0.8064899535603003,0.8064899535603003,0.8064899535603003,0.8064899535603003,0.8064899535603003,0.0,0.0,0.0,17.515122218128578
170,2023-03-31,16.670493025480773,11.755093406796089,20.259101972216186,16.670493025480773,16.670493025480773,-0.5130622875831459,-0.5130622875831459,-0.5130622875831459,-0.5130622875831459,-0.5130622875831459,-0.5130622875831459,0.0,0.0,0.0,16.157430737897627
171,2023-04-30,16.63358408442835,11.60522649280674,19.871869512045475,16.63358408442835,16.63358408442835,-0.9691322168423038,-0.9691322168423038,-0.9691322168423038,-0.9691322168423038,-0.9691322168423038,-0.9691322168423038,0.0,0.0,0.0,15.664451867586045
172,2023-05-31,16.59544484534085,12.11150740664292,20.519106630151747,16.59544484534085,16.59544484534085,-0.1776304713774712,-0.1776304713774712,-0.1776304713774712,-0.1776304713774712,-0.1776304713774712,-0.1776304713774712,0.0,0.0,0.0,16.417814373963378
173,2023-06-30,16.558535904288426,13.921560416857394,22.465657347218833,16.558535904288426,16.558535904288426,1.3971394311545906,1.3971394311545906,1.3971394311545906,1.3971394311545906,1.3971394311545906,1.3971394311545906,0.0,0.0,0.0,17.95567533544302
174,2023-07-31,16.520396665200924,13.299576493310658,22.022108024683703,16.520396665200924,16.520396665200924,1.0841175961707634,1.0841175961707634,1.0841175961707634,1.0841175961707634,1.0841175961707634,1.0841175961707634,0.0,0.0,0.0,17.604514261371687
175,2023-08-31,16.482257426113424,12.622558155473076,21.026240171914264,16.482257426113424,16.482257426113424,0.4105307060557474,0.4105307060557474,0.4105307060557474,0.4105307060557474,0.4105307060557474,0.4105307060557474,0.0,0.0,0.0,16.892788132169173
176,2023-09-30,16.445348485061,11.268607023382485,20.018031339576577,16.445348485061,16.445348485061,-0.6162116044214784,-0.6162116044214784,-0.6162116044214784,-0.6162116044214784,-0.6162116044214784,-0.6162116044214784,0.0,0.0,0.0,15.829136880639522
177,2023-10-31,16.4072092459735,13.032090335882511,21.696579895892967,16.4072092459735,16.4072092459735,0.9568405955897334,0.9568405955897334,0.9568405955897334,0.9568405955897334,0.9568405955897334,0.9568405955897334,0.0,0.0,0.0,17.364049841563233
178,2023-11-30,16.370300304921077,10.774342077058742,19.224709736292144,16.370300304921077,16.370300304921077,-1.7030127982835634,-1.7030127982835634,-1.7030127982835634,-1.7030127982835634,-1.7030127982835634,-1.7030127982835634,0.0,0.0,0.0,14.667287506637514
179,2023-12-31,16.332161065833574,10.483843537563919,18.969795089792512,16.332161065833574,16.332161065833574,-1.4682966593042373,-1.4682966593042373,-1.4682966593042373,-1.4682966593042373,-1.4682966593042373,-1.4682966593042373,0.0,0.0,0.0,14.863864406529338
180,2024-01-01,16.330930767798492,9.557282715469666,17.77081924225305,16.330930767798492,16.330930767798492,-2.880485290141656,-2.880485290141656,-2.880485290141656,-2.880485290141656,-2.880485290141656,-2.880485290141656,0.0,0.0,0.0,13.450445477656835
181,2024-01-02,16.329700469763413,8.192792817247366,16.641932579975176,16.329700469763413,16.329700469763413,-4.113734586027391,-4.113734586027391,-4.113734586027391,-4.113734586027391,-4.113734586027391,-4.113734586027391,0.0,0.0,0.0,12.215965883736022
182,2024-01-03,16.328470171728334,6.974425144858353,15.400197468469809,16.328470171728334,16.328470171728334,-5.151989294038134,-5.151989294038134,-5.151989294038134,-5.151989294038134,-5.151989294038134,-5.151989294038134,0.0,0.0,0.0,11.1764808776902
183,2024-01-04,16.32723987369325,5.847581593464761,14.362295059519154,16.32723987369325,16.32723987369325,-5.983550206465373,-5.983550206465373,-5.983550206465373,-5.983550206465373,-5.983550206465373,-5.983550206465373,0.0,0.0,0.0,10.343689667227878
184,2024-01-05,16.32600957565817,5.663330829535959,13.69791113306041,16.32600957565817,16.32600957565817,-6.601291751830162,-6.601291751830162,-6.601291751830162,-6.601291751830162,-6.601291751830162,-6.601291751830162,0.0,0.0,0.0,9.724717823828007
185,2024-01-06,16.32477927762309,4.845664296978352,13.406095575285002,16.32477927762309,16.32477927762309,-7.0027889968832895,-7.0027889968832895,-7.0027889968832895,-7.0027889968832895,-7.0027889968832895,-7.0027889968832895,0.0,0.0,0.0,9.3219902807398
186,2024-01-07,16.323548979588008,5.076017776825849,13.45302278743236,16.323548979588008,16.323548979588008,-7.1903502766524525,-7.1903502766524525,-7.1903502766524525,-7.1903502766524525,-7.1903502766524525,-7.1903502766524525,0.0,0.0,0.0,9.133198702935555
187,2024-01-08,16.32231868155293,5.159684480574757,13.39137640184524,16.32231868155293,16.32231868155293,-7.170953481109768,-7.170953481109768,-7.170953481109768,-7.170953481109768,-7.170953481109768,-7.170953481109768,0.0,0.0,0.0,9.151365200443161
188,2024-01-09,16.32108838351785,5.142397051444539,13.713427406068007,16.32108838351785,16.32108838351785,-6.9560859339834575,-6.9560859339834575,-6.9560859339834575,-6.9560859339834575,-6.9560859339834575,-6.9560859339834575,0.0,0.0,0.0,9.365002449534392
189,2024-01-10,16.319858085482768,5.411508955433708,14.071668042391707,16.319858085482768,16.319858085482768,-6.5614897651631425,-6.5614897651631425,-6.5614897651631425,-6.5614897651631425,-6.5614897651631425,-6.5614897651631425,0.0,0.0,0.0,9.758368320319626
190,2024-01-11,16.31862778744769,6.175961749753969,15.041011964486357,16.31862778744769,16.31862778744769,-6.006816663907549,-6.006816663907549,-6.006816663907549,-6.006816663907549,-6.006816663907549,-6.006816663907549,0.0,0.0,0.0,10.311811123540139
191,2024-01-12,16.31739748941261,6.787114621268108,15.188606895174106,16.31739748941261,16.31739748941261,-5.315197863122883,-5.315197863122883,-5.315197863122883,-5.315197863122883,-5.315197863122883,-5.315197863122883,0.0,0.0,0.0,11.002199626289727
192,2024-01-13,16.316167191377524,7.376184855313259,16.1779546964147,16.316167191377524,16.316167191377524,-4.512737102631964,-4.512737102631964,-4.512737102631964,-4.512737102631964,-4.512737102631964,-4.512737102631964,0.0,0.0,0.0,11.80343008874556
193,2024-01-14,16.314936893342445,8.247501061920564,16.960996845420606,16.314936893342445,16.314936893342445,-3.627936107344954,-3.627936107344954,-3.627936107344954,-3.627936107344954,-3.627936107344954,-3.627936107344954,0.0,0.0,0.0,12.68700078599749
194,2024-01-15,16.313706595307362,9.381587842328791,18.163758022796937,16.313706595307362,16.313706595307362,-2.691063750883421,-2.691063750883421,-2.691063750883421,-2.691063750883421,-2.691063750883421,-2.691063750883421,0.0,0.0,0.0,13.622642844423941
195,2024-01-16,16.312476297272283,10.737290422494791,18.67797465264346,16.312476297272283,16.312476297272283,-1.733481515554776,-1.733481515554776,-1.733481515554776,-1.733481515554776,-1.733481515554776,-1.733481515554776,0.0,0.0,0.0,14.578994781717508
196,2024-01-17,16.311245999237205,11.106380753150772,19.951343120914387,16.311245999237205,16.311245999237205,-0.7869390655162437,-0.7869390655162437,-0.7869390655162437,-0.7869390655162437,-0.7869390655162437,-0.7869390655162437,0.0,0.0,0.0,15.524306933720961
197,2024-01-18,16.310015701202122,12.429786596960081,20.750283444328268,16.310015701202122,16.310015701202122,0.11714531296389821,0.11714531296389821,0.11714531296389821,0.11714531296389821,0.11714531296389821,0.11714531296389821,0.0,0.0,0.0,16.42716101416602
198,2024-01-19,16.308785403167043,12.996074942663496,21.17503573292501,16.308785403167043,16.308785403167043,0.9484040125536448,0.9484040125536448,0.9484040125536448,0.9484040125536448,0.9484040125536448,0.9484040125536448,0.0,0.0,0.0,17.25718941572069
199,2024-01-20,16.30755510513196,13.693043452060383,22.2160164297999,16.30755510513196,16.30755510513196,1.6782234422784141,1.6782234422784141,1.6782234422784141,1.6782234422784141,1.6782234422784141,1.6782234422784141,0.0,0.0,0.0,17.985778547410376
200,2024-01-21,16.30632480709688,14.346825049121005,22.439675823674,16.30632480709688,16.30632480709688,2.2804157243071344,2.2804157243071344,2.2804157243071344,2.2804157243071344,2.2804157243071344,2.2804157243071344,0.0,0.0,0.0,18.58674053140401
201,2024-01-22,16.3050945090618,14.519167272084825,23.270782924415755,16.3050945090618,16.3050945090618,2.7318434535962406,2.7318434535962406,2.7318434535962406,2.7318434535962406,2.7318434535962406,2.7318434535962406,0.0,0.0,0.0,19.03693796265804
202,2024-01-23,16.303864211026717,15.020172239379352,24.05635665656821,16.303864211026717,16.303864211026717,3.0129829583175116,3.0129829583175116,3.0129829583175116,3.0129829583175116,3.0129829583175116,3.0129829583175116,0.0,0.0,0.0,19.31684716934423
203,2024-01-24,16.302633912991638,15.27557942927287,23.563307259798002,16.302633912991638,16.302633912991638,3.1084125819053168,3.1084125819053168,3.1084125819053168,3.1084125819053168,3.1084125819053168,3.1084125819053168,0.0,0.0,0.0,19.411046494896954
