,ds,trend,yhat_lower,yhat_upper,trend_lower,trend_upper,additive_terms,additive_terms_lower,additive_terms_upper,yearly,yearly_lower,yearly_upper,multiplicative_terms,multiplicative_terms_lower,multiplicative_terms_upper,yhat
0,2017-01-31,19.055587499999998,19.21098436661218,33.02142482946434,19.055587499999998,19.055587499999998,6.871561871724479,6.871561871724479,6.871561871724479,6.871561871724479,6.871561871724479,6.871561871724479,0.0,0.0,0.0,25.927149371724475
1,2017-02-28,19.083813910033005,19.946562884338736,32.99833234838385,19.083813910033005,19.083813910033005,7.62521632342808,7.62521632342808,7.62521632342808,7.62521632342808,7.62521632342808,7.62521632342808,0.0,0.0,0.0,26.709030233461085
2,2017-03-31,19.115064578283828,16.78327266702051,30.16777619022613,19.115064578283828,19.115064578283828,4.547371505041134,4.547371505041134,4.547371505041134,4.547371505041134,4.547371505041134,4.547371505041134,0.0,0.0,0.0,23.662436083324963
3,2017-04-30,19.145307160462046,13.219903853613786,26.735178793628105,19.145307160462046,19.145307160462046,0.9871989992125036,0.9871989992125036,0.9871989992125036,0.9871989992125036,0.9871989992125036,0.9871989992125036,0.0,0.0,0.0,20.13250615967455
4,2017-05-31,19.17655782887728,13.943614735766952,27.909737844896828,19.17655782887728,19.17655782887728,1.6316777822254498,1.6316777822254498,1.6316777822254498,1.6316777822254498,1.6316777822254498,1.6316777822254498,0.0,0.0,0.0,20.808235611102727
5,2017-06-30,19.2068004112146,14.977234026075063,29.27422475846737,19.2068004112146,19.2068004112146,3.115450864281132,3.115450864281132,3.115450864281132,3.115450864281132,3.115450864281132,3.115450864281132,0.0,0.0,0.0,22.322251275495734
6,2017-07-31,19.23805108000907,14.908381199874876,28.973891482380974,19.23805108000907,19.23805108000907,2.3261794836458627,2.3261794836458627,2.3261794836458627,2.3261794836458627,2.3261794836458627,2.3261794836458627,0.0,0.0,0.0,21.56423056365493
7,2017-08-31,19.26930174880354,12.105744764835718,25.50297519548527,19.26930174880354,19.26930174880354,-0.28083009932126385,-0.28083009932126385,-0.28083009932126385,-0.28083009932126385,-0.28083009932126385,-0.28083009932126385,0.0,0.0,0.0,18.988471649482275
8,2017-09-30,19.29954433150786,10.316695433076042,23.18859789047303,19.29954433150786,19.29954433150786,-2.3642311903574607,-2.3642311903574607,-2.3642311903574607,-2.3642311903574607,-2.3642311903574607,-2.3642311903574607,0.0,0.0,0.0,16.9353131411504
9,2017-10-31,19.330795000653637,14.143895449702837,27.497924069446075,19.330795000653637,19.330795000653637,1.1875060484809934,1.1875060484809934,1.1875060484809934,1.1875060484809934,1.1875060484809934,1.1875060484809934,0.0,0.0,0.0,20.51830104913463
10,2017-11-30,19.361037583697943,15.111735354194506,28.92285734598281,19.361037583697943,19.361037583697943,2.7385042584217425,2.7385042584217425,2.7385042584217425,2.7385042584217425,2.7385042584217425,2.7385042584217425,0.0,0.0,0.0,22.099541842119685
11,2017-12-31,19.39228825284372,15.199260647855079,29.808306283879226,19.39228825284372,19.39228825284372,3.015800991355322,3.015800991355322,3.015800991355322,3.015800991355322,3.015800991355322,3.015800991355322,0.0,0.0,0.0,22.40808924419904
12,2018-01-31,19.42353892249324,15.96869480896191,29.655738146310274,19.42353892249324,19.42353892249324,2.8428326273829847,2.8428326273829847,2.8428326273829847,2.8428326273829847,2.8428326273829847,2.8428326273829847,0.0,0.0,0.0,22.266371549876226
13,2018-02-28,19.451765333789577,22.24818299091815,36.3456712591912,19.451765333789577,19.451765333789577,9.709811231778279,9.709811231778279,9.709811231778279,9.709811231778279,9.709811231778279,9.709811231778279,0.0,0.0,0.0,29.161576565567856
14,2018-03-31,19.483016003344012,17.890327598219606,31.430893221090518,19.483016003344012,19.483016003344012,5.484304103166389,5.484304103166389,5.484304103166389,5.484304103166389,5.484304103166389,5.484304103166389,0.0,0.0,0.0,24.9673201065104
15,2018-04-30,19.513258586783785,11.955587994389369,26.220795752460436,19.513258586783785,19.513258586783785,-0.0022814382693350467,-0.0022814382693350467,-0.0022814382693350467,-0.0022814382693350467,-0.0022814382693350467,-0.0022814382693350467,0.0,0.0,0.0,19.51097714851445
16,2018-05-31,19.54450925633822,14.35565559053625,27.976506564432842,19.54450925633822,19.54450925633822,1.37592406549586,1.37592406549586,1.37592406549586,1.37592406549586,1.37592406549586,1.37592406549586,0.0,0.0,0.0,20.92043332183408
17,2018-06-30,19.574751840042584,17.431874978874777,31.227861377727855,19.574751840042584,19.574751840042584,4.486472799620223,4.486472799620223,4.486472799620223,4.486472799620223,4.486472799620223,4.486472799620223,0.0,0.0,0.0,24.061224639662807
18,2018-07-31,19.606002509870432,15.11018794847099,28.835727037750175,19.606002509870432,19.606002509870432,2.3675366812677208,2.3675366812677208,2.3675366812677208,2.3675366812677208,2.3675366812677208,2.3675366812677208,0.0,0.0,0.0,21.97353919113815
19,2018-08-31,19.637253179477153,11.167650228098708,24.506169366835753,19.637253179477153,19.637253179477153,-2.022788760373047,-2.022788760373047,-2.022788760373047,-2.022788760373047,-2.022788760373047,-2.022788760373047,0.0,0.0,0.0,17.614464419104106
20,2018-09-30,19.66749576296753,10.072454427838252,24.0367918875308,19.66749576296753,19.66749576296753,-2.738558738224635,-2.738558738224635,-2.738558738224635,-2.738558738224635,-2.738558738224635,-2.738558738224635,0.0,0.0,0.0,16.928937024742893
21,2018-10-31,19.698746432574247,14.888693038508737,28.58174090076875,19.698746432574247,19.698746432574247,2.0831022134925012,2.0831022134925012,2.0831022134925012,2.0831022134925012,2.0831022134925012,2.0831022134925012,0.0,0.0,0.0,21.78184864606675
22,2018-11-30,19.728989080492756,17.17480537591249,30.682978381514886,19.728989080492756,19.728989080492756,4.160119135706665,4.160119135706665,4.160119135706665,4.160119135706665,4.160119135706665,4.160119135706665,0.0,0.0,0.0,23.88910821619942
23,2018-12-31,19.760239816675217,16.525589720693425,30.34767975699243,19.760239816675217,19.760239816675217,3.8753201664863046,3.8753201664863046,3.8753201664863046,3.8753201664863046,3.8753201664863046,3.8753201664863046,0.0,0.0,0.0,23.63555998316152
24,2019-01-31,19.791490552857674,11.557998321119554,26.108378021320927,19.791490552857674,19.791490552857674,-1.1868049215278547,-1.1868049215278547,-1.1868049215278547,-1.1868049215278547,-1.1868049215278547,-1.1868049215278547,0.0,0.0,0.0,18.60468563132982
25,2019-02-28,19.81971702413951,24.589181860853206,38.285127743192106,19.81971702413951,19.81971702413951,11.84671564220679,11.84671564220679,11.84671564220679,11.84671564220679,11.84671564220679,11.84671564220679,0.0,0.0,0.0,31.666432666346303
26,2019-03-31,19.850967760201538,18.956513830763665,33.50828204470731,19.850967760201538,19.850967760201538,6.396100945526416,6.396100945526416,6.396100945526416,6.396100945526416,6.396100945526416,6.396100945526416,0.0,0.0,0.0,26.247068705727955
27,2019-04-30,19.881210408659932,11.897746280058414,25.873459654083,19.881210408659932,19.881210408659932,-1.0039730950275214,-1.0039730950275214,-1.0039730950275214,-1.0039730950275214,-1.0039730950275214,-1.0039730950275214,0.0,0.0,0.0,18.87723731363241
28,2019-05-31,19.912461145400275,13.798191968642376,28.209772139357547,19.912461145400275,19.912461145400275,1.1444115233187382,1.1444115233187382,1.1444115233187382,1.1444115233187382,1.1444115233187382,1.1444115233187382,0.0,0.0,0.0,21.056872668719013
29,2019-06-30,19.942703793858673,18.84886217450412,32.89584384887446,19.942703793858673,19.942703793858673,5.85074110839317,5.85074110839317,5.85074110839317,5.85074110839317,5.85074110839317,5.85074110839317,0.0,0.0,0.0,25.793444902251842
30,2019-07-31,19.97402575289951,15.48486982204348,29.12994573920779,19.97402575289951,19.97402575289951,2.3644774300480376,2.3644774300480376,2.3644774300480376,2.3644774300480376,2.3644774300480376,2.3644774300480376,0.0,0.0,0.0,22.338503182947548
31,2019-08-31,20.005347711940345,9.155803499693741,22.928212874701796,20.005347711940345,20.005347711940345,-3.7700662670735627,-3.7700662670735627,-3.7700662670735627,-3.7700662670735627,-3.7700662670735627,-3.7700662670735627,0.0,0.0,0.0,16.235281444866782
32,2019-09-30,20.03565928520567,10.062282146140449,24.179911513390945,20.03565928520567,20.03565928520567,-3.066741136816308,-3.066741136816308,-3.066741136816308,-3.066741136816308,-3.066741136816308,-3.066741136816308,0.0,0.0,0.0,16.968918148389363
33,2019-10-31,20.067180780074235,16.456581200952694,29.80761391868352,20.067180780074235,20.067180780074235,3.0115958176333444,3.0115958176333444,3.0115958176333444,3.0115958176333444,3.0115958176333444,3.0115958176333444,0.0,0.0,0.0,23.07877659770758
34,2019-11-30,20.097685452527678,19.007518334676234,32.525738691996416,20.097685452527678,20.097685452527678,5.5636906128645895,5.5636906128645895,5.5636906128645895,5.5636906128645895,5.5636906128645895,5.5636906128645895,0.0,0.0,0.0,25.66137606539227
35,2019-12-31,20.12946183545812,17.9382180132983,31.624736875236728,20.12946183545812,20.12946183545812,4.65845110216307,4.65845110216307,4.65845110216307,4.65845110216307,4.65845110216307,4.65845110216307,0.0,0.0,0.0,24.78791293762119
36,2020-01-31,20.16123821838856,8.464691225190743,21.894830308324888,20.16123821838856,20.16123821838856,-5.213205876881921,-5.213205876881921,-5.213205876881921,-5.213205876881921,-5.213205876881921,-5.213205876881921,0.0,0.0,0.0,14.94803234150664
37,2020-02-29,20.190964512097683,19.02084866808834,32.73996208456667,20.190964512097683,20.190964512097683,5.594780574497121,5.594780574497121,5.594780574497121,5.594780574497121,5.594780574497121,5.594780574497121,0.0,0.0,0.0,25.785745086594805
38,2020-03-31,20.22318978295717,17.155507541915384,30.298915805113158,20.22318978295717,20.22318978295717,3.58664153470723,3.58664153470723,3.58664153470723,3.58664153470723,3.58664153470723,3.58664153470723,0.0,0.0,0.0,23.8098313176644
39,2020-04-30,20.254375528950217,15.306236214633277,28.768849817073253,20.254375528950217,20.254375528950217,1.9635671513895905,1.9635671513895905,1.9635671513895905,1.9635671513895905,1.9635671513895905,1.9635671513895905,0.0,0.0,0.0,22.217942680339807
40,2020-05-31,20.286600799809705,15.565367739712416,29.23931937658344,20.286600799809705,20.286600799809705,1.9115376991718858,1.9115376991718858,1.9115376991718858,1.9115376991718858,1.9115376991718858,1.9115376991718858,0.0,0.0,0.0,22.198138498981592
41,2020-06-30,20.317948931327507,15.69807059323523,28.821434453093328,20.317948931327507,20.317948931327507,1.7391838950001361,1.7391838950001361,1.7391838950001361,1.7391838950001361,1.7391838950001361,1.7391838950001361,0.0,0.0,0.0,22.057132826327642
42,2020-07-31,20.350342000562566,15.529853378565672,29.137052069394404,20.350342000562566,20.350342000562566,2.240251746424828,2.240251746424828,2.240251746424828,2.240251746424828,2.240251746424828,2.240251746424828,0.0,0.0,0.0,22.590593746987395
43,2020-08-31,20.382796096441623,14.978557186832395,29.032446973697073,20.382796096441623,20.382796096441623,1.4535934630204033,1.4535934630204033,1.4535934630204033,1.4535934630204033,1.4535934630204033,1.4535934630204033,0.0,0.0,0.0,21.836389559462027
44,2020-09-30,20.414203286002,11.328359023868362,25.368884594741637,20.414203286002,20.414203286002,-1.9443568878985662,-1.9443568878985662,-1.9443568878985662,-1.9443568878985662,-1.9443568878985662,-1.9443568878985662,0.0,0.0,0.0,18.469846398103435
45,2020-10-31,20.446657381881057,13.552887675027058,27.143558469622636,20.446657381881057,20.446657381881057,0.3262233081149488,0.3262233081149488,0.3262233081149488,0.3262233081149488,0.3262233081149488,0.3262233081149488,0.0,0.0,0.0,20.772880689996004
46,2020-11-30,20.478493651565195,14.849819445078486,28.572067985081787,20.478493651565195,20.478493651565195,1.3009966592242421,1.3009966592242421,1.3009966592242421,1.3009966592242421,1.3009966592242421,1.3009966592242421,0.0,0.0,0.0,21.779490310789438
47,2020-12-31,20.511391130238806,15.755449357905091,30.066735297786316,20.511391130238806,20.511391130238806,2.08017814041746,2.08017814041746,2.08017814041746,2.08017814041746,2.08017814041746,2.08017814041746,0.0,0.0,0.0,22.591569270656265
48,2021-01-31,20.544288608912414,20.390480789581922,34.44471918784201,20.544288608912414,20.544288608912414,6.871561871717266,6.871561871717266,6.871561871717266,6.871561871717266,6.871561871717266,6.871561871717266,0.0,0.0,0.0,27.41585048062968
49,2021-02-28,20.574072892875694,21.853163786009755,35.060855270509194,20.574072892875694,20.574072892875694,7.625216323427307,7.625216323427307,7.625216323427307,7.625216323427307,7.625216323427307,7.625216323427307,0.0,0.0,0.0,28.199289216303
50,2021-03-31,20.60704835012076,18.204731255727488,32.01994979873651,20.60704835012076,20.60704835012076,4.54737150503219,4.54737150503219,4.54737150503219,4.54737150503219,4.54737150503219,4.54737150503219,0.0,0.0,0.0,25.154419855152952
51,2021-04-30,20.639026804740542,15.188747881334399,28.532370450214746,20.639026804740542,20.639026804740542,0.9871989992023377,0.9871989992023377,0.9871989992023377,0.9871989992023377,0.9871989992023377,0.9871989992023377,0.0,0.0,0.0,21.62622580394288
52,2021-05-31,20.672071207847647,15.794121841762864,29.322963567301763,20.672071207847647,20.672071207847647,1.6316777822116226,1.6316777822116226,1.6316777822116226,1.6316777822116226,1.6316777822116226,1.6316777822116226,0.0,0.0,0.0,22.30374899005927
53,2021-06-30,20.704049662467433,16.543829245164744,29.940528556543985,20.704049662467433,20.704049662467433,3.1154508642889556,3.1154508642889556,3.1154508642889556,3.1154508642889556,3.1154508642889556,3.1154508642889556,0.0,0.0,0.0,23.81950052675639
54,2021-07-31,20.73715336522132,15.994410379932996,29.962834213929273,20.73715336522132,20.73715336522132,2.3261794836604412,2.3261794836604412,2.3261794836604412,2.3261794836604412,2.3261794836604412,2.3261794836604412,0.0,0.0,0.0,23.063332848881764
55,2021-08-31,20.770257067975212,13.000603691604656,27.262611950521034,20.770257067975212,20.770257067975212,-0.28083009931214714,-0.28083009931214714,-0.28083009931214714,-0.28083009931214714,-0.28083009931214714,-0.28083009931214714,0.0,0.0,0.0,20.489426968663064
56,2021-09-30,20.802293319694474,12.205771255082185,25.51062214305864,20.802293319694474,20.802293319694474,-2.364231190363662,-2.364231190363662,-2.364231190363662,-2.364231190363662,-2.364231190363662,-2.364231190363662,0.0,0.0,0.0,18.438062129330813
57,2021-10-31,20.835397446471045,14.986526862219693,28.9895185152837,20.835397446471045,20.835397446471045,1.187506048479323,1.187506048479323,1.187506048479323,1.187506048479323,1.187506048479323,1.187506048479323,0.0,0.0,0.0,22.02290349495037
58,2021-11-30,20.86743369819031,16.821753560345897,30.154380675387497,20.86743369819031,20.86743369819031,2.7385042584259165,2.7385042584259165,2.7385042584259165,2.7385042584259165,2.7385042584259165,2.7385042584259165,0.0,0.0,0.0,23.605937956616227
59,2021-12-31,20.900537996476448,17.010029935338505,30.647338356912975,20.900537996476448,20.900537996476448,3.015800991350242,3.015800991350242,3.015800991350242,3.015800991350242,3.015800991350242,3.015800991350242,0.0,0.0,0.0,23.91633898782669
60,2022-01-31,20.933642294762585,16.891500237618924,31.204222440026623,20.933642294762585,20.933642294762585,2.8428326273716613,2.8428326273716613,2.8428326273716613,2.8428326273716613,2.8428326273716613,2.8428326273716613,0.0,0.0,0.0,23.776474922134245
61,2022-02-28,20.963542951279095,24.05508187304238,37.579195230519296,20.963542951279095,20.963542951279095,9.70981123176765,9.70981123176765,9.70981123176765,9.70981123176765,9.70981123176765,9.70981123176765,0.0,0.0,0.0,30.673354183046747
62,2022-03-31,20.996647249463606,19.453242858149824,33.79400874864928,20.996647249463606,20.996647249463606,5.484304103167535,5.484304103167535,5.484304103167535,5.484304103167535,5.484304103167535,5.484304103167535,0.0,0.0,0.0,26.48095135263114
63,2022-04-30,21.02868366706152,13.870656147934,27.979327175006876,21.02868366706152,21.02868366706152,-0.0022814382740288124,-0.0022814382740288124,-0.0022814382740288124,-0.0022814382740288124,-0.0022814382740288124,-0.0022814382740288124,0.0,0.0,0.0,21.026402228787493
64,2022-05-31,21.061788700876747,15.201526188301084,29.92136700129189,21.061788700876747,21.061788700876747,1.3759240655069753,1.3759240655069753,1.3759240655069753,1.3759240655069753,1.3759240655069753,1.3759240655069753,0.0,0.0,0.0,22.437712766383722
65,2022-06-30,21.093825830375355,18.47540621873225,31.777316964483973,21.093825830375355,21.093825830375355,4.486472799616983,4.486472799616983,4.486472799616983,4.486472799616983,4.486472799616983,4.486472799616983,0.0,0.0,0.0,25.58029862999234
66,2022-07-31,21.12693086419058,16.821109897671636,30.52108619389979,21.12693086419058,21.12693086419058,2.3675366812721634,2.3675366812721634,2.3675366812721634,2.3675366812721634,2.3675366812721634,2.3675366812721634,0.0,0.0,0.0,23.494467545462744
67,2022-08-31,21.16003589842651,12.095115046837007,26.38152466651477,21.16003589842651,21.16003589842651,-2.022788760372297,-2.022788760372297,-2.022788760372297,-2.022788760372297,-2.022788760372297,-2.022788760372297,0.0,0.0,0.0,19.137247138054214
68,2022-09-30,21.192073028332253,11.720770450641373,25.096376960462003,21.192073028332253,21.192073028332253,-2.738558738227692,-2.738558738227692,-2.738558738227692,-2.738558738227692,-2.738558738227692,-2.738558738227692,0.0,0.0,0.0,18.45351429010456
69,2022-10-31,21.225178062568183,15.395020784969766,30.118213501358408,21.225178062568183,21.225178062568183,2.0831022135012636,2.0831022135012636,2.0831022135012636,2.0831022135012636,2.0831022135012636,2.0831022135012636,0.0,0.0,0.0,23.308280276069446
70,2022-11-30,21.257215192473925,18.466492786717943,31.762118914257794,21.257215192473925,21.257215192473925,4.160119135696305,4.160119135696305,4.160119135696305,4.160119135696305,4.160119135696305,4.160119135696305,0.0,0.0,0.0,25.41733432817023
71,2022-12-31,21.290320226709856,18.35978987794481,31.733362304449496,21.290320226709856,21.290320226709856,3.875320166483649,3.875320166483649,3.875320166483649,3.875320166483649,3.875320166483649,3.875320166483649,0.0,0.0,0.0,25.165640393193506
72,2023-01-31,21.323425260945786,12.512433856757303,26.746930058007063,21.323425260945786,21.323425260945786,-1.1868049215165606,-1.1868049215165606,-1.1868049215165606,-1.1868049215165606,-1.1868049215165606,-1.1868049215165606,0.0,0.0,0.0,20.136620339429225
73,2023-02-28,21.353326582191144,26.0855229477856,40.42878131090393,21.353326582191144,21.353326582191144,11.84671564220434,11.84671564220434,11.84671564220434,11.84671564220434,11.84671564220434,11.84671564220434,0.0,0.0,0.0,33.20004222439548
74,2023-03-31,21.386431616427075,21.215011821306128,34.50360878918813,21.386431616427075,21.386431616427075,6.396100945544256,6.396100945544256,6.396100945544256,6.396100945544256,6.396100945544256,6.396100945544256,0.0,0.0,0.0,27.78253256197133
75,2023-04-30,21.418468746332817,13.566334135354973,27.091691686571234,21.418468746332817,21.418468746332817,-1.0039730950382446,-1.0039730950382446,-1.0039730950382446,-1.0039730950382446,-1.0039730950382446,-1.0039730950382446,0.0,0.0,0.0,20.414495651294573
76,2023-05-31,21.451573780568747,15.32847001613033,29.587283918537324,21.451573780568747,21.451573780568747,1.144411523316051,1.144411523316051,1.144411523316051,1.144411523316051,1.144411523316051,1.144411523316051,0.0,0.0,0.0,22.5959853038848
77,2023-06-30,21.483610910474486,20.56045063660008,34.17330207143124,21.483610910474486,21.483610910474486,5.850741108389508,5.850741108389508,5.850741108389508,5.850741108389508,5.850741108389508,5.850741108389508,0.0,0.0,0.0,27.334352018863996
78,2023-07-31,21.516715944710416,17.12663850894756,30.941422202931804,21.516715944710416,21.516715944710416,2.3644774300544737,2.3644774300544737,2.3644774300544737,2.3644774300544737,2.3644774300544737,2.3644774300544737,0.0,0.0,0.0,23.88119337476489
79,2023-08-31,21.54982097894635,10.288544216247695,24.58291875513792,21.54982097894635,21.54982097894635,-3.7700662670715857,-3.7700662670715857,-3.7700662670715857,-3.7700662670715857,-3.7700662670715857,-3.7700662670715857,0.0,0.0,0.0,17.779754711874766
80,2023-09-30,21.58185810885209,11.75409686623662,25.34584318064002,21.58185810885209,21.58185810885209,-3.0667411368168027,-3.0667411368168027,-3.0667411368168027,-3.0667411368168027,-3.0667411368168027,-3.0667411368168027,0.0,0.0,0.0,18.515116972035287
81,2023-10-31,21.61496314308802,17.99549895372784,32.27241545822986,21.61496314308802,21.61496314308802,3.0115958176343858,3.0115958176343858,3.0115958176343858,3.0115958176343858,3.0115958176343858,3.0115958176343858,0.0,0.0,0.0,24.626558960722406
82,2023-11-30,21.64700027299376,20.516592615570005,34.64524144878329,21.64700027299376,21.64700027299376,5.563690612869292,5.563690612869292,5.563690612869292,5.563690612869292,5.563690612869292,5.563690612869292,0.0,0.0,0.0,27.210690885863052
83,2023-12-31,21.68010530722969,19.43762747328163,33.46241312402522,21.68010530722969,21.68010530722969,4.658451102151232,4.658451102151232,4.658451102151232,4.658451102151232,4.658451102151232,4.658451102151232,0.0,0.0,0.0,26.338556409380924
84,2024-01-01,21.681173211559884,15.569241463101708,29.699131340560715,21.681173211559884,21.681173211559884,1.0688637711602136,1.0688637711602136,1.0688637711602136,1.0688637711602136,1.0688637711602136,1.0688637711602136,0.0,0.0,0.0,22.750036982720097
85,2024-01-02,21.682241115890072,10.47498054430273,25.15111707248741,21.682241115890072,21.682241115890072,-3.720598993524959,-3.720598993524959,-3.720598993524959,-3.720598993524959,-3.720598993524959,-3.720598993524959,0.0,0.0,0.0,17.961642122365113
86,2024-01-03,21.683309020220264,5.263798501062835,18.77501795842356,21.683309020220264,21.683309020220264,-9.655073923007114,-9.655073923007114,-9.655073923007114,-9.655073923007114,-9.655073923007114,-9.655073923007114,0.0,0.0,0.0,12.02823509721315
87,2024-01-04,21.684376924550456,-1.8670668406397897,11.600663372292596,21.684376924550456,21.684376924550456,-16.647755301581526,-16.647755301581526,-16.647755301581526,-16.647755301581526,-16.647755301581526,-16.647755301581526,0.0,0.0,0.0,5.03662162296893
88,2024-01-05,21.685444828880648,-10.243741022983883,3.6976345319379225,21.685444828880648,21.685444828880648,-24.581312025503752,-24.581312025503752,-24.581312025503752,-24.581312025503752,-24.581312025503752,-24.581312025503752,0.0,0.0,0.0,-2.8958671966231044
89,2024-01-06,21.68651273321084,-18.7513006619093,-5.083587481027195,21.68651273321084,21.68651273321084,-33.310092897584035,-33.310092897584035,-33.310092897584035,-33.310092897584035,-33.310092897584035,-33.310092897584035,0.0,0.0,0.0,-11.623580164373195
90,2024-01-07,21.687580637541032,-27.926446745011255,-14.514459192722063,21.687580637541032,21.687580637541032,-42.66307236732826,-42.66307236732826,-42.66307236732826,-42.66307236732826,-42.66307236732826,-42.66307236732826,0.0,0.0,0.0,-20.97549172978723
91,2024-01-08,21.688648541871224,-38.0225108741498,-23.693794048121323,21.688648541871224,21.688648541871224,-52.44746977245304,-52.44746977245304,-52.44746977245304,-52.44746977245304,-52.44746977245304,-52.44746977245304,0.0,0.0,0.0,-30.758821230581816
92,2024-01-09,21.689716446201412,-47.4981478566659,-33.861846649855735,21.689716446201412,21.689716446201412,-62.452957645287526,-62.452957645287526,-62.452957645287526,-62.452957645287526,-62.452957645287526,-62.452957645287526,0.0,0.0,0.0,-40.76324119908611
93,2024-01-10,21.690784350531604,-57.78917422847546,-43.688742298360324,21.690784350531604,21.690784350531604,-72.45635927759545,-72.45635927759545,-72.45635927759545,-72.45635927759545,-72.45635927759545,-72.45635927759545,0.0,0.0,0.0,-50.76557492706385
94,2024-01-11,21.691852254861796,-67.56567424989565,-53.543621427602886,21.691852254861796,21.691852254861796,-82.22672288554277,-82.22672288554277,-82.22672288554277,-82.22672288554277,-82.22672288554277,-82.22672288554277,0.0,0.0,0.0,-60.53487063068097
95,2024-01-12,21.69292015919199,-76.52601622118169,-63.141460198434864,21.69292015919199,21.69292015919199,-91.53064972060352,-91.53064972060352,-91.53064972060352,-91.53064972060352,-91.53064972060352,-91.53064972060352,0.0,0.0,0.0,-69.83772956141154
96,2024-01-13,21.69398806352218,-85.41751070533331,-71.4286030987408,21.69398806352218,21.69398806352218,-100.13774658751038,-100.13774658751038,-100.13774658751038,-100.13774658751038,-100.13774658751038,-100.13774658751038,0.0,0.0,0.0,-78.4437585239882
97,2024-01-14,21.695055967852372,-93.15326147914269,-79.2077332978737,21.695055967852372,21.695055967852372,-107.82606963488891,-107.82606963488891,-107.82606963488891,-107.82606963488891,-107.82606963488891,-107.82606963488891,0.0,0.0,0.0,-86.13101366703654
98,2024-01-15,21.69612387218256,-99.96792835618231,-85.57458438671709,21.69612387218256,21.69612387218256,-114.38742607003438,-114.38742607003438,-114.38742607003438,-114.38742607003438,-114.38742607003438,-114.38742607003438,0.0,0.0,0.0,-92.69130219785183
99,2024-01-16,21.697191776512753,-105.07478271449037,-91.1421690552745,21.697191776512753,21.697191776512753,-119.63240361401978,-119.63240361401978,-119.63240361401978,-119.63240361401978,-119.63240361401978,-119.63240361401978,0.0,0.0,0.0,-97.93521183750703
100,2024-01-17,21.698259680842945,-107.82282700869473,-94.52556321856198,21.698259680842945,21.698259680842945,-123.39500397619369,-123.39500397619369,-123.39500397619369,-123.39500397619369,-123.39500397619369,-123.39500397619369,0.0,0.0,0.0,-101.69674429535075
101,2024-01-18,21.699327585173133,-110.45885721086056,-96.94754080944013,21.699327585173133,21.699327585173133,-125.53676621288446,-125.53676621288446,-125.53676621288446,-125.53676621288446,-125.53676621288446,-125.53676621288446,0.0,0.0,0.0,-103.83743862771132
102,2024-01-19,21.700395489503325,-110.86652721399898,-97.0167866694063,21.700395489503325,21.700395489503325,-125.95027829153163,-125.95027829153163,-125.95027829153163,-125.95027829153163,-125.95027829153163,-125.95027829153163,0.0,0.0,0.0,-104.24988280202831
103,2024-01-20,21.70146339383352,-109.92932256507873,-95.57542396364539,21.70146339383352,21.70146339383352,-124.56199018586172,-124.56199018586172,-124.56199018586172,-124.56199018586172,-124.56199018586172,-124.56199018586172,0.0,0.0,0.0,-102.8605267920282
104,2024-01-21,21.70253129816371,-106.80853984475817,-92.54324516533333,21.70253129816371,21.70253129816371,-121.33425898390344,-121.33425898390344,-121.33425898390344,-121.33425898390344,-121.33425898390344,-121.33425898390344,0.0,0.0,0.0,-99.63172768573973
105,2024-01-22,21.7035992024939,-101.07373377642408,-87.6858336156769,21.7035992024939,21.7035992024939,-116.2665753587896,-116.2665753587896,-116.2665753587896,-116.2665753587896,-116.2665753587896,-116.2665753587896,0.0,0.0,0.0,-94.56297615629569
106,2024-01-23,21.704667106824093,-94.96065076888074,-80.6841646112497,21.704667106824093,21.704667106824093,-109.39594084222034,-109.39594084222034,-109.39594084222034,-109.39594084222034,-109.39594084222034,-109.39594084222034,0.0,0.0,0.0,-87.69127373539625
107,2024-01-24,21.70573501115428,-85.95257129771807,-72.05726134936393,21.705734843815602,21.70573501115428,-100.79638613539409,-100.79638613539409,-100.79638613539409,-100.79638613539409,-100.79638613539409,-100.79638613539409,0.0,0.0,0.0,-79.0906511242398
