,ds,trend,yhat_lower,yhat_upper,trend_lower,trend_upper,additive_terms,additive_terms_lower,additive_terms_upper,yearly,yearly_lower,yearly_upper,multiplicative_terms,multiplicative_terms_lower,multiplicative_terms_upper,yhat
0,2017-01-31,15.836476650181691,10.074817425832126,19.531015716409446,15.836476650181691,15.836476650181691,-1.1444001764924927,-1.1444001764924927,-1.1444001764924927,-1.1444001764924927,-1.1444001764924927,-1.1444001764924927,0.0,0.0,0.0,14.692076473689198
1,2017-02-28,15.793124869954786,13.802317064341437,23.19450579370484,15.793124869954786,15.793124869954786,2.668710650149754,2.668710650149754,2.668710650149754,2.668710650149754,2.668710650149754,2.668710650149754,0.0,0.0,0.0,18.46183552010454
2,2017-03-31,15.745128256132142,12.419831381045888,22.038546346119528,15.745128256132142,15.745128256132142,1.1947840828357814,1.1947840828357814,1.1947840828357814,1.1947840828357814,1.1947840828357814,1.1947840828357814,0.0,0.0,0.0,16.939912338967925
3,2017-04-30,15.698679920174746,10.67912298129971,20.15260951126078,15.698679920174746,15.698679920174746,-0.5043402989459421,-0.5043402989459421,-0.5043402989459421,-0.5043402989459421,-0.5043402989459421,-0.5043402989459421,0.0,0.0,0.0,15.194339621228803
4,2017-05-31,15.650683306207842,11.300038597824463,20.697617526260558,15.650683306207842,15.650683306207842,0.47278318459421304,0.47278318459421304,0.47278318459421304,0.47278318459421304,0.47278318459421304,0.47278318459421304,0.0,0.0,0.0,16.123466490802056
5,2017-06-30,15.60423497011084,14.01222443711029,23.76110721077155,15.60423497011084,15.60423497011084,3.17649097209278,3.17649097209278,3.17649097209278,3.17649097209278,3.17649097209278,3.17649097209278,0.0,0.0,0.0,18.78072594220362
6,2017-07-31,15.556238356043583,14.580906801283968,24.0342444180127,15.556238356043583,15.556238356043583,3.723204744580228,3.723204744580228,3.723204744580228,3.723204744580228,3.723204744580228,3.723204744580228,0.0,0.0,0.0,19.279443100623812
7,2017-08-31,15.508241741976324,15.359905180071634,24.634267369692207,15.508241741976324,15.508241741976324,4.218358705868114,4.218358705868114,4.218358705868114,4.218358705868114,4.218358705868114,4.218358705868114,0.0,0.0,0.0,19.726600447844437
8,2017-09-30,15.4617934057822,8.229526317764831,18.041180564733605,15.4617934057822,15.4617934057822,-2.3545968699360884,-2.3545968699360884,-2.3545968699360884,-2.3545968699360884,-2.3545968699360884,-2.3545968699360884,0.0,0.0,0.0,13.107196535846112
9,2017-10-31,15.413796792213752,10.629130169741286,19.905396912237933,15.413796792213752,15.413796792213752,-0.04765504357866228,-0.04765504357866228,-0.04765504357866228,-0.04765504357866228,-0.04765504357866228,-0.04765504357866228,0.0,0.0,0.0,15.366141748635089
10,2017-11-30,15.36734845650235,9.05806948876627,18.572560447862433,15.36734845650235,15.36734845650235,-1.3983143618450768,-1.3983143618450768,-1.3983143618450768,-1.3983143618450768,-1.3983143618450768,-1.3983143618450768,0.0,0.0,0.0,13.969034094657273
11,2017-12-31,15.319351842933902,7.529863409390777,17.27101536085838,15.319351842933902,15.319351842933902,-3.1321720750072988,-3.1321720750072988,-3.1321720750072988,-3.1321720750072988,-3.1321720750072988,-3.1321720750072988,0.0,0.0,0.0,12.187179767926603
12,2018-01-31,15.27135522979545,8.636546928678893,17.919894856502232,15.27135522979545,15.27135522979545,-1.8174752021569103,-1.8174752021569103,-1.8174752021569103,-1.8174752021569103,-1.8174752021569103,-1.8174752021569103,0.0,0.0,0.0,13.45388002763854
13,2018-02-28,15.228003450186526,13.072471526064295,22.80227735123946,15.228003450186526,15.228003450186526,2.8723176494356575,2.8723176494356575,2.8723176494356575,2.8723176494356575,2.8723176494356575,2.8723176494356575,0.0,0.0,0.0,18.10032109962218
14,2018-03-31,15.180006837384887,11.813529602323912,21.034771433553182,15.180006837384887,15.180006837384887,1.2901551730016636,1.2901551730016636,1.2901551730016636,1.2901551730016636,1.2901551730016636,1.2901551730016636,0.0,0.0,0.0,16.470162010386552
15,2018-04-30,15.133558502415557,10.127556196746218,19.32654042084987,15.133558502415557,15.133558502415557,-0.3170181989753944,-0.3170181989753944,-0.3170181989753944,-0.3170181989753944,-0.3170181989753944,-0.3170181989753944,0.0,0.0,0.0,14.816540303440163
16,2018-05-31,15.085561889613919,10.140153221504471,20.02759928529659,15.085561889613919,15.085561889613919,0.055493273408758204,0.055493273408758204,0.055493273408758204,0.055493273408758204,0.055493273408758204,0.055493273408758204,0.0,0.0,0.0,15.141055163022678
17,2018-06-30,15.03911355444082,13.685455069732088,23.129662570521823,15.03911355444082,15.03911355444082,3.3638338185583434,3.3638338185583434,3.3638338185583434,3.3638338185583434,3.3638338185583434,3.3638338185583434,0.0,0.0,0.0,18.402947372999165
18,2018-07-31,14.991116941428622,13.754738381405277,23.578940135422435,14.991116941428622,14.991116941428622,4.077608578240775,4.077608578240775,4.077608578240775,4.077608578240775,4.077608578240775,4.077608578240775,0.0,0.0,0.0,19.068725519669396
19,2018-08-31,14.943120328177628,12.880898850872711,22.611883203279746,14.943120328177628,14.943120328177628,2.825654782931513,2.825654782931513,2.825654782931513,2.825654782931513,2.825654782931513,2.825654782931513,0.0,0.0,0.0,17.76877511110914
20,2018-09-30,14.896671992773445,9.344159498143974,18.981190439252263,14.896671992773445,14.896671992773445,-0.5934168060245351,-0.5934168060245351,-0.5934168060245351,-0.5934168060245351,-0.5934168060245351,-0.5934168060245351,0.0,0.0,0.0,14.30325518674891
21,2018-10-31,14.848675379522453,9.508431475796309,18.88664370369468,14.848675379522453,14.848675379522453,-0.46630950287197703,-0.46630950287197703,-0.46630950287197703,-0.46630950287197703,-0.46630950287197703,-0.46630950287197703,0.0,0.0,0.0,14.382365876650475
22,2018-11-30,14.802227043676396,7.708263089783444,17.09742688386955,14.802227043676396,14.802227043676396,-2.249324256531758,-2.249324256531758,-2.249324256531758,-2.249324256531758,-2.249324256531758,-2.249324256531758,0.0,0.0,0.0,12.552902787144639
23,2018-12-31,14.754230429968807,7.586282714203879,17.594991335229206,14.754230429968807,14.754230429968807,-2.09681532206511,-2.09681532206511,-2.09681532206511,-2.09681532206511,-2.09681532206511,-2.09681532206511,0.0,0.0,0.0,12.657415107903697
24,2019-01-31,14.706233816261216,7.185064227002287,16.718643897766427,14.706233816261216,14.706233816261216,-2.497983436723425,-2.497983436723425,-2.497983436723425,-2.497983436723425,-2.497983436723425,-2.497983436723425,0.0,0.0,0.0,12.208250379537791
25,2019-02-28,14.662882036228213,12.977981698398693,22.719742530950157,14.662882036228213,14.662882036228213,3.082355309265988,3.082355309265988,3.082355309265988,3.082355309265988,3.082355309265988,3.082355309265988,0.0,0.0,0.0,17.7452373454942
26,2019-03-31,14.614885422620246,11.217164553602759,20.85408179716923,14.614885422620246,14.614885422620246,1.385556727435167,1.385556727435167,1.385556727435167,1.385556727435167,1.385556727435167,1.385556727435167,0.0,0.0,0.0,16.000442150055413
27,2019-04-30,14.56843708716869,9.266324554130358,19.00520528339956,14.56843708716869,14.56843708716869,-0.1360418573733161,-0.1360418573733161,-0.1360418573733161,-0.1360418573733161,-0.1360418573733161,-0.1360418573733161,0.0,0.0,0.0,14.432395229795373
28,2019-05-31,14.520440473868751,9.450957834870321,18.938364854350482,14.520440473868751,14.520440473868751,-0.362021896923653,-0.362021896923653,-0.362021896923653,-0.362021896923653,-0.362021896923653,-0.362021896923653,0.0,0.0,0.0,14.158418576945099
29,2019-06-30,14.473992138417197,13.303999501243984,22.755435475448735,14.473992138417197,14.473992138417197,3.5560342776226705,3.5560342776226705,3.5560342776226705,3.5560342776226705,3.5560342776226705,3.5560342776226705,0.0,0.0,0.0,18.030026416039867
30,2019-07-31,14.425995525088814,13.752271463687567,23.41835684076194,14.425995525088814,14.425995525088814,4.417938117338987,4.417938117338987,4.417938117338987,4.417938117338987,4.417938117338987,4.417938117338987,0.0,0.0,0.0,18.8439336424278
31,2019-08-31,14.377998911760434,11.265573156614824,20.68617177427677,14.377998911760434,14.377998911760434,1.4483109182724507,1.4483109182724507,1.4483109182724507,1.4483109182724507,1.4483109182724507,1.4483109182724507,0.0,0.0,0.0,15.826309830032885
32,2019-09-30,14.331550576281355,10.767185779560979,20.190329750766164,14.331550576281355,14.331550576281355,1.1758495786959893,1.1758495786959893,1.1758495786959893,1.1758495786959893,1.1758495786959893,1.1758495786959893,0.0,0.0,0.0,15.507400154977343
33,2019-10-31,14.283553963334423,8.344102246637105,18.08082377062572,14.283553963334423,14.283553963334423,-0.9132242567475493,-0.9132242567475493,-0.9132242567475493,-0.9132242567475493,-0.9132242567475493,-0.9132242567475493,0.0,0.0,0.0,13.370329706586874
34,2019-11-30,14.23710562822449,6.2106023637343535,15.855144478722531,14.23710562822449,14.23710562822449,-3.0875262378821966,-3.0875262378821966,-3.0875262378821966,-3.0875262378821966,-3.0875262378821966,-3.0875262378821966,0.0,0.0,0.0,11.149579390342295
35,2019-12-31,14.189109014911514,8.344584439729875,17.836728473710377,14.189109014911514,14.189109014911514,-1.0579459428204199,-1.0579459428204199,-1.0579459428204199,-1.0579459428204199,-1.0579459428204199,-1.0579459428204199,0.0,0.0,0.0,13.131163072091095
36,2020-01-31,14.141112401598537,5.852368991537738,15.872001885793267,14.141112401598537,14.141112401598537,-3.1854614704911173,-3.1854614704911173,-3.1854614704911173,-3.1854614704911173,-3.1854614704911173,-3.1854614704911173,0.0,0.0,0.0,10.95565093110742
37,2020-02-29,14.096212343983172,11.626156372492366,21.44352531252542,14.096212343983172,14.096212343983172,2.471690707941193,2.471690707941193,2.471690707941193,2.471690707941193,2.471690707941193,2.471690707941193,0.0,0.0,0.0,16.567903051924365
38,2020-03-31,14.048215730659933,10.5176132572103,19.910318294169553,14.048215730659933,14.048215730659933,1.099635667400186,1.099635667400186,1.099635667400186,1.099635667400186,1.099635667400186,1.099635667400186,0.0,0.0,0.0,15.14785139806012
39,2020-04-30,14.00176739518583,8.409579516918017,17.9848691892618,14.00176739518583,14.00176739518583,-0.6978764422337628,-0.6978764422337628,-0.6978764422337628,-0.6978764422337628,-0.6978764422337628,-0.6978764422337628,0.0,0.0,0.0,13.303890952952067
40,2020-05-31,13.953770781862593,9.81727693226109,19.546895604975816,13.953770781862593,13.953770781862593,0.8894894692254589,0.8894894692254589,0.8894894692254589,0.8894894692254589,0.8894894692254589,0.8894894692254589,0.0,0.0,0.0,14.843260251088052
41,2020-06-30,13.907319983779471,12.06235521508301,21.739687251086647,13.907319983779471,13.907319983779471,2.9941996191394336,2.9941996191394336,2.9941996191394336,2.9941996191394336,2.9941996191394336,2.9941996191394336,0.0,0.0,0.0,16.901519602918906
42,2020-07-31,13.859320825760243,12.065182770667242,21.876105783400092,13.859320825760243,13.859320825760243,3.35481781635235,3.35481781635235,3.35481781635235,3.35481781635235,3.35481781635235,3.35481781635235,0.0,0.0,0.0,17.214138642112594
43,2020-08-31,13.811321667491125,14.835249022897463,24.798376531272385,13.811321667491125,13.811321667491125,5.62531527720663,5.62531527720663,5.62531527720663,5.62531527720663,5.62531527720663,5.62531527720663,0.0,0.0,0.0,19.436636944697753
44,2020-09-30,13.764870869166172,4.823966189951146,14.757780717931599,13.764870869166172,13.764870869166172,-4.106129673950634,-4.106129673950634,-4.106129673950634,-4.106129673950634,-4.106129673950634,-4.106129673950634,0.0,0.0,0.0,9.658741195215537
45,2020-10-31,13.716871710897054,8.793960040586514,18.41259482324915,13.716871710897054,13.716871710897054,0.342514515152048,0.342514515152048,0.342514515152048,0.342514515152048,0.342514515152048,0.342514515152048,0.0,0.0,0.0,14.059386226049103
46,2020-11-30,13.670419859771577,8.321328662918885,17.49829640400561,13.670419859771577,13.670419859771577,-0.5353307651402353,-0.5353307651402353,-0.5353307651402353,-0.5353307651402353,-0.5353307651402353,-0.5353307651402353,0.0,0.0,0.0,13.135089094631342
47,2020-12-31,13.622419613608589,4.655110092946333,14.429455166711342,13.622419613608589,13.622419613608589,-4.163268052120064,-4.163268052120064,-4.163268052120064,-4.163268052120064,-4.163268052120064,-4.163268052120064,0.0,0.0,0.0,9.459151561488525
48,2021-01-31,13.574419367445593,7.38044804320816,17.558726240540825,13.574419367445593,13.574419367445593,-1.1444001764919107,-1.1444001764919107,-1.1444001764919107,-1.1444001764919107,-1.1444001764919107,-1.1444001764919107,0.0,0.0,0.0,12.430019190953683
49,2021-02-28,13.531022001864484,11.372904419066343,20.807236799690465,13.531022001864484,13.531022001864484,2.6687106501442437,2.6687106501442437,2.6687106501442437,2.6687106501442437,2.6687106501442437,2.6687106501442437,0.0,0.0,0.0,16.199732652008727
50,2021-03-31,13.48297491854254,9.777179954709716,19.59965631461948,13.48297491854254,13.48297491854254,1.1947840828276937,1.1947840828276937,1.1947840828276937,1.1947840828276937,1.1947840828276937,1.1947840828276937,0.0,0.0,0.0,14.677759001370234
51,2021-04-30,13.436334034290603,8.265391226451825,17.687034698428203,13.436334034290603,13.436334034290603,-0.504340298951632,-0.504340298951632,-0.504340298951632,-0.504340298951632,-0.504340298951632,-0.504340298951632,0.0,0.0,0.0,12.93199373533897
52,2021-05-31,13.388138453896937,8.966066057879635,18.807084441699445,13.388138453896937,13.388138453896937,0.47278318459942414,0.47278318459942414,0.47278318459942414,0.47278318459942414,0.47278318459942414,0.47278318459942414,0.0,0.0,0.0,13.860921638496361
53,2021-06-30,13.341497569645005,11.77328639358317,21.34769337965009,13.341497569645005,13.341497569645005,3.1764909720939434,3.1764909720939434,3.1764909720939434,3.1764909720939434,3.1764909720939434,3.1764909720939434,0.0,0.0,0.0,16.517988541738948
54,2021-07-31,13.293282457349699,12.05971445963246,21.690770090865634,13.293282457349699,13.293282457349699,3.7232047445844767,3.7232047445844767,3.7232047445844767,3.7232047445844767,3.7232047445844767,3.7232047445844767,0.0,0.0,0.0,17.016487201934176
55,2021-08-31,13.24506734505439,12.67268262745565,22.297663088302453,13.24506734505439,13.24506734505439,4.21835870587293,4.21835870587293,4.21835870587293,4.21835870587293,4.21835870587293,4.21835870587293,0.0,0.0,0.0,17.463426050927318
56,2021-09-30,13.198390007481178,6.099995854557392,16.020967274680196,13.198390007481178,13.198390007481178,-2.354596869945862,-2.354596869945862,-2.354596869945862,-2.354596869945862,-2.354596869945862,-2.354596869945862,0.0,0.0,0.0,10.843793137535316
57,2021-10-31,13.150156758655523,8.225779195343152,18.04174283891725,13.150156758655523,13.150156758655523,-0.04765504357813238,-0.04765504357813238,-0.04765504357813238,-0.04765504357813238,-0.04765504357813238,-0.04765504357813238,0.0,0.0,0.0,13.102501715077391
58,2021-11-30,13.103479421082307,6.7946530641557645,16.49995977883416,13.103479421082307,13.103479421082307,-1.3983143618422607,-1.3983143618422607,-1.3983143618422607,-1.3983143618422607,-1.3983143618422607,-1.3983143618422607,0.0,0.0,0.0,11.705165059240047
59,2021-12-31,13.0552309996264,4.841030886133559,14.57989169219398,13.0552309996264,13.0552309996264,-3.1321720750101183,-3.1321720750101183,-3.1321720750101183,-3.1321720750101183,-3.1321720750101183,-3.1321720750101183,0.0,0.0,0.0,9.923058924616281
60,2022-01-31,13.006982578170494,6.63400726704189,16.277625528881444,13.006982578170494,13.006982578170494,-1.817475202151443,-1.817475202151443,-1.817475202151443,-1.817475202151443,-1.817475202151443,-1.817475202151443,0.0,0.0,0.0,11.189507376019051
61,2022-02-28,12.963403358790966,10.931612498601657,20.496272189212377,12.963403358790966,12.963403358790966,2.872317649437613,2.872317649437613,2.872317649437613,2.872317649437613,2.872317649437613,2.872317649437613,0.0,0.0,0.0,15.835721008228578
62,2022-03-31,12.915013072738237,9.320589447131612,19.004186262334947,12.915013072738237,12.915013072738237,1.2901551729936385,1.2901551729936385,1.2901551729936385,1.2901551729936385,1.2901551729936385,1.2901551729936385,0.0,0.0,0.0,14.205168245731876
63,2022-04-30,12.868183763654953,7.515872333369231,17.577802260688035,12.868183763654953,12.868183763654953,-0.317018198979712,-0.317018198979712,-0.317018198979712,-0.317018198979712,-0.317018198979712,-0.317018198979712,0.0,0.0,0.0,12.551165564675241
64,2022-05-31,12.819734060453008,7.49794971788886,17.551151115614722,12.819734060453008,12.819734060453008,0.05549327341161202,0.05549327341161202,0.05549327341161202,0.05549327341161202,0.05549327341161202,0.05549327341161202,0.0,0.0,0.0,12.87522733386462
65,2022-06-30,12.772847250902737,11.076347583575775,20.976904153216104,12.772847250902737,12.772847250902737,3.3638338185595487,3.3638338185595487,3.3638338185595487,3.3638338185595487,3.3638338185595487,3.3638338185595487,0.0,0.0,0.0,16.136681069462284
66,2022-07-31,12.724397547700791,11.860313801304914,21.579818397197904,12.724397547700791,12.724397547700791,4.07760857823764,4.07760857823764,4.07760857823764,4.07760857823764,4.07760857823764,4.07760857823764,0.0,0.0,0.0,16.80200612593843
67,2022-08-31,12.675947843867414,10.513247484052606,20.526677752975775,12.675947843867414,12.675947843867414,2.8256547829322503,2.8256547829322503,2.8256547829322503,2.8256547829322503,2.8256547829322503,2.8256547829322503,0.0,0.0,0.0,15.501602626799665
68,2022-09-30,12.629061033706082,7.27266651745695,16.987265934781096,12.629061033706082,12.629061033706082,-0.5934168060161257,-0.5934168060161257,-0.5934168060161257,-0.5934168060161257,-0.5934168060161257,-0.5934168060161257,0.0,0.0,0.0,12.035644227689955
69,2022-10-31,12.580611329872706,7.461756243134764,16.99228184860612,12.580611329872706,12.580611329872706,-0.4663095028732537,-0.4663095028732537,-0.4663095028732537,-0.4663095028732537,-0.4663095028732537,-0.4663095028732537,0.0,0.0,0.0,12.114301826999453
70,2022-11-30,12.533724519711374,5.190232823927879,15.312617603092589,12.533724519711374,12.533724519711374,-2.249324256526495,-2.249324256526495,-2.249324256526495,-2.249324256526495,-2.249324256526495,-2.249324256526495,0.0,0.0,0.0,10.284400263184878
71,2022-12-31,12.485274815877997,5.483290898301919,15.391332024537542,12.485274815877997,12.485274815877997,-2.096815322071812,-2.096815322071812,-2.096815322071812,-2.096815322071812,-2.096815322071812,-2.096815322071812,0.0,0.0,0.0,10.388459493806184
72,2023-01-31,12.436825112044621,5.00870118151537,14.878490979525454,12.436825112044621,12.436825112044621,-2.497983436713066,-2.497983436713066,-2.497983436713066,-2.497983436713066,-2.497983436713066,-2.497983436713066,0.0,0.0,0.0,9.938841675331556
73,2023-02-28,12.393064089227378,10.615759377839373,20.31441593169372,12.393064089227378,12.393064089227378,3.0823553092645124,3.0823553092645124,3.0823553092645124,3.0823553092645124,3.0823553092645124,3.0823553092645124,0.0,0.0,0.0,15.47541939849189
74,2023-03-31,12.344614385394001,8.793999809138237,18.4013981354656,12.344614385394001,12.344614385394001,1.3855567274375813,1.3855567274375813,1.3855567274375813,1.3855567274375813,1.3855567274375813,1.3855567274375813,0.0,0.0,0.0,13.730171112831583
75,2023-04-30,12.297727575232669,7.262228160241867,16.630213456072447,12.297727575232669,12.297727575232669,-0.13604185737633484,-0.13604185737633484,-0.13604185737633484,-0.13604185737633484,-0.13604185737633484,-0.13604185737633484,0.0,0.0,0.0,12.161685717856335
76,2023-05-31,12.249277871399293,7.455594376547216,16.671659099105582,12.249277871399293,12.249277871399293,-0.3620218969280876,-0.3620218969280876,-0.3620218969280876,-0.3620218969280876,-0.3620218969280876,-0.3620218969280876,0.0,0.0,0.0,11.887255974471206
77,2023-06-30,12.202391061237961,10.981621198092714,20.97064819595995,12.202391061237961,12.202391061237961,3.556034277623926,3.556034277623926,3.556034277623926,3.556034277623926,3.556034277623926,3.556034277623926,0.0,0.0,0.0,15.758425338861887
78,2023-07-31,12.153941357404586,11.824628173351707,21.400635862981485,12.153941357404586,12.153941357404586,4.417938117342375,4.417938117342375,4.417938117342375,4.417938117342375,4.417938117342375,4.417938117342375,0.0,0.0,0.0,16.57187947474696
79,2023-08-31,12.105491653571208,8.749588103965566,18.073549436214996,12.105491653571208,12.105491653571208,1.4483109182706198,1.4483109182706198,1.4483109182706198,1.4483109182706198,1.4483109182706198,1.4483109182706198,0.0,0.0,0.0,13.553802571841828
80,2023-09-30,12.058604843409878,8.49091584061892,18.09191428594449,12.058604843409878,12.058604843409878,1.1758495787080885,1.1758495787080885,1.1758495787080885,1.1758495787080885,1.1758495787080885,1.1758495787080885,0.0,0.0,0.0,13.234454422117967
81,2023-10-31,12.010155139576499,6.245020636758533,16.146660106684234,12.010155139576499,12.010155139576499,-0.9132242567493781,-0.9132242567493781,-0.9132242567493781,-0.9132242567493781,-0.9132242567493781,-0.9132242567493781,0.0,0.0,0.0,11.09693088282712
82,2023-11-30,11.963268329415168,4.158059219255932,13.483009358585699,11.963268329415168,11.963268329415168,-3.087526237886756,-3.087526237886756,-3.087526237886756,-3.087526237886756,-3.087526237886756,-3.087526237886756,0.0,0.0,0.0,8.875742091528412
83,2023-12-31,11.914818625581793,6.128185919966794,15.905029757296221,11.914818625581793,11.914818625581793,-1.0579459428272306,-1.0579459428272306,-1.0579459428272306,-1.0579459428272306,-1.0579459428272306,-1.0579459428272306,0.0,0.0,0.0,10.856872682754563
84,2024-01-01,11.913255731909747,1.8179088411579851,11.849136956174823,11.913255731909747,11.913255731909747,-5.189362242965644,-5.189362242965644,-5.189362242965644,-5.189362242965644,-5.189362242965644,-5.189362242965644,0.0,0.0,0.0,6.723893488944102
85,2024-01-02,11.911692838237704,-2.0798219216019356,7.573908095588973,11.911692838237704,11.911692838237704,-9.229181938263588,-9.229181938263588,-9.229181938263588,-9.229181938263588,-9.229181938263588,-9.229181938263588,0.0,0.0,0.0,2.6825108999741154
86,2024-01-03,11.910129944565659,-6.295296940862969,3.566709651974271,11.910129944565659,11.910129944565659,-13.131919974047598,-13.131919974047598,-13.131919974047598,-13.131919974047598,-13.131919974047598,-13.131919974047598,0.0,0.0,0.0,-1.221790029481939
87,2024-01-04,11.908567050893614,-9.332472404046209,0.06526305378063378,11.908567050893614,11.908567050893614,-16.8547263965974,-16.8547263965974,-16.8547263965974,-16.8547263965974,-16.8547263965974,-16.8547263965974,0.0,0.0,0.0,-4.946159345703785
88,2024-01-05,11.90700415722157,-13.146642496511355,-4.065354690912847,11.90700415722157,11.90700415722157,-20.357862761763034,-20.357862761763034,-20.357862761763034,-20.357862761763034,-20.357862761763034,-20.357862761763034,0.0,0.0,0.0,-8.450858604541464
89,2024-01-06,11.905441263549525,-16.643349853880004,-6.862740666011026,11.905441263549525,11.905441263549525,-23.60512104646195,-23.60512104646195,-23.60512104646195,-23.60512104646195,-23.60512104646195,-23.60512104646195,0.0,0.0,0.0,-11.699679782912424
90,2024-01-07,11.903878369877482,-19.41084548215064,-9.728500422276397,11.903878369877482,11.903878369877482,-26.564182790309435,-26.564182790309435,-26.564182790309435,-26.564182790309435,-26.564182790309435,-26.564182790309435,0.0,0.0,0.0,-14.660304420431952
91,2024-01-08,11.902315476205438,-22.098071892542023,-12.138844077596197,11.902315476205438,11.902315476205438,-29.206917135546824,-29.206917135546824,-29.206917135546824,-29.206917135546824,-29.206917135546824,-29.206917135546824,0.0,0.0,0.0,-17.304601659341387
92,2024-01-09,11.900752582533393,-24.44697343448385,-14.75373874998563,11.900752582533393,11.900752582533393,-31.509617278489742,-31.509617278489742,-31.509617278489742,-31.509617278489742,-31.509617278489742,-31.509617278489742,0.0,0.0,0.0,-19.60886469595635
93,2024-01-10,11.899189688861348,-26.34668484759281,-16.537806915280147,11.899189688861348,11.899189688861348,-33.45317559081463,-33.45317559081463,-33.45317559081463,-33.45317559081463,-33.45317559081463,-33.45317559081463,0.0,0.0,0.0,-21.553985901953283
94,2024-01-11,11.897626795189305,-28.05019290001663,-17.93492618965548,11.897626795189305,11.897626795189305,-35.02319831031125,-35.02319831031125,-35.02319831031125,-35.02319831031125,-35.02319831031125,-35.02319831031125,0.0,0.0,0.0,-23.125571515121948
95,2024-01-12,11.896063901517259,-29.53128907770154,-19.475605255184703,11.896063901517259,11.896063901517259,-36.210061243587596,-36.210061243587596,-36.210061243587596,-36.210061243587596,-36.210061243587596,-36.210061243587596,0.0,0.0,0.0,-24.313997342070337
96,2024-01-13,11.894501007845214,-30.30466838450793,-19.977799977274334,11.894501007845214,11.894501007845214,-37.0089083711379,-37.0089083711379,-37.0089083711379,-37.0089083711379,-37.0089083711379,-37.0089083711379,0.0,0.0,0.0,-25.114407363292685
97,2024-01-14,11.892938114173171,-30.1246564460645,-20.616732460881348,11.892938114173171,11.892938114173171,-37.41959561066808,-37.41959561066808,-37.41959561066808,-37.41959561066808,-37.41959561066808,-37.41959561066808,0.0,0.0,0.0,-25.526657496494913
98,2024-01-15,11.891375220501127,-30.613134900086163,-20.989451391891777,11.891375220501127,11.891375220501127,-37.446582287209694,-37.446582287209694,-37.446582287209694,-37.446582287209694,-37.446582287209694,-37.446582287209694,0.0,0.0,0.0,-25.55520706670857
99,2024-01-16,11.889812326829082,-29.95269131809784,-20.268192907950144,11.889812326829082,11.889812326829082,-37.098773093763846,-37.098773093763846,-37.098773093763846,-37.098773093763846,-37.098773093763846,-37.098773093763846,0.0,0.0,0.0,-25.208960766934766
100,2024-01-17,11.888249433157037,-29.35422420676976,-19.722412442035193,11.888249433157037,11.888249433157037,-36.38931351696849,-36.38931351696849,-36.38931351696849,-36.38931351696849,-36.38931351696849,-36.38931351696849,0.0,0.0,0.0,-24.501064083811457
101,2024-01-18,11.886686539484993,-28.13534110048962,-18.69057326196777,11.886686539484993,11.886686539484993,-35.33534186487035,-35.33534186487035,-35.33534186487035,-35.33534186487035,-35.33534186487035,-35.33534186487035,0.0,0.0,0.0,-23.44865532538536
102,2024-01-19,11.885123645812948,-26.709153359349166,-17.445982029631935,11.885123645812948,11.885123645812948,-33.95770118027771,-33.95770118027771,-33.95770118027771,-33.95770118027771,-33.95770118027771,-33.95770118027771,0.0,0.0,0.0,-22.072577534464763
103,2024-01-20,11.883560752140905,-25.44657604363533,-15.649667604153455,11.883560752140905,11.883560752140905,-32.28061446769476,-32.28061446769476,-32.28061446769476,-32.28061446769476,-32.28061446769476,-32.28061446769476,0.0,0.0,0.0,-20.397053715553856
104,2024-01-21,11.881997858468859,-23.2916721165623,-13.196374503780586,11.881997858468859,11.881997858468859,-30.331326813697594,-30.331326813697594,-30.331326813697594,-30.331326813697594,-30.331326813697594,-30.331326813697594,0.0,0.0,0.0,-18.449328955228737
105,2024-01-22,11.880434964796814,-21.164969592881512,-11.88563199891462,11.880434964796814,11.880434964796814,-28.139718148077428,-28.139718148077428,-28.139718148077428,-28.139718148077428,-28.139718148077428,-28.139718148077428,0.0,0.0,0.0,-16.259283183280616
106,2024-01-23,11.878872071124771,-18.705732699300444,-8.85707609067136,11.878872071124771,11.878872071124771,-25.73789058183442,-25.73789058183442,-25.73789058183442,-25.73789058183442,-25.73789058183442,-25.73789058183442,0.0,0.0,0.0,-13.85901851070965
107,2024-01-24,11.877309177452727,-15.911040849954086,-6.399931184279004,11.877309177452727,11.877309386819881,-23.159734468847933,-23.159734468847933,-23.159734468847933,-23.159734468847933,-23.159734468847933,-23.159734468847933,0.0,0.0,0.0,-11.282425291395207
