,ds,trend,yhat_lower,yhat_upper,trend_lower,trend_upper,additive_terms,additive_terms_lower,additive_terms_upper,yearly,yearly_lower,yearly_upper,multiplicative_terms,multiplicative_terms_lower,multiplicative_terms_upper,yhat
0,1999-01-31,61.04434,45.39613913052402,73.78737788940141,61.04434,61.04434,-2.5222241124432143,-2.5222241124432143,-2.5222241124432143,-2.5222241124432143,-2.5222241124432143,-2.5222241124432143,0.0,0.0,0.0,58.52211588755679
1,1999-02-28,61.00706616,45.323078480042554,75.72585548988039,61.00706616,61.00706616,-0.836818449536904,-0.836818449536904,-0.836818449536904,-0.836818449536904,-0.836818449536904,-0.836818449536904,0.0,0.0,0.0,60.170247710463094
2,1999-03-31,60.96579869428572,45.95091024602909,77.75483895350486,60.96579869428572,60.96579869428572,0.7658949331520264,0.7658949331520264,0.7658949331520264,0.7658949331520264,0.7658949331520264,0.7658949331520264,0.0,0.0,0.0,61.73169362743775
3,1999-04-30,60.925862437142854,37.20006811816935,67.8658960305675,60.925862437142854,60.925862437142854,-7.905317584039436,-7.905317584039436,-7.905317584039436,-7.905317584039436,-7.905317584039436,-7.905317584039436,0.0,0.0,0.0,53.02054485310342
4,1999-05-31,60.884594971428584,45.05085958099041,74.73871408285802,60.884594971428584,60.884594971428584,-1.3912279820748492,-1.3912279820748492,-1.3912279820748492,-1.3912279820748492,-1.3912279820748492,-1.3912279820748492,0.0,0.0,0.0,59.49336698935373
5,1999-06-30,60.844658712843184,47.34327247749149,78.19101741512581,60.844658712843184,60.844658712843184,1.7393633588453679,1.7393633588453679,1.7393633588453679,1.7393633588453679,1.7393633588453679,1.7393633588453679,0.0,0.0,0.0,62.58402207168855
6,1999-07-31,60.803391245638274,50.5542006895003,80.9992313512168,60.803391245638274,60.803391245638274,5.143696786199384,5.143696786199384,5.143696786199384,5.143696786199384,5.143696786199384,5.143696786199384,0.0,0.0,0.0,65.94708803183765
7,1999-08-31,60.76212377843338,50.16091672158177,80.74035316724847,60.76212377843338,60.76212377843338,4.298847701608214,4.298847701608214,4.298847701608214,4.298847701608214,4.298847701608214,4.298847701608214,0.0,0.0,0.0,65.06097148004159
8,1999-09-30,60.72218751984798,50.060575004668664,80.69977492338298,60.72218751984798,60.72218751984798,3.8435453269542657,3.8435453269542657,3.8435453269542657,3.8435453269542657,3.8435453269542657,3.8435453269542657,0.0,0.0,0.0,64.56573284680225
9,1999-10-31,60.68092005019998,46.15229891309106,77.43780893085568,60.68092005019998,60.68092005019998,1.1234028012153758,1.1234028012153758,1.1234028012153758,1.1234028012153758,1.1234028012153758,1.1234028012153758,0.0,0.0,0.0,61.80432285141536
10,1999-11-30,60.640983789250306,44.329190172366545,74.63134004250593,60.640983789250306,60.640983789250306,-1.0945762822858744,-1.0945762822858744,-1.0945762822858744,-1.0945762822858744,-1.0945762822858744,-1.0945762822858744,0.0,0.0,0.0,59.546407506964435
11,1999-12-31,60.59971631960231,42.39053501618039,73.44712550750428,60.59971631960231,60.59971631960231,-2.534252992832755,-2.534252992832755,-2.534252992832755,-2.534252992832755,-2.534252992832755,-2.534252992832755,0.0,0.0,0.0,58.06546332676955
12,2000-01-31,60.5584488499543,42.74525729424729,72.90187640275363,60.5584488499543,60.5584488499543,-2.6298510778413546,-2.6298510778413546,-2.6298510778413546,-2.6298510778413546,-2.6298510778413546,-2.6298510778413546,0.0,0.0,0.0,57.92859777211295
13,2000-02-29,60.5198438013533,45.10081213262133,74.38350523976635,60.5198438013533,60.5198438013533,-0.9425537399877135,-0.9425537399877135,-0.9425537399877135,-0.9425537399877135,-0.9425537399877135,-0.9425537399877135,0.0,0.0,0.0,59.57729006136559
14,2000-03-31,60.478576335607414,46.116720984687156,75.02970875277354,60.478576335607414,60.478576335607414,0.8476006546982064,0.8476006546982064,0.8476006546982064,0.8476006546982064,0.8476006546982064,0.8476006546982064,0.0,0.0,0.0,61.32617699030562
15,2000-04-30,60.43864007843397,36.339886445047554,68.1945840904581,60.43864007843397,60.43864007843397,-8.000015452726162,-8.000015452726162,-8.000015452726162,-8.000015452726162,-8.000015452726162,-8.000015452726162,0.0,0.0,0.0,52.43862462570781
16,2000-05-31,60.39737261268808,44.21797832902909,74.0767713638092,60.39737261268808,60.39737261268808,-1.3820302741960475,-1.3820302741960475,-1.3820302741960475,-1.3820302741960475,-1.3820302741960475,-1.3820302741960475,0.0,0.0,0.0,59.01534233849203
17,2000-06-30,60.35743635551463,46.76486652181535,77.14422713665805,60.35743635551463,60.35743635551463,1.9676195223104438,1.9676195223104438,1.9676195223104438,1.9676195223104438,1.9676195223104438,1.9676195223104438,0.0,0.0,0.0,62.32505587782507
18,2000-07-31,60.31616888843102,48.03307551265328,80.29315766718416,60.31616888843102,60.31616888843102,4.892741670636089,4.892741670636089,4.892741670636089,4.892741670636089,4.892741670636089,4.892741670636089,0.0,0.0,0.0,65.2089105590671
19,2000-08-31,60.27490142134742,49.81599459834122,80.66752655883832,60.27490142134742,60.27490142134742,4.488895459100391,4.488895459100391,4.488895459100391,4.488895459100391,4.488895459100391,4.488895459100391,0.0,0.0,0.0,64.76379688044781
20,2000-09-30,60.23496516287941,47.46899442350756,77.8648355571593,60.23496516287941,60.23496516287941,3.7766069095088284,3.7766069095088284,3.7766069095088284,3.7766069095088284,3.7766069095088284,3.7766069095088284,0.0,0.0,0.0,64.01157207238825
21,2000-10-31,60.19369769579581,47.62396898974407,79.48692788507924,60.19369769579581,60.19369769579581,1.2899948361354492,1.2899948361354492,1.2899948361354492,1.2899948361354492,1.2899948361354492,1.2899948361354492,0.0,0.0,0.0,61.48369253193126
22,2000-11-30,60.15376140612201,43.28781230712328,73.94723738652868,60.15376140612201,60.15376140612201,-1.3530682219777574,-1.3530682219777574,-1.3530682219777574,-1.3530682219777574,-1.3530682219777574,-1.3530682219777574,0.0,0.0,0.0,58.80069318414425
23,2000-12-31,60.112493906792416,42.447969687588476,72.8373567653864,60.112493906792416,60.112493906792416,-2.804039013492453,-2.804039013492453,-2.804039013492453,-2.804039013492453,-2.804039013492453,-2.804039013492453,0.0,0.0,0.0,57.30845489329997
24,2001-01-31,60.071226407462824,41.3571928796144,72.51228711884988,60.071226407462824,60.071226407462824,-2.3098475034271213,-2.3098475034271213,-2.3098475034271213,-2.3098475034271213,-2.3098475034271213,-2.3098475034271213,0.0,0.0,0.0,57.7613789040357
25,2001-02-28,60.0339525371006,43.37473905012262,74.3959647809375,60.0339525371006,60.0339525371006,-0.907627428194587,-0.907627428194587,-0.907627428194587,-0.907627428194587,-0.907627428194587,-0.907627428194587,0.0,0.0,0.0,59.126325108906016
26,2001-03-31,59.99268498318044,43.65758685890069,75.83161469078885,59.99268498318044,59.99268498318044,0.8220711972392796,0.8220711972392796,0.8220711972392796,0.8220711972392796,0.8220711972392796,0.8220711972392796,0.0,0.0,0.0,60.81475618041972
27,2001-04-30,59.952748640677065,36.21485334556922,66.60414983379431,59.952748640677065,59.952748640677065,-7.971951498292468,-7.971951498292468,-7.971951498292468,-7.971951498292468,-7.971951498292468,-7.971951498292468,0.0,0.0,0.0,51.980797142384596
28,2001-05-31,59.91148108675689,42.75474480281736,73.59307120834232,59.91148108675689,59.91148108675689,-1.3840904606066482,-1.3840904606066482,-1.3840904606066482,-1.3840904606066482,-1.3840904606066482,-1.3840904606066482,0.0,0.0,0.0,58.52739062615024
29,2001-06-30,59.87154474425353,45.86632741606849,77.55937142070667,59.87154474425353,59.87154474425353,1.8910499786676018,1.8910499786676018,1.8910499786676018,1.8910499786676018,1.8910499786676018,1.8910499786676018,0.0,0.0,0.0,61.76259472292113
30,2001-07-31,59.82498954690479,48.74383872958941,79.0212117382936,59.82498954690479,59.82498954690479,4.977444814264306,4.977444814264306,4.977444814264306,4.977444814264306,4.977444814264306,4.977444814264306,0.0,0.0,0.0,64.80243436116909
31,2001-08-31,59.77843434955605,49.49160501199294,79.27554730656617,59.77843434955605,59.77843434955605,4.4267858918311696,4.4267858918311696,4.4267858918311696,4.4267858918311696,4.4267858918311696,4.4267858918311696,0.0,0.0,0.0,64.20522024138722
32,2001-09-30,59.733380932766956,48.23785287403776,78.99083023677086,59.733380932766956,59.733380932766956,3.7991908132636816,3.7991908132636816,3.7991908132636816,3.7991908132636816,3.7991908132636816,3.7991908132636816,0.0,0.0,0.0,63.53257174603064
33,2001-10-31,59.68682573541821,45.654817716043205,76.35450285038627,59.68682573541821,59.68682573541821,1.2331390726204994,1.2331390726204994,1.2331390726204994,1.2331390726204994,1.2331390726204994,1.2331390726204994,0.0,0.0,0.0,60.91996480803871
34,2001-11-30,59.63249880961813,43.15040207697297,74.0990731150623,59.63249880961813,59.63249880961813,-1.2688670934348467,-1.2688670934348467,-1.2688670934348467,-1.2688670934348467,-1.2688670934348467,-1.2688670934348467,0.0,0.0,0.0,58.36363171618328
35,2001-12-31,59.57636098629136,42.63253674146279,72.46670763992304,59.57636098629136,59.57636098629136,-2.7123384546166567,-2.7123384546166567,-2.7123384546166567,-2.7123384546166567,-2.7123384546166567,-2.7123384546166567,0.0,0.0,0.0,56.864022531674706
36,2002-01-31,59.52022316296461,41.52197689588522,73.28771954831682,59.52022316296461,59.52022316296461,-2.415530387567634,-2.415530387567634,-2.415530387567634,-2.415530387567634,-2.415530387567634,-2.415530387567634,0.0,0.0,0.0,57.10469277539698
37,2002-02-28,59.469518032217856,44.222036637481196,73.56323600431607,59.469518032217856,59.469518032217856,-0.8723741169563434,-0.8723741169563434,-0.8723741169563434,-0.8723741169563434,-0.8723741169563434,-0.8723741169563434,0.0,0.0,0.0,58.59714391526151
38,2002-03-31,59.40095237634166,45.39472830594547,76.18642910738498,59.40095237634166,59.40095237634166,0.7948145204898007,0.7948145204898007,0.7948145204898007,0.7948145204898007,0.7948145204898007,0.7948145204898007,0.0,0.0,0.0,60.19576689683146
39,2002-04-30,59.334598515816296,36.052812567881425,67.2010006492849,59.334598515816296,59.334598515816296,-7.940380714423912,-7.940380714423912,-7.940380714423912,-7.940380714423912,-7.940380714423912,-7.940380714423912,0.0,0.0,0.0,51.39421780139239
40,2002-05-31,59.26603285994008,41.42195412404732,73.41851037984105,59.26603285994008,59.26603285994008,-1.3871395335495147,-1.3871395335495147,-1.3871395335495147,-1.3871395335495147,-1.3871395335495147,-1.3871395335495147,0.0,0.0,0.0,57.87889332639057
41,2002-06-30,59.19967899941472,45.55793069986947,76.57499571847151,59.19967899941472,59.19967899941472,1.8149581795304852,1.8149581795304852,1.8149581795304852,1.8149581795304852,1.8149581795304852,1.8149581795304852,0.0,0.0,0.0,61.01463717894521
42,2002-07-31,59.13111334353852,48.712860943670414,80.81117588261365,59.13111334353852,59.13111334353852,5.061122259359959,5.061122259359959,5.061122259359959,5.061122259359959,5.061122259359959,5.061122259359959,0.0,0.0,0.0,64.19223560289848
43,2002-08-31,59.047456931266716,48.10146797579765,79.45656911293011,59.047456931266716,59.047456931266716,4.363417716333908,4.363417716333908,4.363417716333908,4.363417716333908,4.363417716333908,4.363417716333908,0.0,0.0,0.0,63.41087464760062
44,2002-09-30,58.96649911293915,47.33266653737995,78.56240184243674,58.96649911293915,58.96649911293915,3.8214936102754313,3.8214936102754313,3.8214936102754313,3.8214936102754313,3.8214936102754313,3.8214936102754313,0.0,0.0,0.0,62.78799272321458
45,2002-10-31,58.88284270066735,45.51989817087387,76.78466319034595,58.88284270066735,58.88284270066735,1.1775840580165111,1.1775840580165111,1.1775840580165111,1.1775840580165111,1.1775840580165111,1.1775840580165111,0.0,0.0,0.0,60.06042675868386
46,2002-11-30,58.80188488233978,42.81181623044099,72.567375626029,58.80188488233978,58.80188488233978,-1.1826742249603275,-1.1826742249603275,-1.1826742249603275,-1.1826742249603275,-1.1826742249603275,-1.1826742249603275,0.0,0.0,0.0,57.61921065737945
47,2002-12-31,58.70204585892512,41.087225590525826,72.34161840223871,58.70204585892512,58.70204585892512,-2.6223788146056917,-2.6223788146056917,-2.6223788146056917,-2.6223788146056917,-2.6223788146056917,-2.6223788146056917,0.0,0.0,0.0,56.07966704431943
48,2003-01-31,58.602206835510444,40.51060951384075,71.80041833884246,58.602206835510444,58.602206835510444,-2.5222241124421703,-2.5222241124421703,-2.5222241124421703,-2.5222241124421703,-2.5222241124421703,-2.5222241124421703,0.0,0.0,0.0,56.07998272306828
49,2003-02-28,58.51202965307138,41.702246483941686,72.63037942256015,58.51202965307138,58.51202965307138,-0.8368184495370663,-0.8368184495370663,-0.8368184495370663,-0.8368184495370663,-0.8368184495370663,-0.8368184495370663,0.0,0.0,0.0,57.67521120353432
50,2003-03-31,58.41219062965671,43.633807635993065,73.4063104158741,58.41219062965671,58.41219062965671,0.7658949331519965,0.7658949331519965,0.7658949331519965,0.7658949331519965,0.7658949331519965,0.7658949331519965,0.0,0.0,0.0,59.17808556280871
51,2003-04-30,58.29936075462585,34.951139768517265,66.72076410630757,58.29936075462585,58.29936075462585,-7.905317584039761,-7.905317584039761,-7.905317584039761,-7.905317584039761,-7.905317584039761,-7.905317584039761,0.0,0.0,0.0,50.39404317058609
52,2003-05-31,58.18276988376063,41.486569992002345,71.7804739493963,58.18276988376063,58.18276988376063,-1.3912279820748745,-1.3912279820748745,-1.3912279820748745,-1.3912279820748745,-1.3912279820748745,-1.3912279820748745,0.0,0.0,0.0,56.791541901685754
53,2003-06-30,58.06994000872977,44.59603945738652,75.65140567837403,58.06994000872977,58.06994000872977,1.739363358845985,1.739363358845985,1.739363358845985,1.739363358845985,1.739363358845985,1.739363358845985,0.0,0.0,0.0,59.80930336757576
54,2003-07-31,57.95334913786457,47.709541604868384,79.59968561107965,57.95334913786457,57.95334913786457,5.143696786198222,5.143696786198222,5.143696786198222,5.143696786198222,5.143696786198222,5.143696786198222,0.0,0.0,0.0,63.09704592406279
55,2003-08-31,57.82021892625209,46.48517139077361,78.34583043511647,57.82021892625209,57.82021892625209,4.298847701608359,4.298847701608359,4.298847701608359,4.298847701608359,4.298847701608359,4.298847701608359,0.0,0.0,0.0,62.11906662786045
56,2003-09-30,57.69138323759486,45.57322033186282,76.7140682129772,57.69138323759486,57.69138323759486,3.843545326954337,3.843545326954337,3.843545326954337,3.843545326954337,3.843545326954337,3.843545326954337,0.0,0.0,0.0,61.5349285645492
57,2003-10-31,57.558253025982395,43.18489396391936,73.36518063968293,57.558253025982395,57.558253025982395,1.1234028012156032,1.1234028012156032,1.1234028012156032,1.1234028012156032,1.1234028012156032,1.1234028012156032,0.0,0.0,0.0,58.681655827198
58,2003-11-30,57.429417337325155,40.58605622359175,72.13038329890337,57.429417337325155,57.429417337325155,-1.0945762822868519,-1.0945762822868519,-1.0945762822868519,-1.0945762822868519,-1.0945762822868519,-1.0945762822868519,0.0,0.0,0.0,56.334841055038304
59,2003-12-31,57.282009383492905,40.264571103042854,69.68336986488978,57.282009383492905,57.282009383492905,-2.5342529928336766,-2.5342529928336766,-2.5342529928336766,-2.5342529928336766,-2.5342529928336766,-2.5342529928336766,0.0,0.0,0.0,54.74775639065923
60,2004-01-31,57.13460142966066,39.242110464136495,69.9529633224108,57.13460142966066,57.13460142966066,-2.6298510778415523,-2.6298510778415523,-2.6298510778415523,-2.6298510778415523,-2.6298510778415523,-2.6298510778415523,0.0,0.0,0.0,54.50475035181911
61,2004-02-29,56.996703666398226,40.88659989213644,70.52456653928562,56.996703666398226,56.996703666398226,-0.9425537399874023,-0.9425537399874023,-0.9425537399874023,-0.9425537399874023,-0.9425537399874023,-0.9425537399874023,0.0,0.0,0.0,56.05414992641082
62,2004-03-31,56.84929571256598,42.98994574030354,73.81421367465934,56.84929571256598,56.84929571256598,0.8476006546983201,0.8476006546983201,0.8476006546983201,0.8476006546983201,0.8476006546983201,0.8476006546983201,0.0,0.0,0.0,57.6968963672643
63,2004-04-30,56.695464105666986,32.71346931342435,63.78312745273687,56.695464105666986,56.695464105666986,-8.000015452726087,-8.000015452726087,-8.000015452726087,-8.000015452726087,-8.000015452726087,-8.000015452726087,0.0,0.0,0.0,48.6954486529409
64,2004-05-31,56.53650477853804,40.96684463562357,70.99770991470645,56.53650477853804,56.53650477853804,-1.3820302741958828,-1.3820302741958828,-1.3820302741958828,-1.3820302741958828,-1.3820302741958828,-1.3820302741958828,0.0,0.0,0.0,55.154474504342154
65,2004-06-30,56.38267317163904,42.95703349786247,73.01352301417535,56.38267317163904,56.38267317163904,1.9676195223094681,1.9676195223094681,1.9676195223094681,1.9676195223094681,1.9676195223094681,1.9676195223094681,0.0,0.0,0.0,58.35029269394851
66,2004-07-31,56.223713844510094,44.053347893042115,76.29825496040505,56.223713844510094,56.223713844510094,4.892741670636285,4.892741670636285,4.892741670636285,4.892741670636285,4.892741670636285,4.892741670636285,0.0,0.0,0.0,61.11645551514638
67,2004-08-31,56.06475451738113,45.07929655863912,75.97465892937372,56.06475451738113,56.06475451738113,4.48889545910035,4.48889545910035,4.48889545910035,4.48889545910035,4.48889545910035,4.48889545910035,0.0,0.0,0.0,60.55364997648148
68,2004-09-30,55.9031231043283,43.96826275153664,75.05622813558874,55.9031231043283,55.9031231043283,3.7766069095089843,3.7766069095089843,3.7766069095089843,3.7766069095089843,3.7766069095089843,3.7766069095089843,0.0,0.0,0.0,59.679730013837286
69,2004-10-31,55.736103977507035,42.77224908953651,72.85021451135871,55.736103977507035,55.736103977507035,1.2899948361349831,1.2899948361349831,1.2899948361349831,1.2899948361349831,1.2899948361349831,1.2899948361349831,0.0,0.0,0.0,57.026098813642015
70,2004-11-30,55.5744725644542,37.689142145006656,70.33042637428674,55.5744725644542,55.5744725644542,-1.3530682219775279,-1.3530682219775279,-1.3530682219775279,-1.3530682219775279,-1.3530682219775279,-1.3530682219775279,0.0,0.0,0.0,54.22140434247667
71,2004-12-31,55.407453437632945,37.53630646378818,67.70925420208226,55.407453437632945,55.407453437632945,-2.8040390134917863,-2.8040390134917863,-2.8040390134917863,-2.8040390134917863,-2.8040390134917863,-2.8040390134917863,0.0,0.0,0.0,52.60341442414116
72,2005-01-31,55.23532118648202,37.989246008622594,68.25616605680663,55.23532118648202,55.23532118648202,-2.309847503428229,-2.309847503428229,-2.309847503428229,-2.309847503428229,-2.309847503428229,-2.309847503428229,0.0,0.0,0.0,52.92547368305379
73,2005-02-28,55.07984689511988,38.642213669204395,69.24249573552072,55.07984689511988,55.07984689511988,-0.9076274281938573,-0.9076274281938573,-0.9076274281938573,-0.9076274281938573,-0.9076274281938573,-0.9076274281938573,0.0,0.0,0.0,54.17221946692602
74,2005-03-31,54.907714643968944,41.48202357473123,71.95785633201601,54.907714643968944,54.907714643968944,0.8220711972389642,0.8220711972389642,0.8220711972389642,0.8220711972389642,0.8220711972389642,0.8220711972389642,0.0,0.0,0.0,55.72978584120791
75,2005-04-30,54.74113504608095,31.121588198764062,61.55201133891834,54.74113504608095,54.74113504608095,-7.971951498292224,-7.971951498292224,-7.971951498292224,-7.971951498292224,-7.971951498292224,-7.971951498292224,0.0,0.0,0.0,46.76918354778873
76,2005-05-31,54.56674008782892,37.634820474993866,69.5390196512898,54.56674008782892,54.56674008782892,-1.3840904606066313,-1.3840904606066313,-1.3840904606066313,-1.3840904606066313,-1.3840904606066313,-1.3840904606066313,0.0,0.0,0.0,53.18264962722229
77,2005-06-30,54.397970773391464,39.572816575939996,71.87527432372846,54.397970773391464,54.397970773391464,1.8910499786666868,1.8910499786666868,1.8910499786666868,1.8910499786666868,1.8910499786666868,1.8910499786666868,0.0,0.0,0.0,56.28902075205815
78,2005-07-31,54.22357581513944,44.56863513843274,73.51259605544756,54.22357581513944,54.22357581513944,4.977444814264279,4.977444814264279,4.977444814264279,4.977444814264279,4.977444814264279,4.977444814264279,0.0,0.0,0.0,59.20102062940372
79,2005-08-31,54.049180856887396,43.7911886709106,74.34926435650993,54.049180856887396,54.049180856887396,4.426785891830726,4.426785891830726,4.426785891830726,4.426785891830726,4.426785891830726,4.426785891830726,0.0,0.0,0.0,58.47596674871812
80,2005-09-30,53.880402306506866,42.268835935811175,73.71227206358309,53.880402306506866,53.880402306506866,3.7991908132642225,3.7991908132642225,3.7991908132642225,3.7991908132642225,3.7991908132642225,3.7991908132642225,0.0,0.0,0.0,57.67959311977109
81,2005-10-31,53.705997804446994,40.463570174414166,69.55070114127764,53.705997804446994,53.705997804446994,1.2331390726198173,1.2331390726198173,1.2331390726198173,1.2331390726198173,1.2331390726198173,1.2331390726198173,0.0,0.0,0.0,54.939136877066815
82,2005-11-30,53.53721925406646,36.56277793542602,67.43862929050216,53.53721925406646,53.53721925406646,-1.268867093434125,-1.268867093434125,-1.268867093434125,-1.268867093434125,-1.268867093434125,-1.268867093434125,0.0,0.0,0.0,52.26835216063233
83,2005-12-31,53.36281475200659,34.285322754592926,65.73964804681374,53.36281475200659,53.36281475200659,-2.712338454615882,-2.712338454615882,-2.712338454615882,-2.712338454615882,-2.712338454615882,-2.712338454615882,0.0,0.0,0.0,50.65047629739071
84,2006-01-31,53.188409856959176,34.46641176720926,66.33674467060823,53.188409856959176,53.188409856959176,-2.4155303875679937,-2.4155303875679937,-2.4155303875679937,-2.4155303875679937,-2.4155303875679937,-2.4155303875679937,0.0,0.0,0.0,50.772879469391185
85,2006-02-28,53.03088285498085,36.50754238713958,67.98768055439731,53.03088285498085,53.03088285498085,-0.8723741169555916,-0.8723741169555916,-0.8723741169555916,-0.8723741169555916,-0.8723741169555916,-0.8723741169555916,0.0,0.0,0.0,52.15850873802526
86,2006-03-31,52.85647795993342,39.20730932285473,68.3697262108745,52.85647795993342,52.85647795993342,0.7948145204893895,0.7948145204893895,0.7948145204893895,0.7948145204893895,0.7948145204893895,0.7948145204893895,0.0,0.0,0.0,53.65129248042281
87,2006-04-30,52.68769902924237,29.628328975219702,60.18842394953857,52.68769902924237,52.68769902924237,-7.940380714423779,-7.940380714423779,-7.940380714423779,-7.940380714423779,-7.940380714423779,-7.940380714423779,0.0,0.0,0.0,44.747318314818585
88,2006-05-31,52.51329410239099,35.488261720082356,66.14788314524002,52.51329410239099,52.51329410239099,-1.3871395335495225,-1.3871395335495225,-1.3871395335495225,-1.3871395335495225,-1.3871395335495225,-1.3871395335495225,0.0,0.0,0.0,51.126154568841464
89,2006-06-30,52.34451514092189,38.13739126329712,69.33914465735403,52.34451514092189,52.34451514092189,1.814958179530016,1.814958179530016,1.814958179530016,1.814958179530016,1.814958179530016,1.814958179530016,0.0,0.0,0.0,54.15947332045191
90,2006-07-31,52.17011021407051,40.52107435367077,73.12293431317214,52.17011021407051,52.17011021407051,5.061122259360405,5.061122259360405,5.061122259360405,5.061122259360405,5.061122259360405,5.061122259360405,0.0,0.0,0.0,57.231232473430914
91,2006-08-31,51.99570528721912,41.37908850657939,71.84154867244268,51.99570528721912,51.99570528721912,4.363417716333154,4.363417716333154,4.363417716333154,4.363417716333154,4.363417716333154,4.363417716333154,0.0,0.0,0.0,56.35912300355227
92,2006-09-30,51.82692632575004,39.538092222766025,70.5597898353323,51.82692632575004,51.82692632575004,3.821493610275323,3.821493610275323,3.821493610275323,3.821493610275323,3.821493610275323,3.821493610275323,0.0,0.0,0.0,55.64841993602536
93,2006-10-31,51.65252138116681,38.58634242438573,68.72043098456739,51.65252138116681,51.65252138116681,1.1775840580161259,1.1775840580161259,1.1775840580161259,1.1775840580161259,1.1775840580161259,1.1775840580161259,0.0,0.0,0.0,52.83010543918293
94,2006-11-30,51.483742402537885,35.089891894878,66.17754595690323,51.483742402537885,51.483742402537885,-1.1826742249600068,-1.1826742249600068,-1.1826742249600068,-1.1826742249600068,-1.1826742249600068,-1.1826742249600068,0.0,0.0,0.0,50.301068177577875
95,2006-12-31,51.30933745795467,32.53304634159776,63.42954575959723,51.30933745795467,51.30933745795467,-2.6223788146046196,-2.6223788146046196,-2.6223788146046196,-2.6223788146046196,-2.6223788146046196,-2.6223788146046196,0.0,0.0,0.0,48.68695864335005
96,2007-01-31,51.13493251337144,32.461129407154594,64.33662829207142,51.13493251337144,51.13493251337144,-2.5222241124432676,-2.5222241124432676,-2.5222241124432676,-2.5222241124432676,-2.5222241124432676,-2.5222241124432676,0.0,0.0,0.0,48.61270840092817
97,2007-02-28,50.977405466651106,34.2698929805775,65.03380828509022,50.977405466651106,50.977405466651106,-0.8368184495369633,-0.8368184495369633,-0.8368184495369633,-0.8368184495369633,-0.8368184495369633,-0.8368184495369633,0.0,0.0,0.0,50.14058701711414
98,2007-03-31,50.80300052206789,36.1857443410923,66.84467198704327,50.80300052206789,50.80300052206789,0.7658949331517669,0.7658949331517669,0.7658949331517669,0.7658949331517669,0.7658949331517669,0.7658949331517669,0.0,0.0,0.0,51.56889545521966
99,2007-04-30,50.63422154343896,26.246451139919138,58.28349825637813,50.63422154343896,50.63422154343896,-7.905317584039326,-7.905317584039326,-7.905317584039326,-7.905317584039326,-7.905317584039326,-7.905317584039326,0.0,0.0,0.0,42.72890395939964
100,2007-05-31,50.45981659885574,34.41626858015148,63.964600477249505,50.45981659885574,50.45981659885574,-1.3912279820746742,-1.3912279820746742,-1.3912279820746742,-1.3912279820746742,-1.3912279820746742,-1.3912279820746742,0.0,0.0,0.0,49.068588616781064
101,2007-06-30,50.29103762022682,36.83292428425811,67.094869622452,50.29103762022682,50.29103762022682,1.7393633588454596,1.7393633588454596,1.7393633588454596,1.7393633588454596,1.7393633588454596,1.7393633588454596,0.0,0.0,0.0,52.030400979072276
102,2007-07-31,50.116632675643594,40.17518171896867,71.13376385439926,50.116632675643594,50.116632675643594,5.143696786198778,5.143696786198778,5.143696786198778,5.143696786198778,5.143696786198778,5.143696786198778,0.0,0.0,0.0,55.260329461842375
103,2007-08-31,49.94222773106037,38.59823962924487,68.91334865201382,49.94222773106037,49.94222773106037,4.29884770160809,4.29884770160809,4.29884770160809,4.29884770160809,4.29884770160809,4.29884770160809,0.0,0.0,0.0,54.24107543266846
104,2007-09-30,49.77344875243144,37.865019840593234,68.40517395156247,49.77344875243144,49.77344875243144,3.8435453269546254,3.8435453269546254,3.8435453269546254,3.8435453269546254,3.8435453269546254,3.8435453269546254,0.0,0.0,0.0,53.61699407938607
105,2007-10-31,49.59904380784822,34.62603289881926,66.7573591536768,49.59904380784822,49.59904380784822,1.1234028012153858,1.1234028012153858,1.1234028012153858,1.1234028012153858,1.1234028012153858,1.1234028012153858,0.0,0.0,0.0,50.7224466090636
106,2007-11-30,49.43026482921929,31.664901177493316,62.44799720304583,49.43026482921929,49.43026482921929,-1.0945762822857916,-1.0945762822857916,-1.0945762822857916,-1.0945762822857916,-1.0945762822857916,-1.0945762822857916,0.0,0.0,0.0,48.3356885469335
107,2007-12-31,49.255859884636074,30.245815981696225,61.34559915753236,49.255859884636074,49.255859884636074,-2.5342529928330926,-2.5342529928330926,-2.5342529928330926,-2.5342529928330926,-2.5342529928330926,-2.5342529928330926,0.0,0.0,0.0,46.72160689180298
108,2008-01-31,49.08145494005284,31.193746693301936,61.11911357272781,49.08145494005284,49.08145494005284,-2.6298510778413897,-2.6298510778413897,-2.6298510778413897,-2.6298510778413897,-2.6298510778413897,-2.6298510778413897,0.0,0.0,0.0,46.451603862211456
109,2008-02-29,48.91830192737822,32.331227670177384,63.90815911892814,48.91830192737822,48.91830192737822,-0.9425537399876696,-0.9425537399876696,-0.9425537399876696,-0.9425537399876696,-0.9425537399876696,-0.9425537399876696,0.0,0.0,0.0,47.97574818739055
110,2008-03-31,48.743896982795,33.63392931015855,65.3988042675367,48.743896982795,48.743896982795,0.847600654698304,0.847600654698304,0.847600654698304,0.847600654698304,0.847600654698304,0.847600654698304,0.0,0.0,0.0,49.591497637493305
111,2008-04-30,48.57511800416607,24.85493814816255,56.79787050269462,48.57511800416607,48.57511800416607,-8.000015452726107,-8.000015452726107,-8.000015452726107,-8.000015452726107,-8.000015452726107,-8.000015452726107,0.0,0.0,0.0,40.57510255143997
112,2008-05-31,48.40071305958285,31.33549927845895,61.46529415990339,48.40071305958285,48.40071305958285,-1.3820302741959336,-1.3820302741959336,-1.3820302741959336,-1.3820302741959336,-1.3820302741959336,-1.3820302741959336,0.0,0.0,0.0,47.018682785386915
113,2008-06-30,48.23193408095393,34.774687622481274,65.9194285897904,48.23193408095393,48.23193408095393,1.967619522309801,1.967619522309801,1.967619522309801,1.967619522309801,1.967619522309801,1.967619522309801,0.0,0.0,0.0,50.19955360326373
114,2008-07-31,48.057529136370704,38.57245984283236,68.97158752709232,48.057529136370704,48.057529136370704,4.8927416706370055,4.8927416706370055,4.8927416706370055,4.8927416706370055,4.8927416706370055,4.8927416706370055,0.0,0.0,0.0,52.95027080700771
115,2008-08-31,47.88312419178748,37.814471868132365,67.97653557242218,47.88312419178748,47.88312419178748,4.488895459100094,4.488895459100094,4.488895459100094,4.488895459100094,4.488895459100094,4.488895459100094,0.0,0.0,0.0,52.37201965088757
116,2008-09-30,47.71434521315855,35.753798298082984,66.10990532913313,47.71434521315855,47.71434521315855,3.7766069095088532,3.7766069095088532,3.7766069095088532,3.7766069095088532,3.7766069095088532,3.7766069095088532,0.0,0.0,0.0,51.49095212266741
117,2008-10-31,47.53994026857533,33.62095029242435,64.40156129427986,47.53994026857533,47.53994026857533,1.2899948361350002,1.2899948361350002,1.2899948361350002,1.2899948361350002,1.2899948361350002,1.2899948361350002,0.0,0.0,0.0,48.82993510471033
118,2008-11-30,47.37116128994641,30.619850781430536,61.39106285575795,47.37116128994641,47.37116128994641,-1.353068221977202,-1.353068221977202,-1.353068221977202,-1.353068221977202,-1.353068221977202,-1.353068221977202,0.0,0.0,0.0,46.018093067969204
119,2008-12-31,47.196756345363184,29.54702220797301,59.75336821126464,47.196756345363184,47.196756345363184,-2.8040390134917987,-2.8040390134917987,-2.8040390134917987,-2.8040390134917987,-2.8040390134917987,-2.8040390134917987,0.0,0.0,0.0,44.39271733187139
120,2009-01-31,47.022351400779954,28.617261460754854,59.89704544169742,47.022351400779954,47.022351400779954,-2.3098475034282,-2.3098475034282,-2.3098475034282,-2.3098475034282,-2.3098475034282,-2.3098475034282,0.0,0.0,0.0,44.71250389735175
121,2009-02-28,46.86482435405963,30.977665705021842,60.483906266460906,46.86482435405963,46.86482435405963,-0.9076274281943281,-0.9076274281943281,-0.9076274281943281,-0.9076274281943281,-0.9076274281943281,-0.9076274281943281,0.0,0.0,0.0,45.9571969258653
122,2009-03-31,46.690419409476405,32.010924615493494,62.63809178107369,46.690419409476405,46.690419409476405,0.8220711972389098,0.8220711972389098,0.8220711972389098,0.8220711972389098,0.8220711972389098,0.8220711972389098,0.0,0.0,0.0,47.51249060671532
123,2009-04-30,46.521640430847484,23.29345890246247,54.56044743881845,46.521640430847484,46.521640430847484,-7.971951498292348,-7.971951498292348,-7.971951498292348,-7.971951498292348,-7.971951498292348,-7.971951498292348,0.0,0.0,0.0,38.549688932555135
124,2009-05-31,46.34723548626426,28.717141208671197,61.171774214131545,46.34723548626426,46.34723548626426,-1.3840904606065176,-1.3840904606065176,-1.3840904606065176,-1.3840904606065176,-1.3840904606065176,-1.3840904606065176,0.0,0.0,0.0,44.963145025657745
125,2009-06-30,46.17845650763533,32.39558638370496,62.365327345742976,46.17845650763533,46.17845650763533,1.8910499786665478,1.8910499786665478,1.8910499786665478,1.8910499786665478,1.8910499786665478,1.8910499786665478,0.0,0.0,0.0,48.06950648630188
126,2009-07-31,46.00405156305211,35.8531610764881,65.96784831942128,46.00405156305211,46.00405156305211,4.977444814264538,4.977444814264538,4.977444814264538,4.977444814264538,4.977444814264538,4.977444814264538,0.0,0.0,0.0,50.981496377316645
127,2009-08-31,45.82964661846889,35.45636062568268,65.17598200675857,45.82964661846889,45.82964661846889,4.4267858918301295,4.4267858918301295,4.4267858918301295,4.4267858918301295,4.4267858918301295,4.4267858918301295,0.0,0.0,0.0,50.25643251029902
128,2009-09-30,45.660867639839964,33.55247499138218,64.93908705170296,45.660867639839964,45.660867639839964,3.7991908132637935,3.7991908132637935,3.7991908132637935,3.7991908132637935,3.7991908132637935,3.7991908132637935,0.0,0.0,0.0,49.460058453103755
129,2009-10-31,45.48646269525674,31.43239614058432,63.41366713185523,45.48646269525674,45.48646269525674,1.2331390726200595,1.2331390726200595,1.2331390726200595,1.2331390726200595,1.2331390726200595,1.2331390726200595,0.0,0.0,0.0,46.7196017678768
130,2009-11-30,45.31768371662782,28.37099931329431,60.42757305897834,45.31768371662782,45.31768371662782,-1.268867093434335,-1.268867093434335,-1.268867093434335,-1.268867093434335,-1.268867093434335,-1.268867093434335,0.0,0.0,0.0,44.04881662319348
131,2009-12-31,45.14327877204459,26.09632009211691,58.49996522091953,45.14327877204459,45.14327877204459,-2.7123384546159937,-2.7123384546159937,-2.7123384546159937,-2.7123384546159937,-2.7123384546159937,-2.7123384546159937,0.0,0.0,0.0,42.43094031742859
132,2010-01-31,44.968873827461366,27.06432944872379,58.547347387711525,44.968873827461366,44.968873827461366,-2.4155303875680936,-2.4155303875680936,-2.4155303875680936,-2.4155303875680936,-2.4155303875680936,-2.4155303875680936,0.0,0.0,0.0,42.55334343989327
133,2010-02-28,44.81134678074104,28.42758674075604,59.96643348392267,44.81134678074104,44.81134678074104,-0.8723741169554945,-0.8723741169554945,-0.8723741169554945,-0.8723741169554945,-0.8723741169554945,-0.8723741169554945,0.0,0.0,0.0,43.93897266378555
134,2010-03-31,44.63694183615781,30.07623784081118,60.76347162221332,44.63694183615781,44.63694183615781,0.7948145204892885,0.7948145204892885,0.7948145204892885,0.7948145204892885,0.7948145204892885,0.7948145204892885,0.0,0.0,0.0,45.4317563566471
135,2010-04-30,44.468162857528895,21.675238090920335,51.8635443297576,44.468162857528895,44.468162857528895,-7.940380714423697,-7.940380714423697,-7.940380714423697,-7.940380714423697,-7.940380714423697,-7.940380714423697,0.0,0.0,0.0,36.5277821431052
136,2010-05-31,44.293757912945665,26.08231252845807,59.01137668422849,44.293757912945665,44.293757912945665,-1.387139533549529,-1.387139533549529,-1.387139533549529,-1.387139533549529,-1.387139533549529,-1.387139533549529,0.0,0.0,0.0,42.906618379396136
137,2010-06-30,44.12497893431674,29.664203857492115,61.463648847630346,44.12497893431674,44.12497893431674,1.8149581795301875,1.8149581795301875,1.8149581795301875,1.8149581795301875,1.8149581795301875,1.8149581795301875,0.0,0.0,0.0,45.93993711384692
138,2010-07-31,43.95057398973352,32.09567015233849,64.45666522236124,43.95057398973352,43.95057398973352,5.061122259360893,5.061122259360893,5.061122259360893,5.061122259360893,5.061122259360893,5.061122259360893,0.0,0.0,0.0,49.01169624909441
139,2010-08-31,43.7761690451503,34.21057465905043,63.29629318699289,43.7761690451503,43.7761690451503,4.36341771633285,4.36341771633285,4.36341771633285,4.36341771633285,4.36341771633285,4.36341771633285,0.0,0.0,0.0,48.139586761483145
140,2010-09-30,43.60739006652137,32.282289967534346,62.662254783324734,43.60739006652137,43.60739006652137,3.8214936102749766,3.8214936102749766,3.8214936102749766,3.8214936102749766,3.8214936102749766,3.8214936102749766,0.0,0.0,0.0,47.428883676796346
141,2010-10-31,43.43298512193815,28.48010281751794,59.27037696464915,43.43298512193815,43.43298512193815,1.1775840580161954,1.1775840580161954,1.1775840580161954,1.1775840580161954,1.1775840580161954,1.1775840580161954,0.0,0.0,0.0,44.61056917995435
142,2010-11-30,43.264206143309224,26.477817303017815,56.869081016252196,43.264206143309224,43.264206143309224,-1.1826742249602538,-1.1826742249602538,-1.1826742249602538,-1.1826742249602538,-1.1826742249602538,-1.1826742249602538,0.0,0.0,0.0,42.08153191834897
143,2010-12-31,43.08980119872599,25.80900272463661,54.58191217058549,43.08980119872599,43.08980119872599,-2.622378814604784,-2.622378814604784,-2.622378814604784,-2.622378814604784,-2.622378814604784,-2.622378814604784,0.0,0.0,0.0,40.46742238412121
144,2011-01-31,42.915396254142784,24.15240080497182,55.634111967202806,42.915396254142784,42.915396254142784,-2.5222241124432845,-2.5222241124432845,-2.5222241124432845,-2.5222241124432845,-2.5222241124432845,-2.5222241124432845,0.0,0.0,0.0,40.3931721416995
145,2011-02-28,42.757869207422445,25.31215309716015,57.13001387653183,42.757869207422445,42.757869207422445,-0.836818449537036,-0.836818449537036,-0.836818449537036,-0.836818449537036,-0.836818449537036,-0.836818449537036,0.0,0.0,0.0,41.92105075788541
146,2011-03-31,42.58346426283922,27.332988803337336,58.46706506241574,42.58346426283922,42.58346426283922,0.7658949331517757,0.7658949331517757,0.7658949331517757,0.7658949331517757,0.7658949331517757,0.7658949331517757,0.0,0.0,0.0,43.349359195991
147,2011-04-30,42.4146852842103,19.40237436586751,49.05178790189434,42.4146852842103,42.4146852842103,-7.905317584039264,-7.905317584039264,-7.905317584039264,-7.905317584039264,-7.905317584039264,-7.905317584039264,0.0,0.0,0.0,34.50936770017103
148,2011-05-31,42.24028033962708,25.92895625596816,56.88921733532603,42.24028033962708,42.24028033962708,-1.3912279820748157,-1.3912279820748157,-1.3912279820748157,-1.3912279820748157,-1.3912279820748157,-1.3912279820748157,0.0,0.0,0.0,40.84905235755226
149,2011-06-30,42.071501360998155,28.683527842157453,58.860712304253234,42.071501360998155,42.071501360998155,1.7393633588454458,1.7393633588454458,1.7393633588454458,1.7393633588454458,1.7393633588454458,1.7393633588454458,0.0,0.0,0.0,43.8108647198436
150,2011-07-31,41.89709641641493,31.261575249241908,62.72452393702967,41.89709641641493,41.89709641641493,5.143696786199227,5.143696786199227,5.143696786199227,5.143696786199227,5.143696786199227,5.143696786199227,0.0,0.0,0.0,47.04079320261416
151,2011-08-31,41.7226914718317,30.439010983777255,62.52187727864562,41.7226914718317,41.7226914718317,4.298847701608169,4.298847701608169,4.298847701608169,4.298847701608169,4.298847701608169,4.298847701608169,0.0,0.0,0.0,46.02153917343987
152,2011-09-30,41.55391249320278,30.332046566999683,61.427670797522985,41.55391249320278,41.55391249320278,3.8435453269545534,3.8435453269545534,3.8435453269545534,3.8435453269545534,3.8435453269545534,3.8435453269545534,0.0,0.0,0.0,45.397457820157335
153,2011-10-31,41.37950754861956,27.709548696434,57.594818309521,41.37950754861956,41.37950754861956,1.1234028012152493,1.1234028012152493,1.1234028012152493,1.1234028012152493,1.1234028012152493,1.1234028012152493,0.0,0.0,0.0,42.502910349834806
154,2011-11-30,41.21072856999063,24.767227810068878,55.50894305794759,41.21072856999063,41.21072856999063,-1.094576282286137,-1.094576282286137,-1.094576282286137,-1.094576282286137,-1.094576282286137,-1.094576282286137,0.0,0.0,0.0,40.116152287704494
155,2011-12-31,41.03632362540741,23.424178025794802,54.259699690637426,41.03632362540741,41.03632362540741,-2.534252992833283,-2.534252992833283,-2.534252992833283,-2.534252992833283,-2.534252992833283,-2.534252992833283,0.0,0.0,0.0,38.50207063257413
156,2012-01-31,40.86191868082419,22.998385076586413,53.99384544405631,40.86191868082419,40.86191868082419,-2.629851077841262,-2.629851077841262,-2.629851077841262,-2.629851077841262,-2.629851077841262,-2.629851077841262,0.0,0.0,0.0,38.23206760298293
157,2012-02-29,40.698765668149555,23.437905263584014,55.75821667966512,40.698765668149555,40.698765668149555,-0.9425537399878777,-0.9425537399878777,-0.9425537399878777,-0.9425537399878777,-0.9425537399878777,-0.9425537399878777,0.0,0.0,0.0,39.756211928161676
158,2012-03-31,40.52436072356633,24.83810534588602,56.87209404245487,40.52436072356633,40.52436072356633,0.8476006546984293,0.8476006546984293,0.8476006546984293,0.8476006546984293,0.8476006546984293,0.8476006546984293,0.0,0.0,0.0,41.371961378264764
159,2012-04-30,40.35558174493741,16.76579293502338,47.56894807886298,40.35558174493741,40.35558174493741,-8.000015452726052,-8.000015452726052,-8.000015452726052,-8.000015452726052,-8.000015452726052,-8.000015452726052,0.0,0.0,0.0,32.35556629221136
160,2012-05-31,40.18117680035419,22.50736140723826,54.622420784021934,40.18117680035419,40.18117680035419,-1.3820302741960406,-1.3820302741960406,-1.3820302741960406,-1.3820302741960406,-1.3820302741960406,-1.3820302741960406,0.0,0.0,0.0,38.79914652615815
161,2012-06-30,40.01239782172526,25.329618953739846,58.52313646410372,40.01239782172526,40.01239782172526,1.967619522309839,1.967619522309839,1.967619522309839,1.967619522309839,1.967619522309839,1.967619522309839,0.0,0.0,0.0,41.9800173440351
162,2012-07-31,39.83799287714204,28.34888150118354,60.53391116030436,39.83799287714204,39.83799287714204,4.8927416706366245,4.8927416706366245,4.8927416706366245,4.8927416706366245,4.8927416706366245,4.8927416706366245,0.0,0.0,0.0,44.73073454777867
163,2012-08-31,39.66358793255881,28.90148444365671,59.74797870925689,39.66358793255881,39.66358793255881,4.488895459100257,4.488895459100257,4.488895459100257,4.488895459100257,4.488895459100257,4.488895459100257,0.0,0.0,0.0,44.15248339165907
164,2012-09-30,39.49480895392989,26.959564574107045,57.43110848423958,39.49480895392989,39.49480895392989,3.7766069095087866,3.7766069095087866,3.7766069095087866,3.7766069095087866,3.7766069095087866,3.7766069095087866,0.0,0.0,0.0,43.271415863438676
165,2012-10-31,39.32040400934667,25.679350941688686,54.75057623985037,39.32040400934667,39.32040400934667,1.2899948361349807,1.2899948361349807,1.2899948361349807,1.2899948361349807,1.2899948361349807,1.2899948361349807,0.0,0.0,0.0,40.61039884548165
166,2012-11-30,39.15162503071774,21.501629071972474,53.60272424070317,39.15162503071774,39.15162503071774,-1.3530682219777819,-1.3530682219777819,-1.3530682219777819,-1.3530682219777819,-1.3530682219777819,-1.3530682219777819,0.0,0.0,0.0,37.79855680873996
167,2012-12-31,38.97722008613452,20.71525319062981,52.09430321235422,38.97722008613452,38.97722008613452,-2.804039013491374,-2.804039013491374,-2.804039013491374,-2.804039013491374,-2.804039013491374,-2.804039013491374,0.0,0.0,0.0,36.173181072643146
168,2013-01-31,38.8028151415513,20.8522054084159,51.523678020713916,38.8028151415513,38.8028151415513,-2.309847503428461,-2.309847503428461,-2.309847503428461,-2.309847503428461,-2.309847503428461,-2.309847503428461,0.0,0.0,0.0,36.492967638122835
169,2013-02-28,38.64528809483097,21.54648396186401,54.315788829503695,38.64528809483097,38.64528809483097,-0.9076274281943952,-0.9076274281943952,-0.9076274281943952,-0.9076274281943952,-0.9076274281943952,-0.9076274281943952,0.0,0.0,0.0,37.73766066663657
170,2013-03-31,38.470883150247744,24.234824448082705,54.54268165086065,38.470883150247744,38.470883150247744,0.8220711972390862,0.8220711972390862,0.8220711972390862,0.8220711972390862,0.8220711972390862,0.8220711972390862,0.0,0.0,0.0,39.29295434748683
171,2013-04-30,38.302104171618815,13.534805430255735,46.82618105591648,38.302104171618815,38.302104171618815,-7.971951498292261,-7.971951498292261,-7.971951498292261,-7.971951498292261,-7.971951498292261,-7.971951498292261,0.0,0.0,0.0,30.330152673326555
172,2013-05-31,38.1276992270356,22.72580621648581,51.51426064494234,38.1276992270356,38.1276992270356,-1.384090460606578,-1.384090460606578,-1.384090460606578,-1.384090460606578,-1.384090460606578,-1.384090460606578,0.0,0.0,0.0,36.74360876642902
173,2013-06-30,37.95892024840667,25.335876213578803,54.64305471640374,37.95892024840667,37.95892024840667,1.891049978666568,1.891049978666568,1.891049978666568,1.891049978666568,1.891049978666568,1.891049978666568,0.0,0.0,0.0,39.849970227073236
174,2013-07-31,37.78451530382345,26.678927293068355,58.25480429660534,37.78451530382345,37.78451530382345,4.977444814264587,4.977444814264587,4.977444814264587,4.977444814264587,4.977444814264587,4.977444814264587,0.0,0.0,0.0,42.761960118088034
175,2013-08-31,37.610110359240224,26.12228864568983,57.85525912789166,37.610110359240224,37.610110359240224,4.4267858918302245,4.4267858918302245,4.4267858918302245,4.4267858918302245,4.4267858918302245,4.4267858918302245,0.0,0.0,0.0,42.036896251070445
176,2013-09-30,37.4413313806113,26.000747248157033,56.18820667246971,37.4413313806113,37.4413313806113,3.7991908132638685,3.7991908132638685,3.7991908132638685,3.7991908132638685,3.7991908132638685,3.7991908132638685,0.0,0.0,0.0,41.24052219387517
177,2013-10-31,37.26692643602808,24.891293555092624,53.83048176848974,37.26692643602808,37.26692643602808,1.2331390726201272,1.2331390726201272,1.2331390726201272,1.2331390726201272,1.2331390726201272,1.2331390726201272,0.0,0.0,0.0,38.500065508648206
178,2013-11-30,37.09814745739915,20.999120373392216,51.19230181618141,37.09814745739915,37.09814745739915,-1.2688670934342063,-1.2688670934342063,-1.2688670934342063,-1.2688670934342063,-1.2688670934342063,-1.2688670934342063,0.0,0.0,0.0,35.82928036396494
179,2013-12-31,36.92374251281593,18.03066297025163,49.997436888107615,36.92374251281593,36.92374251281593,-2.712338454615545,-2.712338454615545,-2.712338454615545,-2.712338454615545,-2.712338454615545,-2.712338454615545,0.0,0.0,0.0,34.21140405820038
180,2014-01-31,36.749337568232704,19.375677948686036,50.10669144416002,36.749337568232704,36.749337568232704,-2.415530387567991,-2.415530387567991,-2.415530387567991,-2.415530387567991,-2.415530387567991,-2.415530387567991,0.0,0.0,0.0,34.333807180664714
181,2014-02-28,36.59181052151237,21.48571951110587,51.5996373260438,36.59181052151237,36.59181052151237,-0.8723741169556646,-0.8723741169556646,-0.8723741169556646,-0.8723741169556646,-0.8723741169556646,-0.8723741169556646,0.0,0.0,0.0,35.71943640455671
182,2014-03-31,36.417405576929156,22.55620521864811,53.207662330901854,36.417405576929156,36.417405576929156,0.7948145204897021,0.7948145204897021,0.7948145204897021,0.7948145204897021,0.7948145204897021,0.7948145204897021,0.0,0.0,0.0,37.21222009741886
183,2014-04-30,36.24862659830023,12.611660299193673,43.33393100804264,36.24862659830023,36.24862659830023,-7.9403807144236,-7.9403807144236,-7.9403807144236,-7.9403807144236,-7.9403807144236,-7.9403807144236,0.0,0.0,0.0,28.308245883876626
184,2014-05-31,36.074221653717004,19.03171726799918,50.404218453003246,36.074221653717004,36.074221653717004,-1.3871395335493326,-1.3871395335493326,-1.3871395335493326,-1.3871395335493326,-1.3871395335493326,-1.3871395335493326,0.0,0.0,0.0,34.68708212016767
185,2014-06-30,35.90544267508808,22.213197832322127,53.60364232032598,35.90544267508808,35.90544267508808,1.8149581795300256,1.8149581795300256,1.8149581795300256,1.8149581795300256,1.8149581795300256,1.8149581795300256,0.0,0.0,0.0,37.720400854618106
186,2014-07-31,35.73103773050485,26.114316851422323,56.58301956266348,35.73103773050485,35.73103773050485,5.061122259360662,5.061122259360662,5.061122259360662,5.061122259360662,5.061122259360662,5.061122259360662,0.0,0.0,0.0,40.79215998986551
187,2014-08-31,35.556632785921636,25.470580038691008,54.362279541434454,35.556632785921636,35.556632785921636,4.363417716332718,4.363417716332718,4.363417716332718,4.363417716332718,4.363417716332718,4.363417716332718,0.0,0.0,0.0,39.920050502254355
188,2014-09-30,35.38785380729271,23.306159654373726,54.63233955963528,35.38785380729271,35.38785380729271,3.8214936102750423,3.8214936102750423,3.8214936102750423,3.8214936102750423,3.8214936102750423,3.8214936102750423,0.0,0.0,0.0,39.20934741756775
189,2014-10-31,35.21344886270949,20.425050504263126,51.37932943639711,35.21344886270949,35.21344886270949,1.1775840580161763,1.1775840580161763,1.1775840580161763,1.1775840580161763,1.1775840580161763,1.1775840580161763,0.0,0.0,0.0,36.391032920725664
190,2014-11-30,35.04466988408056,18.83968820300228,50.24647776869835,35.04466988408056,35.04466988408056,-1.1826742249602056,-1.1826742249602056,-1.1826742249602056,-1.1826742249602056,-1.1826742249602056,-1.1826742249602056,0.0,0.0,0.0,33.86199565912035
191,2014-12-31,34.87026493949734,17.05308576412871,47.37086202302194,34.87026493949734,34.87026493949734,-2.622378814605014,-2.622378814605014,-2.622378814605014,-2.622378814605014,-2.622378814605014,-2.622378814605014,0.0,0.0,0.0,32.247886124892325
192,2015-01-31,34.695859994914116,16.04239534783402,46.27008616556392,34.695859994914116,34.695859994914116,-2.522224112443148,-2.522224112443148,-2.522224112443148,-2.522224112443148,-2.522224112443148,-2.522224112443148,0.0,0.0,0.0,32.17363588247097
193,2015-02-28,34.53833294819378,17.555470695374925,48.87291722696646,34.53833294819378,34.53833294819378,-0.8368184495373647,-0.8368184495373647,-0.8368184495373647,-0.8368184495373647,-0.8368184495373647,-0.8368184495373647,0.0,0.0,0.0,33.70151449865642
194,2015-03-31,34.36392800361056,19.8766920639331,49.869503031964676,34.36392800361056,34.36392800361056,0.765894933151713,0.765894933151713,0.765894933151713,0.765894933151713,0.765894933151713,0.765894933151713,0.0,0.0,0.0,35.129822936762274
195,2015-04-30,34.19514902498163,11.183685808598979,42.07518932652485,34.19514902498163,34.19514902498163,-7.905317584039354,-7.905317584039354,-7.905317584039354,-7.905317584039354,-7.905317584039354,-7.905317584039354,0.0,0.0,0.0,26.28983144094228
196,2015-05-31,34.020744080398416,16.682412068438225,47.55617983743257,34.020744080398416,34.020744080398416,-1.391227982075052,-1.391227982075052,-1.391227982075052,-1.391227982075052,-1.391227982075052,-1.391227982075052,0.0,0.0,0.0,32.629516098323364
197,2015-06-30,33.851965101769494,19.349774873729192,50.78537773430095,33.851965101769494,33.851965101769494,1.7393633588452058,1.7393633588452058,1.7393633588452058,1.7393633588452058,1.7393633588452058,1.7393633588452058,0.0,0.0,0.0,35.5913284606147
198,2015-07-31,33.677560157186264,23.44445976135251,54.49406569648193,33.677560157186264,33.677560157186264,5.143696786199312,5.143696786199312,5.143696786199312,5.143696786199312,5.143696786199312,5.143696786199312,0.0,0.0,0.0,38.82125694338558
199,2015-08-31,33.50315521260304,22.10279061439649,53.807103095530714,33.50315521260304,33.50315521260304,4.2988477016081115,4.2988477016081115,4.2988477016081115,4.2988477016081115,4.2988477016081115,4.2988477016081115,0.0,0.0,0.0,37.80200291421115
200,2015-09-30,33.33437623397412,21.136105406469767,51.92247278317537,33.33437623397412,33.33437623397412,3.84354532695415,3.84354532695415,3.84354532695415,3.84354532695415,3.84354532695415,3.84354532695415,0.0,0.0,0.0,37.17792156092827
201,2015-10-31,33.15997128939089,18.78901964519874,50.2197667582756,33.15997128939089,33.15997128939089,1.1234028012155577,1.1234028012155577,1.1234028012155577,1.1234028012155577,1.1234028012155577,1.1234028012155577,0.0,0.0,0.0,34.28337409060644
202,2015-11-30,32.99119231076197,16.769021357202064,47.64786688827501,32.99119231076197,32.99119231076197,-1.0945762822859957,-1.0945762822859957,-1.0945762822859957,-1.0945762822859957,-1.0945762822859957,-1.0945762822859957,0.0,0.0,0.0,31.89661602847597
203,2015-12-31,32.81678736617874,14.38101053894874,45.36762765740283,32.81678736617874,32.81678736617874,-2.5342529928323834,-2.5342529928323834,-2.5342529928323834,-2.5342529928323834,-2.5342529928323834,-2.5342529928323834,0.0,0.0,0.0,30.282534373346355
204,2016-01-31,32.64238242159553,15.244113024768641,44.17664452834966,32.64238242159553,32.64238242159553,-2.629851077841126,-2.629851077841126,-2.629851077841126,-2.629851077841126,-2.629851077841126,-2.629851077841126,0.0,0.0,0.0,30.012531343754404
205,2016-02-29,32.479229408920894,15.59098015605255,48.34497266261484,32.479229408920894,32.479229408920894,-0.9425537399872619,-0.9425537399872619,-0.9425537399872619,-0.9425537399872619,-0.9425537399872619,-0.9425537399872619,0.0,0.0,0.0,31.536675668933633
206,2016-03-31,32.30482446433767,18.31091629374009,48.55753217306938,32.30482446433767,32.30482446433767,0.847600654698428,0.847600654698428,0.847600654698428,0.847600654698428,0.847600654698428,0.847600654698428,0.0,0.0,0.0,33.152425119036096
207,2016-04-30,32.13604548570874,9.15577869793691,39.998473603661914,32.13604548570874,32.13604548570874,-8.000015452725936,-8.000015452725936,-8.000015452725936,-8.000015452725936,-8.000015452725936,-8.000015452725936,0.0,0.0,0.0,24.136030032982806
208,2016-05-31,31.961640541125526,14.85294464243802,45.579732356941896,31.961640541125526,31.961640541125526,-1.382030274196091,-1.382030274196091,-1.382030274196091,-1.382030274196091,-1.382030274196091,-1.382030274196091,0.0,0.0,0.0,30.579610266929436
209,2016-06-30,31.792861562496604,19.773300032041327,49.56496281563763,31.792861562496604,31.792861562496604,1.9676195223098776,1.9676195223098776,1.9676195223098776,1.9676195223098776,1.9676195223098776,1.9676195223098776,0.0,0.0,0.0,33.76048108480648
210,2016-07-31,31.618456617913377,21.403791016909633,53.47997303911486,31.618456617913377,31.618456617913377,4.892741670636425,4.892741670636425,4.892741670636425,4.892741670636425,4.892741670636425,4.892741670636425,0.0,0.0,0.0,36.5111982885498
211,2016-08-31,31.44405167333015,20.259927113499817,50.740504323028155,31.44405167333015,31.44405167333015,4.488895459100493,4.488895459100493,4.488895459100493,4.488895459100493,4.488895459100493,4.488895459100493,0.0,0.0,0.0,35.93294713243064
212,2016-09-30,31.275272694701226,19.28073295090848,50.50509157554112,31.275272694701226,31.275272694701226,3.776606909509474,3.776606909509474,3.776606909509474,3.776606909509474,3.776606909509474,3.776606909509474,0.0,0.0,0.0,35.0518796042107
213,2016-10-31,31.100867750118002,17.384383505589266,48.178535891957246,31.100867750118002,31.100867750118002,1.2899948361351452,1.2899948361351452,1.2899948361351452,1.2899948361351452,1.2899948361351452,1.2899948361351452,0.0,0.0,0.0,32.39086258625315
214,2016-11-30,30.932088771489077,13.644494461295047,43.752861763717156,30.932088771489077,30.932088771489077,-1.3530682219777317,-1.3530682219777317,-1.3530682219777317,-1.3530682219777317,-1.3530682219777317,-1.3530682219777317,0.0,0.0,0.0,29.579020549511345
215,2016-12-31,30.757683826905858,12.542465575813834,43.01140351566078,30.757683826905858,30.757683826905858,-2.8040390134918507,-2.8040390134918507,-2.8040390134918507,-2.8040390134918507,-2.8040390134918507,-2.8040390134918507,0.0,0.0,0.0,27.95364481341401
216,2017-01-31,30.583278882322638,12.286962263515646,43.92983904271836,30.583278882322638,30.583278882322638,-2.309847503428461,-2.309847503428461,-2.309847503428461,-2.309847503428461,-2.309847503428461,-2.309847503428461,0.0,0.0,0.0,28.273431378894177
217,2017-02-28,30.425751835602306,12.835213026126826,44.72629109918953,30.425751835602306,30.425751835602306,-0.9076274281943874,-0.9076274281943874,-0.9076274281943874,-0.9076274281943874,-0.9076274281943874,-0.9076274281943874,0.0,0.0,0.0,29.518124407407917
218,2017-03-31,30.25134689101908,16.09423121731991,47.363807850272906,30.25134689101908,30.25134689101908,0.8220711972395028,0.8220711972395028,0.8220711972395028,0.8220711972395028,0.8220711972395028,0.8220711972395028,0.0,0.0,0.0,31.07341808825858
219,2017-04-30,30.082567912390154,7.7867825173191045,37.29660289202869,30.082567912390154,30.082567912390154,-7.971951498292018,-7.971951498292018,-7.971951498292018,-7.971951498292018,-7.971951498292018,-7.971951498292018,0.0,0.0,0.0,22.110616414098136
220,2017-05-31,29.908162967806927,12.670672099811476,44.03989875008965,29.908162967806927,29.908162967806927,-1.384090460606623,-1.384090460606623,-1.384090460606623,-1.384090460606623,-1.384090460606623,-1.384090460606623,0.0,0.0,0.0,28.524072507200305
221,2017-06-30,29.739383989178005,16.62312443524819,47.855332390177985,29.739383989178005,29.739383989178005,1.8910499786668185,1.8910499786668185,1.8910499786668185,1.8910499786668185,1.8910499786668185,1.8910499786668185,0.0,0.0,0.0,31.630433967844823
222,2017-07-31,29.564979044594782,19.562012442163976,50.11107738807669,29.564979044594782,29.564979044594782,4.9774448142642065,4.9774448142642065,4.9774448142642065,4.9774448142642065,4.9774448142642065,4.9774448142642065,0.0,0.0,0.0,34.54242385885899
223,2017-08-31,29.390574100011563,18.47180798489539,49.24109082192184,29.390574100011563,29.390574100011563,4.426785891830873,4.426785891830873,4.426785891830873,4.426785891830873,4.426785891830873,4.426785891830873,0.0,0.0,0.0,33.81735999184244
224,2017-09-30,29.22179512138264,16.033980033308968,49.29985425498717,29.22179512138264,29.22179512138264,3.799190813264496,3.799190813264496,3.799190813264496,3.799190813264496,3.799190813264496,3.799190813264496,0.0,0.0,0.0,33.020985934647136
225,2017-10-31,29.047390176799414,15.497006967659157,45.6612538575783,29.047390176799414,29.047390176799414,1.2331390726199298,1.2331390726199298,1.2331390726199298,1.2331390726199298,1.2331390726199298,1.2331390726199298,0.0,0.0,0.0,30.280529249419345
226,2017-11-30,28.87861119817049,12.99470735451486,43.62099550000409,28.87861119817049,28.87861119817049,-1.2688670934339774,-1.2688670934339774,-1.2688670934339774,-1.2688670934339774,-1.2688670934339774,-1.2688670934339774,0.0,0.0,0.0,27.60974410473651
227,2017-12-31,28.704206253587262,9.938164607045014,40.6764190340752,28.704206253587262,28.704206253587262,-2.7123384546159963,-2.7123384546159963,-2.7123384546159963,-2.7123384546159963,-2.7123384546159963,-2.7123384546159963,0.0,0.0,0.0,25.991867798971267
228,2018-01-31,28.529801309004043,10.21913944860842,42.15661666001487,28.529801309004043,28.529801309004043,-2.4155303875684058,-2.4155303875684058,-2.4155303875684058,-2.4155303875684058,-2.4155303875684058,-2.4155303875684058,0.0,0.0,0.0,26.114270921435637
229,2018-02-28,28.37227426228371,12.89428834680448,43.51475038840833,28.37227426228371,28.37227426228371,-0.8723741169559996,-0.8723741169559996,-0.8723741169559996,-0.8723741169559996,-0.8723741169559996,-0.8723741169559996,0.0,0.0,0.0,27.49990014532771
230,2018-03-31,28.19786931770049,14.027487988456171,45.36787462368049,28.19786931770049,28.19786931770049,0.7948145204896407,0.7948145204896407,0.7948145204896407,0.7948145204896407,0.7948145204896407,0.7948145204896407,0.0,0.0,0.0,28.992683838190132
231,2018-04-30,28.029090339071566,4.8616832859807735,35.87980792985565,28.029090339071566,28.029090339071566,-7.940380714423559,-7.940380714423559,-7.940380714423559,-7.940380714423559,-7.940380714423559,-7.940380714423559,0.0,0.0,0.0,20.088709624648008
232,2018-05-31,27.854685394488342,9.781236367965878,41.632362842817685,27.854685394488342,27.854685394488342,-1.3871395335497223,-1.3871395335497223,-1.3871395335497223,-1.3871395335497223,-1.3871395335497223,-1.3871395335497223,0.0,0.0,0.0,26.46754586093862
233,2018-06-30,27.685906415859417,14.312065827436088,45.006383479003894,27.685906415859417,27.685906415859417,1.8149581795302456,1.8149581795302456,1.8149581795302456,1.8149581795302456,1.8149581795302456,1.8149581795302456,0.0,0.0,0.0,29.500864595389665
234,2018-07-31,27.51150147127619,16.36981186212749,48.0911504986566,27.51150147127619,27.51150147127619,5.061122259360934,5.061122259360934,5.061122259360934,5.061122259360934,5.061122259360934,5.061122259360934,0.0,0.0,0.0,32.572623730637126
235,2018-08-31,27.33709652669297,16.677710350140412,47.00112389996672,27.33709652669297,27.33709652669297,4.363417716332427,4.363417716332427,4.363417716332427,4.363417716332427,4.363417716332427,4.363417716332427,0.0,0.0,0.0,31.7005142430254
236,2018-09-30,27.168317548064046,14.861652006565713,46.000430235469075,27.168317548064046,27.168317548064046,3.8214936102751516,3.8214936102751516,3.8214936102751516,3.8214936102751516,3.8214936102751516,3.8214936102751516,0.0,0.0,0.0,30.989811158339197
237,2018-10-31,26.99391260348082,12.290250814094673,42.95064303574076,26.99391260348082,26.99391260348082,1.177584058016148,1.177584058016148,1.177584058016148,1.177584058016148,1.177584058016148,1.177584058016148,0.0,0.0,0.0,28.171496661496967
238,2018-11-30,26.825133624851897,9.516082830832596,41.36149521249644,26.825133624851897,26.825133624851897,-1.1826742249596671,-1.1826742249596671,-1.1826742249596671,-1.1826742249596671,-1.1826742249596671,-1.1826742249596671,0.0,0.0,0.0,25.642459399892232
239,2018-12-31,26.650728680268674,8.359082947574821,38.833943967698815,26.650728680268674,26.650728680268674,-2.622378814604878,-2.622378814604878,-2.622378814604878,-2.622378814604878,-2.622378814604878,-2.622378814604878,0.0,0.0,0.0,24.028349865663795
240,2019-01-31,26.47632373568545,8.609121280127745,39.035204062770454,26.47632373568545,26.47632373568545,-2.52222411244358,-2.52222411244358,-2.52222411244358,-2.52222411244358,-2.52222411244358,-2.52222411244358,0.0,0.0,0.0,23.95409962324187
241,2019-02-28,26.31879668896512,10.973944651348022,41.58765121078138,26.31879668896512,26.31879668896512,-0.8368184495376348,-0.8368184495376348,-0.8368184495376348,-0.8368184495376348,-0.8368184495376348,-0.8368184495376348,0.0,0.0,0.0,25.481978239427484
242,2019-03-31,26.1443917443819,11.406821341526355,43.07797347401032,26.1443917443819,26.1443917443819,0.7658949331515209,0.7658949331515209,0.7658949331515209,0.7658949331515209,0.7658949331515209,0.7658949331515209,0.0,0.0,0.0,26.91028667753342
243,2019-04-30,25.975612765752974,2.995638269424192,34.25884442126774,25.975612765752974,25.975612765752974,-7.905317584039297,-7.905317584039297,-7.905317584039297,-7.905317584039297,-7.905317584039297,-7.905317584039297,0.0,0.0,0.0,18.070295181713675
244,2019-05-31,25.801207821169747,8.666405137729454,38.73383353165162,25.801207821169747,25.801207821169747,-1.3912279820747673,-1.3912279820747673,-1.3912279820747673,-1.3912279820747673,-1.3912279820747673,-1.3912279820747673,0.0,0.0,0.0,24.40997983909498
245,2019-06-30,25.632428842540822,11.216339590726438,42.7287722528544,25.632428842540822,25.632428842540822,1.7393633588454738,1.7393633588454738,1.7393633588454738,1.7393633588454738,1.7393633588454738,1.7393633588454738,0.0,0.0,0.0,27.371792201386295
246,2019-07-31,25.458023897957602,14.805518060004204,46.273906917064785,25.458023897957602,25.458023897957602,5.143696786198548,5.143696786198548,5.143696786198548,5.143696786198548,5.143696786198548,5.143696786198548,0.0,0.0,0.0,30.60172068415615
247,2019-08-31,25.283618953374376,14.65969570958357,45.18732131974985,25.283618953374376,25.283618953374376,4.29884770160778,4.29884770160778,4.29884770160778,4.29884770160778,4.29884770160778,4.29884770160778,0.0,0.0,0.0,29.582466654982156
248,2019-09-30,25.114839974745454,13.698149234118448,44.375227573326626,25.114839974745454,25.114839974745454,3.843545326954295,3.843545326954295,3.843545326954295,3.843545326954295,3.843545326954295,3.843545326954295,0.0,0.0,0.0,28.95838530169975
249,2019-10-31,24.940435030162234,9.298150874409384,41.43466715279548,24.940435030162234,24.940435030162234,1.1234028012155244,1.1234028012155244,1.1234028012155244,1.1234028012155244,1.1234028012155244,1.1234028012155244,0.0,0.0,0.0,26.063837831377757
250,2019-11-30,24.771656051533302,8.30336298664074,39.09150469712883,24.771656051533302,24.771656051533302,-1.0945762822863159,-1.0945762822863159,-1.0945762822863159,-1.0945762822863159,-1.0945762822863159,-1.0945762822863159,0.0,0.0,0.0,23.677079769246987
251,2019-12-31,24.597251106950083,6.461048011382068,37.221492694414124,24.597251106950083,24.597251106950083,-2.534252992832906,-2.534252992832906,-2.534252992832906,-2.534252992832906,-2.534252992832906,-2.534252992832906,0.0,0.0,0.0,22.06299811411718
252,2020-01-31,24.422846162366856,5.755326020521979,36.58376660863978,24.422846162366856,24.422846162366856,-2.629851077841563,-2.629851077841563,-2.629851077841563,-2.629851077841563,-2.629851077841563,-2.629851077841563,0.0,0.0,0.0,21.792995084525295
253,2020-02-29,24.259693149692236,8.04389982579968,38.18323901951278,24.259693149692236,24.259693149692236,-0.9425537399871106,-0.9425537399871106,-0.9425537399871106,-0.9425537399871106,-0.9425537399871106,-0.9425537399871106,0.0,0.0,0.0,23.317139409705124
254,2020-03-31,24.08528820510901,10.403680602756724,40.90692536449208,24.08528820510901,24.08528820510901,0.8476006546983468,0.8476006546983468,0.8476006546983468,0.8476006546983468,0.8476006546983468,0.8476006546983468,0.0,0.0,0.0,24.932888859807356
255,2020-04-30,23.916509226480084,-0.35025393485094486,31.511361084497658,23.916509226480084,23.916509226480084,-8.000015452725984,-8.000015452725984,-8.000015452725984,-8.000015452725984,-8.000015452725984,-8.000015452725984,0.0,0.0,0.0,15.9164937737541
256,2020-05-31,23.742104281896857,6.181878846690928,37.355061767878695,23.742104281896857,23.742104281896857,-1.3820302741963024,-1.3820302741963024,-1.3820302741963024,-1.3820302741963024,-1.3820302741963024,-1.3820302741963024,0.0,0.0,0.0,22.360074007700554
257,2020-06-30,23.573325303267936,10.844546987786853,40.73352733638479,23.573325303267936,23.573325303267936,1.9676195223092847,1.9676195223092847,1.9676195223092847,1.9676195223092847,1.9676195223092847,1.9676195223092847,0.0,0.0,0.0,25.54094482557722
258,2020-07-31,23.398920358684713,13.304116129520555,42.99301841908546,23.398920358684713,23.398920358684713,4.89274167063612,4.89274167063612,4.89274167063612,4.89274167063612,4.89274167063612,4.89274167063612,0.0,0.0,0.0,28.291662029320833
259,2020-08-31,23.22451541410149,11.795126128529168,42.44422447302835,23.22451541410149,23.22451541410149,4.488895459099966,4.488895459099966,4.488895459099966,4.488895459099966,4.488895459099966,4.488895459099966,0.0,0.0,0.0,27.713410873201454
260,2020-09-30,23.055736435472564,12.376006138657868,42.970119968835306,23.055736435472564,23.055736435472564,3.776606909508778,3.776606909508778,3.776606909508778,3.776606909508778,3.776606909508778,3.776606909508778,0.0,0.0,0.0,26.832343344981343
261,2020-10-31,22.881331490889345,9.358836421315132,41.017687328751,22.881331490889345,22.881331490889345,1.289994836134845,1.289994836134845,1.289994836134845,1.289994836134845,1.289994836134845,1.289994836134845,0.0,0.0,0.0,24.17132632702419
262,2020-11-30,22.71255251226042,6.262025154974879,36.722839792180054,22.71255251226042,22.71255251226042,-1.3530682219775316,-1.3530682219775316,-1.3530682219775316,-1.3530682219775316,-1.3530682219775316,-1.3530682219775316,0.0,0.0,0.0,21.35948429028289
263,2020-12-31,22.538147567677193,4.219568157805631,35.05181536549613,22.538147567677193,22.538147567677193,-2.8040390134915434,-2.8040390134915434,-2.8040390134915434,-2.8040390134915434,-2.8040390134915434,-2.8040390134915434,0.0,0.0,0.0,19.73410855418565
264,2021-01-31,22.363742623093984,4.783048298873101,35.44415153933712,22.363742623093984,22.363742623093984,-2.3098475034280446,-2.3098475034280446,-2.3098475034280446,-2.3098475034280446,-2.3098475034280446,-2.3098475034280446,0.0,0.0,0.0,20.05389511966594
265,2021-02-28,22.206215594783828,5.506718318352654,35.956754500898754,22.206215594783828,22.206215594783828,-0.9076274281937657,-0.9076274281937657,-0.9076274281937657,-0.9076274281937657,-0.9076274281937657,-0.9076274281937657,0.0,0.0,0.0,21.29858816659006
266,2021-03-31,22.031810670583308,7.42294135939412,38.432325498025314,22.031810670583308,22.031810670583308,0.822071197238614,0.822071197238614,0.822071197238614,0.822071197238614,0.822071197238614,0.822071197238614,0.0,0.0,0.0,22.853881867821922
267,2021-04-30,21.863031711679568,-2.102342158616851,29.318275721336963,21.863031711679568,21.863031711679568,-7.971951498292408,-7.971951498292408,-7.971951498292408,-7.971951498292408,-7.971951498292408,-7.971951498292408,0.0,0.0,0.0,13.89108021338716
268,2021-05-31,21.68862678747903,5.377840890859868,36.76359845541655,21.68862678747903,21.68862678747903,-1.3840904606069064,-1.3840904606069064,-1.3840904606069064,-1.3840904606069064,-1.3840904606069064,-1.3840904606069064,0.0,0.0,0.0,20.304536326872125
269,2021-06-30,21.51984780473935,7.670768992325163,38.5323730371,21.51984780473935,21.51984780473935,1.8910499786664963,1.8910499786664963,1.8910499786664963,1.8910499786664963,1.8910499786664963,1.8910499786664963,0.0,0.0,0.0,23.410897783405847
270,2021-07-31,21.34544285590834,11.86982329669048,42.11881026033553,21.34544285590834,21.34544285590834,4.977444814265086,4.977444814265086,4.977444814265086,4.977444814265086,4.977444814265086,4.977444814265086,0.0,0.0,0.0,26.322887670173422
271,2021-08-31,21.171037907077327,9.849752565624849,40.94634426622118,21.171037907077327,21.171037907077327,4.426785891830905,4.426785891830905,4.426785891830905,4.426785891830905,4.426785891830905,4.426785891830905,0.0,0.0,0.0,25.59782379890823
272,2021-09-30,21.002258924337642,9.770329276439275,39.21157752593716,21.002258924337642,21.002258924337642,3.7991908132639747,3.7991908132639747,3.7991908132639747,3.7991908132639747,3.7991908132639747,3.7991908132639747,0.0,0.0,0.0,24.801449737601615
273,2021-10-31,20.82785397550989,7.457657614105594,37.677200783678046,20.82785397550989,20.82785397550989,1.233139072619997,1.233139072619997,1.233139072619997,1.233139072619997,1.233139072619997,1.233139072619997,0.0,0.0,0.0,22.060993048129887
274,2021-11-30,20.659074992773355,3.6290422011958476,34.47620183197414,20.659074992773355,20.659074992773355,-1.268867093434325,-1.268867093434325,-1.268867093434325,-1.268867093434325,-1.268867093434325,-1.268867093434325,0.0,0.0,0.0,19.390207899339032
275,2021-12-31,20.48467004394561,2.793934761372819,32.42853489508875,20.48467004394561,20.48467004394561,-2.7123384546154248,-2.7123384546154248,-2.7123384546154248,-2.7123384546154248,-2.7123384546154248,-2.7123384546154248,0.0,0.0,0.0,17.772331589330186
276,2022-01-31,20.310265095117856,3.459340355036428,32.998554422002684,20.310265095117856,20.310265095117856,-2.4155303875681464,-2.4155303875681464,-2.4155303875681464,-2.4155303875681464,-2.4155303875681464,-2.4155303875681464,0.0,0.0,0.0,17.89473470754971
277,2022-02-28,20.15273804456376,5.049631186518052,33.920489087128885,20.15273804456376,20.15273804456376,-0.8723741169556567,-0.8723741169556567,-0.8723741169556567,-0.8723741169556567,-0.8723741169556567,-0.8723741169556567,0.0,0.0,0.0,19.2803639276081
278,2022-03-31,19.978333095736005,5.661255034113456,35.79013523035765,19.978333095736005,19.978333095736005,0.7948145204896445,0.7948145204896445,0.7948145204896445,0.7948145204896445,0.7948145204896445,0.7948145204896445,0.0,0.0,0.0,20.77314761622565
279,2022-04-30,19.809554112999468,-3.8146962991869753,27.07403791427018,19.809554112999468,19.809554112999468,-7.940380714423881,-7.940380714423881,-7.940380714423881,-7.940380714423881,-7.940380714423881,-7.940380714423881,0.0,0.0,0.0,11.869173398575587
280,2022-05-31,19.635149164171718,2.5267644405315064,33.80441792182119,19.635149164171718,19.635149164171718,-1.3871395335493144,-1.3871395335493144,-1.3871395335493144,-1.3871395335493144,-1.3871395335493144,-1.3871395335493144,0.0,0.0,0.0,18.248009630622406
281,2022-06-30,19.46637018143518,5.95703231724056,36.49102833228704,19.46637018143518,19.46637018143518,1.8149581795299965,1.8149581795299965,1.8149581795299965,1.8149581795299965,1.8149581795299965,1.8149581795299965,0.0,0.0,0.0,21.281328360965176
282,2022-07-31,19.291965232607435,8.748910268371029,41.28435791045502,19.291965232607435,19.291965232607435,5.061122259360968,5.061122259360968,5.061122259360968,5.061122259360968,5.061122259360968,5.061122259360968,0.0,0.0,0.0,24.353087491968402
283,2022-08-31,19.117560283779685,7.204709222438923,39.110217498562385,19.117560283779685,19.117560283779685,4.36341771633319,4.36341771633319,4.36341771633319,4.36341771633319,4.36341771633319,4.36341771633319,0.0,0.0,0.0,23.480978000112877
284,2022-09-30,18.948781301043148,6.5607445905623205,37.59871215340071,18.948781301043148,18.948781301043148,3.821493610275343,3.821493610275343,3.821493610275343,3.821493610275343,3.821493610275343,3.821493610275343,0.0,0.0,0.0,22.77027491131849
285,2022-10-31,18.7743763522154,4.466469379556185,36.56444797389806,18.7743763522154,18.7743763522154,1.177584058015839,1.177584058015839,1.177584058015839,1.177584058015839,1.177584058015839,1.177584058015839,0.0,0.0,0.0,19.951960410231237
286,2022-11-30,18.60559736947887,3.1303142775731474,31.814225845871093,18.60559736947887,18.60559736947887,-1.1826742249601327,-1.1826742249601327,-1.1826742249601327,-1.1826742249601327,-1.1826742249601327,-1.1826742249601327,0.0,0.0,0.0,17.422923144518734
287,2022-12-31,18.431192420651108,-0.543303305991038,30.90203942771615,18.431192420651108,18.431192420651108,-2.622378814605029,-2.622378814605029,-2.622378814605029,-2.622378814605029,-2.622378814605029,-2.622378814605029,0.0,0.0,0.0,15.80881360604608
288,2023-01-31,18.256787471823365,0.7188195959632917,30.563828512068028,18.256787471823365,18.256787471823365,-2.5222241124429985,-2.5222241124429985,-2.5222241124429985,-2.5222241124429985,-2.5222241124429985,-2.5222241124429985,0.0,0.0,0.0,15.734563359380367
289,2023-02-28,18.099260421269264,2.5006359551562944,33.39030773364102,18.099260421269264,18.099260421269264,-0.8368184495370868,-0.8368184495370868,-0.8368184495370868,-0.8368184495370868,-0.8368184495370868,-0.8368184495370868,0.0,0.0,0.0,17.262441971732176
290,2023-03-31,17.92485547244151,3.7755009743749324,33.516291089656335,17.92485547244151,17.92485547244151,0.765894933152195,0.765894933152195,0.765894933152195,0.765894933152195,0.765894933152195,0.765894933152195,0.0,0.0,0.0,18.690750405593707
291,2023-04-30,17.75607648970498,-6.0744368705056955,26.57899899337827,17.75607648970498,17.75607648970498,-7.905317584039475,-7.905317584039475,-7.905317584039475,-7.905317584039475,-7.905317584039475,-7.905317584039475,0.0,0.0,0.0,9.850758905665506
292,2023-05-31,17.581671540877224,0.7499279039530465,32.23600927776088,17.581671540877224,17.581671540877224,-1.3912279820749802,-1.3912279820749802,-1.3912279820749802,-1.3912279820749802,-1.3912279820749802,-1.3912279820749802,0.0,0.0,0.0,16.190443558802244
293,2023-06-30,17.412892558140694,3.6189213637806126,34.23523335704063,17.412892558140694,17.412892558140694,1.7393633588452149,1.7393633588452149,1.7393633588452149,1.7393633588452149,1.7393633588452149,1.7393633588452149,0.0,0.0,0.0,19.152255916985908
294,2023-07-31,17.238487609312944,6.678209184658167,37.85097748615128,17.238487609312944,17.238487609312944,5.143696786199026,5.143696786199026,5.143696786199026,5.143696786199026,5.143696786199026,5.143696786199026,0.0,0.0,0.0,22.38218439551197
295,2023-08-31,17.06408266048519,6.584214587294076,37.70507304429524,17.06408266048519,17.06408266048519,4.2988477016080555,4.2988477016080555,4.2988477016080555,4.2988477016080555,4.2988477016080555,4.2988477016080555,0.0,0.0,0.0,21.362930362093245
296,2023-09-30,16.89530367774866,6.942232483693472,36.36752476202041,16.89530367774866,16.89530367774866,3.8435453269543745,3.8435453269543745,3.8435453269543745,3.8435453269543745,3.8435453269543745,3.8435453269543745,0.0,0.0,0.0,20.738849004703034
297,2023-10-31,16.72089872892091,2.5713901148573686,33.944538219057584,16.72089872892091,16.72089872892091,1.1234028012153976,1.1234028012153976,1.1234028012153976,1.1234028012153976,1.1234028012153976,1.1234028012153976,0.0,0.0,0.0,17.84430153013631
298,2023-11-30,16.552119746184374,-0.04130969279978382,31.59200211427672,16.552119746184374,16.552119746184374,-1.0945762822860747,-1.0945762822860747,-1.0945762822860747,-1.0945762822860747,-1.0945762822860747,-1.0945762822860747,0.0,0.0,0.0,15.457543463898299
299,2023-12-31,16.37771479735662,-1.6106292536978886,29.382728744871617,16.37771479735662,16.37771479735662,-2.5342529928329274,-2.5342529928329274,-2.5342529928329274,-2.5342529928329274,-2.5342529928329274,-2.5342529928329274,0.0,0.0,0.0,13.843461804523693
300,2024-01-01,16.3720888312654,-1.6702002023090834,29.98738612248132,16.3720888312654,16.3720888312654,-2.897384734053473,-2.897384734053473,-2.897384734053473,-2.897384734053473,-2.897384734053473,-2.897384734053473,0.0,0.0,0.0,13.474704097211928
301,2024-01-02,16.36646286517418,-2.6284479635029294,28.21936870392447,16.36646286517418,16.36646286517418,-3.2852118949461926,-3.2852118949461926,-3.2852118949461926,-3.2852118949461926,-3.2852118949461926,-3.2852118949461926,0.0,0.0,0.0,13.08125097022799
302,2024-01-03,16.360836899082972,-2.6988271386559717,27.984331263141144,16.360836899082972,16.360836899082972,-3.691054913488601,-3.691054913488601,-3.691054913488601,-3.691054913488601,-3.691054913488601,-3.691054913488601,0.0,0.0,0.0,12.669781985594371
303,2024-01-04,16.355210932991756,-3.2852954411743265,27.815575553184285,16.355210932991756,16.355210932991756,-4.107729317092639,-4.107729317092639,-4.107729317092639,-4.107729317092639,-4.107729317092639,-4.107729317092639,0.0,0.0,0.0,12.247481615899117
304,2024-01-05,16.349584966900537,-4.199770446114389,27.512606769423478,16.349584966900537,16.349584966900537,-4.527708985404251,-4.527708985404251,-4.527708985404251,-4.527708985404251,-4.527708985404251,-4.527708985404251,0.0,0.0,0.0,11.821875981496285
305,2024-01-06,16.343959000809313,-4.426135308110146,27.01517338897215,16.343959000809313,16.343959000809313,-4.943295742497619,-4.943295742497619,-4.943295742497619,-4.943295742497619,-4.943295742497619,-4.943295742497619,0.0,0.0,0.0,11.400663258311695
306,2024-01-07,16.338333034718094,-4.083809056405024,26.185930937043025,16.338333034718094,16.338333034718094,-5.346791102979356,-5.346791102979356,-5.346791102979356,-5.346791102979356,-5.346791102979356,-5.346791102979356,0.0,0.0,0.0,10.991541931738738
307,2024-01-08,16.332707068626885,-4.878827659645129,25.68915083029819,16.332707068626885,16.332707068626885,-5.730666006816932,-5.730666006816932,-5.730666006816932,-5.730666006816932,-5.730666006816932,-5.730666006816932,0.0,0.0,0.0,10.602041061809953
308,2024-01-09,16.32708110253566,-4.457662328705776,25.331795547228122,16.32708110253566,16.32708110253566,-6.087724494910882,-6.087724494910882,-6.087724494910882,-6.087724494910882,-6.087724494910882,-6.087724494910882,0.0,0.0,0.0,10.23935660762478
309,2024-01-10,16.32145513644445,-5.411149378637403,24.636453755930603,16.32145513644445,16.32145513644445,-6.4112574971831515,-6.4112574971831515,-6.4112574971831515,-6.4112574971831515,-6.4112574971831515,-6.4112574971831515,0.0,0.0,0.0,9.910197639261298
310,2024-01-11,16.315829170353226,-5.857864677903513,24.385462940643638,16.315829170353226,16.315829170353226,-6.695183219419723,-6.695183219419723,-6.695183219419723,-6.695183219419723,-6.695183219419723,-6.695183219419723,0.0,0.0,0.0,9.620645950933502
311,2024-01-12,16.310203204262006,-6.969314788162313,24.162929056636727,16.310203204262006,16.310203204262006,-6.934171014923735,-6.934171014923735,-6.934171014923735,-6.934171014923735,-6.934171014923735,-6.934171014923735,0.0,0.0,0.0,9.376032189338272
312,2024-01-13,16.304577238170797,-5.340380085008146,24.928468892953056,16.304577238170797,16.304577238170797,-7.123746099683766,-7.123746099683766,-7.123746099683766,-7.123746099683766,-7.123746099683766,-7.123746099683766,0.0,0.0,0.0,9.180831138487031
313,2024-01-14,16.298951272079574,-7.8581721661405,24.816163705571142,16.298951272079574,16.298951272079574,-7.260373001818204,-7.260373001818204,-7.260373001818204,-7.260373001818204,-7.260373001818204,-7.260373001818204,0.0,0.0,0.0,9.03857827026137
314,2024-01-15,16.293325305988354,-5.933493911577067,24.78205851502358,16.293325305988354,16.293325305988354,-7.341516212053893,-7.341516212053893,-7.341516212053893,-7.341516212053893,-7.341516212053893,-7.341516212053893,0.0,0.0,0.0,8.951809093934461
315,2024-01-16,16.287699339897134,-5.341435831171314,24.378612470845233,16.287699339897134,16.287699339897134,-7.365677105863628,-7.365677105863628,-7.365677105863628,-7.365677105863628,-7.365677105863628,-7.365677105863628,0.0,0.0,0.0,8.922022234033506
316,2024-01-17,16.28207337380592,-5.296602162963416,24.36922382579304,16.28207337380592,16.28207337380592,-7.332406822869995,-7.332406822869995,-7.332406822869995,-7.332406822869995,-7.332406822869995,-7.332406822869995,0.0,0.0,0.0,8.949666550935923
317,2024-01-18,16.27644740771471,-6.4508795272899855,24.463924751030095,16.27644740771471,16.27644740771471,-7.242295398711425,-7.242295398711425,-7.242295398711425,-7.242295398711425,-7.242295398711425,-7.242295398711425,0.0,0.0,0.0,9.034152009003284
318,2024-01-19,16.27082144162349,-5.29731240797402,24.355146277062044,16.27082144162349,16.27082144162349,-7.096938032195846,-7.096938032195846,-7.096938032195846,-7.096938032195846,-7.096938032195846,-7.096938032195846,0.0,0.0,0.0,9.173883409427644
319,2024-01-20,16.265195475532266,-6.357807702005428,25.10569481789198,16.265195475532266,16.265195475532266,-6.898879921254387,-6.898879921254387,-6.898879921254387,-6.898879921254387,-6.898879921254387,-6.898879921254387,0.0,0.0,0.0,9.366315554277879
320,2024-01-21,16.259569509441047,-5.4102485606534305,25.295969422804056,16.259569509441047,16.259569509441047,-6.651541600572387,-6.651541600572387,-6.651541600572387,-6.651541600572387,-6.651541600572387,-6.651541600572387,0.0,0.0,0.0,9.60802790886866
321,2024-01-22,16.253943543349823,-6.509867851670475,24.974428894935457,16.253943543349823,16.253943543349823,-6.3591271496585815,-6.3591271496585815,-6.3591271496585815,-6.3591271496585815,-6.3591271496585815,-6.3591271496585815,0.0,0.0,0.0,9.894816393691242
322,2024-01-23,16.248317577258614,-5.183122996147272,24.637123115535584,16.248317577258614,16.248317577258614,-6.026518002045979,-6.026518002045979,-6.026518002045979,-6.026518002045979,-6.026518002045979,-6.026518002045979,0.0,0.0,0.0,10.221799575212636
323,2024-01-24,16.242691611167402,-5.208781910867866,26.20616562043933,16.242691611167402,16.242691611167402,-5.659155366182469,-5.659155366182469,-5.659155366182469,-5.659155366182469,-5.659155366182469,-5.659155366182469,0.0,0.0,0.0,10.583536244984932
