,ds,trend,yhat_lower,yhat_upper,trend_lower,trend_upper,additive_terms,additive_terms_lower,additive_terms_upper,yearly,yearly_lower,yearly_upper,multiplicative_terms,multiplicative_terms_lower,multiplicative_terms_upper,yhat
0,2003-01-31,4.237219174999999,-5.138172238600855,10.480290368055456,4.237219174999999,4.237219174999999,-1.567761982495295,-1.567761982495295,-1.567761982495295,-1.567761982495295,-1.567761982495295,-1.567761982495295,0.0,0.0,0.0,2.669457192504704
1,2003-02-28,4.51178720615591,-2.639675298001243,12.28722583412406,4.51178720615591,4.51178720615591,0.17169470977342624,0.17169470977342624,0.17169470977342624,0.17169470977342624,0.17169470977342624,0.17169470977342624,0.0,0.0,0.0,4.683481915929336
2,2003-03-31,4.815773240649953,-4.198924050770095,11.406541422049479,4.815773240649953,4.815773240649953,-1.433644410542957,-1.433644410542957,-1.433644410542957,-1.433644410542957,-1.433644410542957,-1.433644410542957,0.0,0.0,0.0,3.3821288301069963
3,2003-04-30,5.109953274031286,-4.074500620437489,11.128624883190808,5.109953274031286,5.109953274031286,-1.4728263362007723,-1.4728263362007723,-1.4728263362007723,-1.4728263362007723,-1.4728263362007723,-1.4728263362007723,0.0,0.0,0.0,3.637126937830513
4,2003-05-31,5.41393930852533,-2.7471283876894543,12.256056477271414,5.41393930852533,5.41393930852533,-0.7320289548770189,-0.7320289548770189,-0.7320289548770189,-0.7320289548770189,-0.7320289548770189,-0.7320289548770189,0.0,0.0,0.0,4.681910353648311
5,2003-06-30,5.708119341906663,-2.929067913432712,12.358069710918603,5.708119341906663,5.708119341906663,-1.153746328188737,-1.153746328188737,-1.153746328188737,-1.153746328188737,-1.153746328188737,-1.153746328188737,0.0,0.0,0.0,4.554373013717926
6,2003-07-31,6.012105376400705,-3.5505107902526394,12.876966604635719,6.012105376400705,6.012105376400705,-1.1147920237944164,-1.1147920237944164,-1.1147920237944164,-1.1147920237944164,-1.1147920237944164,-1.1147920237944164,0.0,0.0,0.0,4.897313352606289
7,2003-08-31,6.316091410894749,-2.1320709184863245,13.303728169104563,6.316091410894749,6.316091410894749,-0.8058433998464944,-0.8058433998464944,-0.8058433998464944,-0.8058433998464944,-0.8058433998464944,-0.8058433998464944,0.0,0.0,0.0,5.510248011048255
8,2003-09-30,6.6102714454836615,-2.9369468035218866,11.89647469432181,6.6102714454836615,6.6102714454836615,-2.121705459940077,-2.121705459940077,-2.121705459940077,-2.121705459940077,-2.121705459940077,-2.121705459940077,0.0,0.0,0.0,4.488565985543584
9,2003-10-31,6.914257481225537,1.1848384570642043,16.29797636245354,6.914257481225537,6.914257481225537,2.168192006136148,2.168192006136148,2.168192006136148,2.168192006136148,2.168192006136148,2.168192006136148,0.0,0.0,0.0,9.082449487361686
10,2003-11-30,7.20843751581445,1.1448464852862075,16.961113944192963,7.20843751581445,7.20843751581445,2.0596978801970427,2.0596978801970427,2.0596978801970427,2.0596978801970427,2.0596978801970427,2.0596978801970427,0.0,0.0,0.0,9.268135396011493
11,2003-12-31,7.512423551556325,-0.2338785414310669,15.26477737454064,7.512423551556325,7.512423551556325,-0.020788944104911694,-0.020788944104911694,-0.020788944104911694,-0.020788944104911694,-0.020788944104911694,-0.020788944104911694,0.0,0.0,0.0,7.491634607451413
12,2004-01-31,7.8164095872982005,-0.18342780320527463,14.796481033635631,7.8164095872982005,7.8164095872982005,-1.0287152933482442,-1.0287152933482442,-1.0287152933482442,-1.0287152933482442,-1.0287152933482442,-1.0287152933482442,0.0,0.0,0.0,6.787694293949956
13,2004-02-29,8.100783620734148,3.1813799660475115,18.636690449723833,8.100783620734148,8.100783620734148,2.8787969176320787,2.8787969176320787,2.8787969176320787,2.8787969176320787,2.8787969176320787,2.8787969176320787,0.0,0.0,0.0,10.979580538366227
14,2004-03-31,8.404769656476024,0.9290681381644257,16.917723732510332,8.404769656476024,8.404769656476024,0.4577856512446147,0.4577856512446147,0.4577856512446147,0.4577856512446147,0.4577856512446147,0.4577856512446147,0.0,0.0,0.0,8.862555307720639
15,2004-04-30,8.698949691064936,-2.649473067670246,13.211493619460907,8.698949691064936,8.698949691064936,-3.739934879877616,-3.739934879877616,-3.739934879877616,-3.739934879877616,-3.739934879877616,-3.739934879877616,0.0,0.0,0.0,4.95901481118732
16,2004-05-31,9.002935726806813,-0.037980352320278625,15.284995957054141,9.002935726806813,9.002935726806813,-1.5311305819739187,-1.5311305819739187,-1.5311305819739187,-1.5311305819739187,-1.5311305819739187,-1.5311305819739187,0.0,0.0,0.0,7.471805144832894
17,2004-06-30,9.297115761395723,0.9731728526010699,16.247524314019348,9.297115761395723,9.297115761395723,-0.8905445616423512,-0.8905445616423512,-0.8905445616423512,-0.8905445616423512,-0.8905445616423512,-0.8905445616423512,0.0,0.0,0.0,8.406571199753373
18,2004-07-31,9.6011017971376,0.7709485881258894,15.947610532104406,9.6011017971376,9.6011017971376,-1.3925319456430052,-1.3925319456430052,-1.3925319456430052,-1.3925319456430052,-1.3925319456430052,-1.3925319456430052,0.0,0.0,0.0,8.208569851494595
19,2004-08-31,9.905087832879476,1.7889382919971293,17.310325874161414,9.905087832879476,9.905087832879476,-0.33140418415967465,-0.33140418415967465,-0.33140418415967465,-0.33140418415967465,-0.33140418415967465,-0.33140418415967465,0.0,0.0,0.0,9.5736836487198
20,2004-09-30,10.199267867468388,1.307411567138275,16.735138980718556,10.199267867468388,10.199267867468388,-1.3348668391121616,-1.3348668391121616,-1.3348668391121616,-1.3348668391121616,-1.3348668391121616,-1.3348668391121616,0.0,0.0,0.0,8.864401028356227
21,2004-10-31,10.503253903210263,4.816489587797532,21.24282791381842,10.503253903210263,10.503253903210263,2.443423499617583,2.443423499617583,2.443423499617583,2.443423499617583,2.443423499617583,2.443423499617583,0.0,0.0,0.0,12.946677402827845
22,2004-11-30,10.797433937799175,5.182891587576933,21.665876770137704,10.797433937799175,10.797433937799175,2.4010006986345815,2.4010006986345815,2.4010006986345815,2.4010006986345815,2.4010006986345815,2.4010006986345815,0.0,0.0,0.0,13.198434636433756
23,2004-12-31,11.101419973541052,1.2941646025421563,17.189416562264608,11.101419973541052,11.101419973541052,-2.0061975186938126,-2.0061975186938126,-2.0061975186938126,-2.0061975186938126,-2.0061975186938126,-2.0061975186938126,0.0,0.0,0.0,9.095222454847239
24,2005-01-31,11.405406009282927,1.1231345758776392,16.577654246296863,11.405406009282927,11.405406009282927,-2.7070138406115665,-2.7070138406115665,-2.7070138406115665,-2.7070138406115665,-2.7070138406115665,-2.7070138406115665,0.0,0.0,0.0,8.698392168671361
25,2005-02-28,11.679974041565913,5.840199733908963,22.262172829514224,11.679974041565913,11.679974041565913,1.9901402580896355,1.9901402580896355,1.9901402580896355,1.9901402580896355,1.9901402580896355,1.9901402580896355,0.0,0.0,0.0,13.670114299655548
26,2005-03-31,11.983960077307788,4.654806525466307,19.632628958094212,11.983960077307788,11.983960077307788,-0.19424213460542797,-0.19424213460542797,-0.19424213460542797,-0.19424213460542797,-0.19424213460542797,-0.19424213460542797,0.0,0.0,0.0,11.78971794270236
27,2005-04-30,12.2781401118967,1.5482416797672651,17.689886217770365,12.2781401118967,12.2781401118967,-3.00114739527321,-3.00114739527321,-3.00114739527321,-3.00114739527321,-3.00114739527321,-3.00114739527321,0.0,0.0,0.0,9.27699271662349
28,2005-05-31,12.582126147638576,3.462554793245763,20.032797166434086,12.582126147638576,12.582126147638576,-1.2577935855743878,-1.2577935855743878,-1.2577935855743878,-1.2577935855743878,-1.2577935855743878,-1.2577935855743878,0.0,0.0,0.0,11.324332562064187
29,2005-06-30,12.876306182227488,4.157613268902378,19.92700560712191,12.876306182227488,12.876306182227488,-0.9716875516473115,-0.9716875516473115,-0.9716875516473115,-0.9716875516473115,-0.9716875516473115,-0.9716875516473115,0.0,0.0,0.0,11.904618630580176
30,2005-07-31,13.180292217969365,3.8861428006205254,19.59358565153503,13.180292217969365,13.180292217969365,-1.2944138442629969,-1.2944138442629969,-1.2944138442629969,-1.2944138442629969,-1.2944138442629969,-1.2944138442629969,0.0,0.0,0.0,11.885878373706369
31,2005-08-31,13.484278253711238,5.234362313970317,20.466919567533647,13.484278253711238,13.484278253711238,-0.4828487649029711,-0.4828487649029711,-0.4828487649029711,-0.4828487649029711,-0.4828487649029711,-0.4828487649029711,0.0,0.0,0.0,13.001429488808267
32,2005-09-30,13.778458288300154,4.411086521946617,19.90518694543596,13.778458288300154,13.778458288300154,-1.5998784218524575,-1.5998784218524575,-1.5998784218524575,-1.5998784218524575,-1.5998784218524575,-1.5998784218524575,0.0,0.0,0.0,12.178579866447697
33,2005-10-31,14.08244432404203,8.711870694163522,24.309015762640666,14.08244432404203,14.08244432404203,2.3457020490861855,2.3457020490861855,2.3457020490861855,2.3457020490861855,2.3457020490861855,2.3457020490861855,0.0,0.0,0.0,16.428146373128214
34,2005-11-30,14.37662435863094,8.589660942029484,24.43381813581424,14.37662435863094,14.37662435863094,2.274270581627213,2.274270581627213,2.274270581627213,2.274270581627213,2.274270581627213,2.274270581627213,0.0,0.0,0.0,16.65089494025815
35,2005-12-31,14.680610394372815,5.5898722324746775,21.038505988388525,14.680610394372815,14.680610394372815,-1.3510803062336583,-1.3510803062336583,-1.3510803062336583,-1.3510803062336583,-1.3510803062336583,-1.3510803062336583,0.0,0.0,0.0,13.329530088139157
36,2006-01-31,14.98459643011469,5.08502535556037,21.15945255085054,14.98459643011469,14.98459643011469,-2.1274304710819543,-2.1274304710819543,-2.1274304710819543,-2.1274304710819543,-2.1274304710819543,-2.1274304710819543,0.0,0.0,0.0,12.857165959032736
37,2006-02-28,15.259164462397674,8.573671847253927,24.573387226690052,15.259164462397674,15.259164462397674,1.0873799235192914,1.0873799235192914,1.0873799235192914,1.0873799235192914,1.0873799235192914,1.0873799235192914,0.0,0.0,0.0,16.346544385916964
38,2006-03-31,15.56315049813955,6.239006595493614,22.185068034264507,15.56315049813955,15.56315049813955,-0.8250067375760776,-0.8250067375760776,-0.8250067375760776,-0.8250067375760776,-0.8250067375760776,-0.8250067375760776,0.0,0.0,0.0,14.738143760563473
39,2006-04-30,15.857330532728461,5.6357079026186865,21.58999960698562,15.857330532728461,15.857330532728461,-2.2451786219245755,-2.2451786219245755,-2.2451786219245755,-2.2451786219245755,-2.2451786219245755,-2.2451786219245755,0.0,0.0,0.0,13.612151910803886
40,2006-05-31,16.16131656847034,7.338377586097149,23.10594662175046,16.16131656847034,16.16131656847034,-0.9912444799497763,-0.9912444799497763,-0.9912444799497763,-0.9912444799497763,-0.9912444799497763,-0.9912444799497763,0.0,0.0,0.0,15.170072088520564
41,2006-06-30,16.45549660305925,7.601239053740438,23.227331051190124,16.45549660305925,16.45549660305925,-1.0594124767080553,-1.0594124767080553,-1.0594124767080553,-1.0594124767080553,-1.0594124767080553,-1.0594124767080553,0.0,0.0,0.0,15.396084126351194
42,2006-07-31,16.759482638801124,7.540936100821637,23.194280058087784,16.759482638801124,16.759482638801124,-1.2018211298017643,-1.2018211298017643,-1.2018211298017643,-1.2018211298017643,-1.2018211298017643,-1.2018211298017643,0.0,0.0,0.0,15.55766150899936
43,2006-08-31,17.063468674543003,8.196441320717849,23.960386872565433,17.063468674543003,17.063468674543003,-0.6410821957689772,-0.6410821957689772,-0.6410821957689772,-0.6410821957689772,-0.6410821957689772,-0.6410821957689772,0.0,0.0,0.0,16.422386478774026
44,2006-09-30,17.35764870913192,7.740164367615497,24.05671797215902,17.35764870913192,17.35764870913192,-1.8622894308896567,-1.8622894308896567,-1.8622894308896567,-1.8622894308896567,-1.8622894308896567,-1.8622894308896567,0.0,0.0,0.0,15.495359278242262
45,2006-10-31,17.661634744873794,12.403501750985525,27.190141540354304,17.661634744873794,17.661634744873794,2.2538910681425377,2.2538910681425377,2.2538910681425377,2.2538910681425377,2.2538910681425377,2.2538910681425377,0.0,0.0,0.0,19.91552581301633
46,2006-11-30,17.955814779462703,12.51031982943853,27.97704291971643,17.955814779462703,17.955814779462703,2.160521872438283,2.160521872438283,2.160521872438283,2.160521872438283,2.160521872438283,2.160521872438283,0.0,0.0,0.0,20.116336651900987
47,2006-12-31,18.259800815204578,10.418158275245595,24.943082056324386,18.259800815204578,18.259800815204578,-0.6889776007187282,-0.6889776007187282,-0.6889776007187282,-0.6889776007187282,-0.6889776007187282,-0.6889776007187282,0.0,0.0,0.0,17.57082321448585
48,2007-01-31,18.563786850946453,8.686925186051115,24.19893329782742,18.563786850946453,18.563786850946453,-1.5677619824920421,-1.5677619824920421,-1.5677619824920421,-1.5677619824920421,-1.5677619824920421,-1.5677619824920421,0.0,0.0,0.0,16.996024868454413
49,2007-02-28,18.83835488322944,10.877226355935674,26.663131107660064,18.83835488322944,18.83835488322944,0.1716947097610639,0.1716947097610639,0.1716947097610639,0.1716947097610639,0.1716947097610639,0.1716947097610639,0.0,0.0,0.0,19.0100495929905
50,2007-03-31,19.142340918971314,9.704071627027792,25.025629145338613,19.142340918971314,19.142340918971314,-1.4336444105432464,-1.4336444105432464,-1.4336444105432464,-1.4336444105432464,-1.4336444105432464,-1.4336444105432464,0.0,0.0,0.0,17.70869650842807
51,2007-04-30,19.436520953560226,10.018062405732222,25.887641711661637,19.436520953560226,19.436520953560226,-1.4728263361966993,-1.4728263361966993,-1.4728263361966993,-1.4728263361966993,-1.4728263361966993,-1.4728263361966993,0.0,0.0,0.0,17.963694617363526
52,2007-05-31,19.7405069893021,10.621747478533006,26.82678644203525,19.7405069893021,19.7405069893021,-0.7320289548692952,-0.7320289548692952,-0.7320289548692952,-0.7320289548692952,-0.7320289548692952,-0.7320289548692952,0.0,0.0,0.0,19.008478034432805
53,2007-06-30,20.034687023891014,11.174682646470396,26.72460319279824,20.034687023891014,20.034687023891014,-1.1537463281893863,-1.1537463281893863,-1.1537463281893863,-1.1537463281893863,-1.1537463281893863,-1.1537463281893863,0.0,0.0,0.0,18.88094069570163
54,2007-07-31,20.33867305963289,11.428698392882904,26.917321952527168,20.33867305963289,20.33867305963289,-1.1147920237917937,-1.1147920237917937,-1.1147920237917937,-1.1147920237917937,-1.1147920237917937,-1.1147920237917937,0.0,0.0,0.0,19.223881035841096
55,2007-08-31,20.642659095374768,11.830314291177626,27.799174971964817,20.642659095374768,20.642659095374768,-0.8058433998475751,-0.8058433998475751,-0.8058433998475751,-0.8058433998475751,-0.8058433998475751,-0.8058433998475751,0.0,0.0,0.0,19.836815695527193
56,2007-09-30,20.936839129963676,11.745820595770656,26.526341241901417,20.936839129963676,20.936839129963676,-2.1217054599411638,-2.1217054599411638,-2.1217054599411638,-2.1217054599411638,-2.1217054599411638,-2.1217054599411638,0.0,0.0,0.0,18.81513367002251
57,2007-10-31,21.24082516570555,16.131287080847283,31.005406499338765,21.24082516570555,21.24082516570555,2.168192006137285,2.168192006137285,2.168192006137285,2.168192006137285,2.168192006137285,2.168192006137285,0.0,0.0,0.0,23.409017171842837
58,2007-11-30,21.535005200294467,16.15839539059673,31.690736483950662,21.535005200294467,21.535005200294467,2.0596978801946606,2.0596978801946606,2.0596978801946606,2.0596978801946606,2.0596978801946606,2.0596978801946606,0.0,0.0,0.0,23.59470308048913
59,2007-12-31,21.838991236036343,13.853450510901952,29.41992534014542,21.838991236036343,21.838991236036343,-0.02078894410010889,-0.02078894410010889,-0.02078894410010889,-0.02078894410010889,-0.02078894410010889,-0.02078894410010889,0.0,0.0,0.0,21.818202291936235
60,2008-01-31,22.142977271778218,13.733991300578886,28.966488760924847,22.142977271778218,22.142977271778218,-1.0287152933489037,-1.0287152933489037,-1.0287152933489037,-1.0287152933489037,-1.0287152933489037,-1.0287152933489037,0.0,0.0,0.0,21.114261978429315
61,2008-02-29,22.424778648772442,17.640010382451113,32.757019871742784,22.424778648772442,22.424778648772442,2.878796917634853,2.878796917634853,2.878796917634853,2.878796917634853,2.878796917634853,2.878796917634853,0.0,0.0,0.0,25.303575566407297
62,2008-03-31,22.726014603490405,15.440246308834364,30.85983464937677,22.726014603490405,22.726014603490405,0.4577856512449902,0.4577856512449902,0.4577856512449902,0.4577856512449902,0.4577856512449902,0.4577856512449902,0.0,0.0,0.0,23.183800254735395
63,2008-04-30,23.017533269346497,11.265145039711179,27.13911322822385,23.017533269346497,23.017533269346497,-3.7399348798776364,-3.7399348798776364,-3.7399348798776364,-3.7399348798776364,-3.7399348798776364,-3.7399348798776364,0.0,0.0,0.0,19.27759838946886
64,2008-05-31,23.31876922406446,13.82912440598602,29.681925596633477,23.31876922406446,23.31876922406446,-1.53113058197585,-1.53113058197585,-1.53113058197585,-1.53113058197585,-1.53113058197585,-1.53113058197585,0.0,0.0,0.0,21.78763864208861
65,2008-06-30,23.610287889920556,15.148524652195595,30.518269730642853,23.610287889920556,23.610287889920556,-0.8905445616444108,-0.8905445616444108,-0.8905445616444108,-0.8905445616444108,-0.8905445616444108,-0.8905445616444108,0.0,0.0,0.0,22.719743328276145
66,2008-07-31,23.91152384463852,14.594434041276505,30.218322804023774,23.91152384463852,23.91152384463852,-1.3925319456411065,-1.3925319456411065,-1.3925319456411065,-1.3925319456411065,-1.3925319456411065,-1.3925319456411065,0.0,0.0,0.0,22.518991898997413
67,2008-08-31,24.21275979935648,16.028448919637412,31.6662775666673,24.21275979935648,24.21275979935648,-0.33140418416008205,-0.33140418416008205,-0.33140418416008205,-0.33140418416008205,-0.33140418416008205,-0.33140418416008205,0.0,0.0,0.0,23.881355615196398
68,2008-09-30,24.455192347919734,15.396146595546021,30.8901089534712,24.455192347919734,24.455192347919734,-1.3348668391104046,-1.3348668391104046,-1.3348668391104046,-1.3348668391104046,-1.3348668391104046,-1.3348668391104046,0.0,0.0,0.0,23.12032550880933
69,2008-10-31,24.7057059814351,19.35966854979339,34.97991751905883,24.7057059814351,24.7057059814351,2.4434234996188953,2.4434234996188953,2.4434234996188953,2.4434234996188953,2.4434234996188953,2.4434234996188953,0.0,0.0,0.0,27.149129481053993
70,2008-11-30,24.948138529998356,19.30979591850887,35.25400716769041,24.948138529998356,24.948138529998356,2.4010006986326435,2.4010006986326435,2.4010006986326435,2.4010006986326435,2.4010006986326435,2.4010006986326435,0.0,0.0,0.0,27.349139228631
71,2008-12-31,25.198652163513714,14.651815931922936,31.448565039847182,25.198652163513714,25.198652163513714,-2.0061975186922165,-2.0061975186922165,-2.0061975186922165,-2.0061975186922165,-2.0061975186922165,-2.0061975186922165,0.0,0.0,0.0,23.192454644821495
72,2009-01-31,25.449165797029075,15.141423978635638,30.938717823992942,25.449165797029075,25.449165797029075,-2.707013840609,-2.707013840609,-2.707013840609,-2.707013840609,-2.707013840609,-2.707013840609,0.0,0.0,0.0,22.742151956420074
73,2009-02-28,25.675436175688116,19.30043512141773,34.92874386624259,25.675436175688116,25.675436175688116,1.990140258091919,1.990140258091919,1.990140258091919,1.990140258091919,1.990140258091919,1.990140258091919,0.0,0.0,0.0,27.665576433780036
74,2009-03-31,25.850390354486457,17.941241822459244,33.419832322305346,25.850390354486457,25.850390354486457,-0.1942421346042538,-0.1942421346042538,-0.1942421346042538,-0.1942421346042538,-0.1942421346042538,-0.1942421346042538,0.0,0.0,0.0,25.656148219882205
75,2009-04-30,26.019700850097756,14.882562194692623,30.463642695597308,26.019700850097756,26.019700850097756,-3.0011473952772354,-3.0011473952772354,-3.0011473952772354,-3.0011473952772354,-3.0011473952772354,-3.0011473952772354,0.0,0.0,0.0,23.01855345482052
76,2009-05-31,26.194655028896094,16.939119141748503,32.76828851776051,26.194655028896094,26.194655028896094,-1.2577935855741789,-1.2577935855741789,-1.2577935855741789,-1.2577935855741789,-1.2577935855741789,-1.2577935855741789,0.0,0.0,0.0,24.936861443321916
77,2009-06-30,26.36396552450739,17.617769464773776,33.16975810826202,26.36396552450739,26.36396552450739,-0.9716875516479223,-0.9716875516479223,-0.9716875516479223,-0.9716875516479223,-0.9716875516479223,-0.9716875516479223,0.0,0.0,0.0,25.392277972859468
78,2009-07-31,26.538919703305734,17.0196208738602,32.74264028157472,26.538919703305734,26.538919703305734,-1.2944138442624682,-1.2944138442624682,-1.2944138442624682,-1.2944138442624682,-1.2944138442624682,-1.2944138442624682,0.0,0.0,0.0,25.244505859043265
79,2009-08-31,26.71387388210407,18.401012724114725,34.452085856800245,26.71387388210407,26.71387388210407,-0.48284876490646367,-0.48284876490646367,-0.48284876490646367,-0.48284876490646367,-0.48284876490646367,-0.48284876490646367,0.0,0.0,0.0,26.231025117197607
80,2009-09-30,26.883184377715367,17.702156912295244,33.39447766661827,26.883184377715367,26.883184377715367,-1.599878421850941,-1.599878421850941,-1.599878421850941,-1.599878421850941,-1.599878421850941,-1.599878421850941,0.0,0.0,0.0,25.283305955864424
81,2009-10-31,26.97798976227799,21.201005850488897,37.06226080059817,26.97798976227799,26.97798976227799,2.345702049087598,2.345702049087598,2.345702049087598,2.345702049087598,2.345702049087598,2.345702049087598,0.0,0.0,0.0,29.323691811365588
82,2009-11-30,27.069736908628915,21.071095389998344,37.021858763183744,27.069736908628915,27.069736908628915,2.274270581631828,2.274270581631828,2.274270581631828,2.274270581631828,2.274270581631828,2.274270581631828,0.0,0.0,0.0,29.344007490260744
83,2009-12-31,27.16454229319153,17.93289276113904,33.507200025607084,27.16454229319153,27.16454229319153,-1.3510803062331131,-1.3510803062331131,-1.3510803062331131,-1.3510803062331131,-1.3510803062331131,-1.3510803062331131,0.0,0.0,0.0,25.813461986958416
84,2010-01-31,27.25934767775415,17.244297527212687,33.2975048334995,27.25934767775415,27.25934767775415,-2.127430471080879,-2.127430471080879,-2.127430471080879,-2.127430471080879,-2.127430471080879,-2.127430471080879,0.0,0.0,0.0,25.131917206673272
85,2010-02-28,27.34497834768168,20.489955735498775,36.28272969900592,27.34497834768168,27.34497834768168,1.0873799235174053,1.0873799235174053,1.0873799235174053,1.0873799235174053,1.0873799235174053,1.0873799235174053,0.0,0.0,0.0,28.432358271199085
86,2010-03-31,27.4397837322443,19.21545176633927,34.1072958646175,27.4397837322443,27.4397837322443,-0.8250067375748344,-0.8250067375748344,-0.8250067375748344,-0.8250067375748344,-0.8250067375748344,-0.8250067375748344,0.0,0.0,0.0,26.614776994669466
87,2010-04-30,27.4669998490102,17.637813396179435,33.025196528769676,27.4669998490102,27.4669998490102,-2.2451786219267698,-2.2451786219267698,-2.2451786219267698,-2.2451786219267698,-2.2451786219267698,-2.2451786219267698,0.0,0.0,0.0,25.22182122708343
88,2010-05-31,27.495123169668293,19.199330493498863,34.35988778297027,27.495123169668293,27.495123169668293,-0.9912444799495554,-0.9912444799495554,-0.9912444799495554,-0.9912444799495554,-0.9912444799495554,-0.9912444799495554,0.0,0.0,0.0,26.50387868971874
89,2010-06-30,27.522339286434196,18.654703200916632,34.150448626479616,27.522339286434196,27.522339286434196,-1.0594124767069562,-1.0594124767069562,-1.0594124767069562,-1.0594124767069562,-1.0594124767069562,-1.0594124767069562,0.0,0.0,0.0,26.46292680972724
90,2010-07-31,27.55046260709229,18.256002747847113,34.21014718475122,27.55046260709229,27.55046260709229,-1.2018211298031565,-1.2018211298031565,-1.2018211298031565,-1.2018211298031565,-1.2018211298031565,-1.2018211298031565,0.0,0.0,0.0,26.34864147728913
91,2010-08-31,27.57858592775038,19.304124779366127,34.79449076016965,27.57858592775038,27.57858592775038,-0.6410821957664841,-0.6410821957664841,-0.6410821957664841,-0.6410821957664841,-0.6410821957664841,-0.6410821957664841,0.0,0.0,0.0,26.9375037319839
92,2010-09-30,27.60580204451628,18.271962768362002,33.453644107684546,27.60580204451628,27.60580204451628,-1.862289430888136,-1.862289430888136,-1.862289430888136,-1.862289430888136,-1.862289430888136,-1.862289430888136,0.0,0.0,0.0,25.743512613628145
93,2010-10-31,27.633925365174377,21.90739942144621,37.647738883602884,27.633925365174377,27.633925365174377,2.2538910681435014,2.2538910681435014,2.2538910681435014,2.2538910681435014,2.2538910681435014,2.2538910681435014,0.0,0.0,0.0,29.88781643331788
94,2010-11-30,27.62008611769103,21.814468009060942,37.18440379258437,27.62008611769103,27.62008611769103,2.160521872438118,2.160521872438118,2.160521872438118,2.160521872438118,2.160521872438118,2.160521872438118,0.0,0.0,0.0,29.78060799012915
95,2010-12-31,27.605785561958232,18.79146475465326,34.79502550722368,27.605785561958232,27.605785561958232,-0.688977600719647,-0.688977600719647,-0.688977600719647,-0.688977600719647,-0.688977600719647,-0.688977600719647,0.0,0.0,0.0,26.916807961238586
96,2011-01-31,27.59148500622544,17.988189189038987,34.10937620762995,27.59148500622544,27.59148500622544,-1.5677619824899345,-1.5677619824899345,-1.5677619824899345,-1.5677619824899345,-1.5677619824899345,-1.5677619824899345,0.0,0.0,0.0,26.023723023735506
97,2011-02-28,27.57856837524098,20.130926914909672,35.71219086538709,27.57856837524098,27.57856837524098,0.17169470976034634,0.17169470976034634,0.17169470976034634,0.17169470976034634,0.17169470976034634,0.17169470976034634,0.0,0.0,0.0,27.750263085001325
98,2011-03-31,27.56426781950819,18.221818718798506,34.55053070447647,27.56426781950819,27.56426781950819,-1.4336444105477526,-1.4336444105477526,-1.4336444105477526,-1.4336444105477526,-1.4336444105477526,-1.4336444105477526,0.0,0.0,0.0,26.130623408960435
99,2011-04-30,27.550428572024842,18.5548888500915,33.49229345771795,27.550428572024842,27.550428572024842,-1.4728263361928295,-1.4728263361928295,-1.4728263361928295,-1.4728263361928295,-1.4728263361928295,-1.4728263361928295,0.0,0.0,0.0,26.07760223583201
100,2011-05-31,27.51675903431906,19.37274137845104,33.75159053812285,27.51675903431906,27.51675903431906,-0.7320289548742993,-0.7320289548742993,-0.7320289548742993,-0.7320289548742993,-0.7320289548742993,-0.7320289548742993,0.0,0.0,0.0,26.78473007944476
101,2011-06-30,27.484175610732812,18.41257461666321,34.467649567358784,27.484175610732812,27.484175610732812,-1.1537463281883216,-1.1537463281883216,-1.1537463281883216,-1.1537463281883216,-1.1537463281883216,-1.1537463281883216,0.0,0.0,0.0,26.33042928254449
102,2011-07-31,27.450506073027032,18.733462008929923,34.088238245568284,27.450506073027032,27.450506073027032,-1.114792023792947,-1.114792023792947,-1.114792023792947,-1.114792023792947,-1.114792023792947,-1.114792023792947,0.0,0.0,0.0,26.335714049234085
103,2011-08-31,27.41683653532125,18.87228311394128,34.31245681796821,27.41683653532125,27.41683653532125,-0.8058433998460882,-0.8058433998460882,-0.8058433998460882,-0.8058433998460882,-0.8058433998460882,-0.8058433998460882,0.0,0.0,0.0,26.61099313547516
104,2011-09-30,27.384253111735003,17.454445683650953,32.76630038406908,27.384253111735003,27.384253111735003,-2.1217054599414387,-2.1217054599414387,-2.1217054599414387,-2.1217054599414387,-2.1217054599414387,-2.1217054599414387,0.0,0.0,0.0,25.262547651793565
105,2011-10-31,27.350583574029226,21.245666832198733,36.98289157220537,27.350583574029226,27.350583574029226,2.168192006133196,2.168192006133196,2.168192006133196,2.168192006133196,2.168192006133196,2.168192006133196,0.0,0.0,0.0,29.518775580162423
106,2011-11-30,27.318000150442984,21.428188101013554,37.12399823852174,27.318000150442984,27.318000150442984,2.059697880196897,2.059697880196897,2.059697880196897,2.059697880196897,2.059697880196897,2.059697880196897,0.0,0.0,0.0,29.37769803063988
107,2011-12-31,27.284330613203906,19.56260040738913,34.79005252281363,27.284330613203906,27.284330613203906,-0.020788944102222432,-0.020788944102222432,-0.020788944102222432,-0.020788944102222432,-0.020788944102222432,-0.020788944102222432,0.0,0.0,0.0,27.263541669101684
108,2012-01-31,27.250661075964835,18.245617144544816,33.84486503806876,27.250661075964835,27.250661075964835,-1.0287152933492236,-1.0287152933492236,-1.0287152933492236,-1.0287152933492236,-1.0287152933492236,-1.0287152933492236,0.0,0.0,0.0,26.221945782615613
109,2012-02-29,27.219163766934738,22.219736538939056,37.80824900177931,27.219163766934738,27.219163766934738,2.8787969176277124,2.8787969176277124,2.8787969176277124,2.8787969176277124,2.8787969176277124,2.8787969176277124,0.0,0.0,0.0,30.09796068456245
110,2012-03-31,27.185494229695667,19.822514006178494,35.42860914767075,27.185494229695667,27.185494229695667,0.45778565124653403,0.45778565124653403,0.45778565124653403,0.45778565124653403,0.45778565124653403,0.45778565124653403,0.0,0.0,0.0,27.643279880942202
111,2012-04-30,27.15291080656108,16.242580910281387,30.665657281823545,27.15291080656108,27.15291080656108,-3.739934879879387,-3.739934879879387,-3.739934879879387,-3.739934879879387,-3.739934879879387,-3.739934879879387,0.0,0.0,0.0,23.412975926681696
112,2012-05-31,27.119241269322004,17.546879832433827,32.87435213239503,27.119241269322004,27.119241269322004,-1.5311305819738157,-1.5311305819738157,-1.5311305819738157,-1.5311305819738157,-1.5311305819738157,-1.5311305819738157,0.0,0.0,0.0,25.588110687348188
113,2012-06-30,27.086657845930667,18.007806529755282,34.05900098014465,27.086657845930667,27.086657845930667,-0.8905445616439077,-0.8905445616439077,-0.8905445616439077,-0.8905445616439077,-0.8905445616439077,-0.8905445616439077,0.0,0.0,0.0,26.19611328428676
114,2012-07-31,27.052988308426286,17.508448308305855,33.35806600384699,27.052988308426286,27.052988308426286,-1.3925319456400294,-1.3925319456400294,-1.3925319456400294,-1.3925319456400294,-1.3925319456400294,-1.3925319456400294,0.0,0.0,0.0,25.660456362786256
115,2012-08-31,27.019318770921902,18.6680356522381,34.79374421396197,27.019318770921902,27.019318770921902,-0.33140418415692746,-0.33140418415692746,-0.33140418415692746,-0.33140418415692746,-0.33140418415692746,-0.33140418415692746,0.0,0.0,0.0,26.687914586764975
116,2012-09-30,26.986735347530566,18.003768485296685,32.876001171130085,26.986735347530566,26.986735347530566,-1.3348668391107763,-1.3348668391107763,-1.3348668391107763,-1.3348668391107763,-1.3348668391107763,-1.3348668391107763,0.0,0.0,0.0,25.65186850841979
117,2012-10-31,26.953065810026185,21.31345936457613,37.12921837529746,26.953065810026185,26.953065810026185,2.443423499617856,2.443423499617856,2.443423499617856,2.443423499617856,2.443423499617856,2.443423499617856,0.0,0.0,0.0,29.396489309644043
118,2012-11-30,26.92048238663485,21.565921101746476,36.85577393225694,26.92048238663485,26.92048238663485,2.4010006986305226,2.4010006986305226,2.4010006986305226,2.4010006986305226,2.4010006986305226,2.4010006986305226,0.0,0.0,0.0,29.32148308526537
119,2012-12-31,26.88681284913046,16.445498547239886,32.1200806399583,26.88681284913046,26.88681284913046,-2.0061975186925913,-2.0061975186925913,-2.0061975186925913,-2.0061975186925913,-2.0061975186925913,-2.0061975186925913,0.0,0.0,0.0,24.88061533043787
120,2013-01-31,26.853143311606022,16.38766147901013,31.641836352706203,26.853143311606022,26.853143311606022,-2.7070138406099513,-2.7070138406099513,-2.7070138406099513,-2.7070138406099513,-2.7070138406099513,-2.7070138406099513,0.0,0.0,0.0,24.146129470996073
121,2013-02-28,26.822732116422657,21.08712767882786,37.21081279481125,26.822732116422657,26.822732116422657,1.9901402580911995,1.9901402580911995,1.9901402580911995,1.9901402580911995,1.9901402580911995,1.9901402580911995,0.0,0.0,0.0,28.812872374513855
122,2013-03-31,26.78906257889821,18.345060840863667,34.58114195852676,26.78906257889821,26.78906257889821,-0.1942421346035617,-0.1942421346035617,-0.1942421346035617,-0.1942421346035617,-0.1942421346035617,-0.1942421346035617,0.0,0.0,0.0,26.594820444294648
123,2013-04-30,26.75647915548746,16.095810616741698,31.556880943055358,26.75647915548746,26.75647915548746,-3.001147395272515,-3.001147395272515,-3.001147395272515,-3.001147395272515,-3.001147395272515,-3.001147395272515,0.0,0.0,0.0,23.755331760214947
124,2013-05-31,26.722809617963023,17.977295376974382,33.909358907663425,26.722809617963023,26.722809617963023,-1.257793585573264,-1.257793585573264,-1.257793585573264,-1.257793585573264,-1.257793585573264,-1.257793585573264,0.0,0.0,0.0,25.46501603238976
125,2013-06-30,26.69022619455228,17.98654174485059,33.455679974474606,26.69022619455228,26.69022619455228,-0.971687551644512,-0.971687551644512,-0.971687551644512,-0.971687551644512,-0.971687551644512,-0.971687551644512,0.0,0.0,0.0,25.71853864290777
126,2013-07-31,26.656556657826684,17.212057767862262,32.95991048379462,26.656556657826684,26.656556657826684,-1.2944138442639508,-1.2944138442639508,-1.2944138442639508,-1.2944138442639508,-1.2944138442639508,-1.2944138442639508,0.0,0.0,0.0,25.362142813562734
127,2013-08-31,26.62288712110108,18.5006789702538,33.72430149395882,26.62288712110108,26.62288712110108,-0.4828487649002941,-0.4828487649002941,-0.4828487649002941,-0.4828487649002941,-0.4828487649002941,-0.4828487649002941,0.0,0.0,0.0,26.140038356200787
128,2013-09-30,26.5903036984634,16.764817284673903,33.03502162750467,26.5903036984634,26.5903036984634,-1.5998784218522286,-1.5998784218522286,-1.5998784218522286,-1.5998784218522286,-1.5998784218522286,-1.5998784218522286,0.0,0.0,0.0,24.990425276611173
129,2013-10-31,26.5566341617378,21.001436228120525,36.6477210806472,26.5566341617378,26.5566341617378,2.345702049084192,2.345702049084192,2.345702049084192,2.345702049084192,2.345702049084192,2.345702049084192,0.0,0.0,0.0,28.902336210821993
130,2013-11-30,26.524050739100122,20.427369742271466,36.79500629403209,26.524050739100122,26.524050739100122,2.274270581630863,2.274270581630863,2.274270581630863,2.274270581630863,2.274270581630863,2.274270581630863,0.0,0.0,0.0,28.798321320730984
131,2013-12-31,26.490381202374525,17.20905739600344,32.94352253134696,26.490381202374525,26.490381202374525,-1.3510803062303474,-1.3510803062303474,-1.3510803062303474,-1.3510803062303474,-1.3510803062303474,-1.3510803062303474,0.0,0.0,0.0,25.139300896144178
132,2014-01-31,26.456711665648918,16.306169241581095,32.43630970033795,26.456711665648918,26.456711665648918,-2.127430471079016,-2.127430471079016,-2.127430471079016,-2.127430471079016,-2.127430471079016,-2.127430471079016,0.0,0.0,0.0,24.3292811945699
133,2014-02-28,26.426300471467282,19.527510253320003,34.87663250241578,26.426300471467282,26.426300471467282,1.0873799235184793,1.0873799235184793,1.0873799235184793,1.0873799235184793,1.0873799235184793,1.0873799235184793,0.0,0.0,0.0,27.513680394985762
134,2014-03-31,26.392630935051905,18.06534040791754,33.25899791217409,26.392630935051905,26.392630935051905,-0.825006737576562,-0.825006737576562,-0.825006737576562,-0.825006737576562,-0.825006737576562,-0.825006737576562,0.0,0.0,0.0,25.567624197475343
135,2014-04-30,26.36004751271444,16.23677459975068,32.59363627183296,26.36004751271444,26.36004751271444,-2.245178621922039,-2.245178621922039,-2.245178621922039,-2.245178621922039,-2.245178621922039,-2.245178621922039,0.0,0.0,0.0,24.1148688907924
136,2014-05-31,26.326377976299064,17.958719673757734,33.236164655320934,26.326377976299064,26.326377976299064,-0.9912444799473736,-0.9912444799473736,-0.9912444799473736,-0.9912444799473736,-0.9912444799473736,-0.9912444799473736,0.0,0.0,0.0,25.33513349635169
137,2014-06-30,26.2937945539616,17.97464294490894,33.32934632239065,26.2937945539616,26.2937945539616,-1.0594124767064643,-1.0594124767064643,-1.0594124767064643,-1.0594124767064643,-1.0594124767064643,-1.0594124767064643,0.0,0.0,0.0,25.234382077255137
138,2014-07-31,26.260125017546226,17.497391990009962,33.061305576287836,26.260125017546226,26.260125017546226,-1.2018211298039585,-1.2018211298039585,-1.2018211298039585,-1.2018211298039585,-1.2018211298039585,-1.2018211298039585,0.0,0.0,0.0,25.05830388774227
139,2014-08-31,26.226455484163637,17.640451379883462,33.59483737839381,26.226455484163637,26.226455484163637,-0.6410821957713702,-0.6410821957713702,-0.6410821957713702,-0.6410821957713702,-0.6410821957713702,-0.6410821957713702,0.0,0.0,0.0,25.585373288392265
140,2014-09-30,26.193872064761134,16.774954292180013,32.34384617610891,26.193872064761134,26.193872064761134,-1.862289430889358,-1.862289430889358,-1.862289430889358,-1.862289430889358,-1.862289430889358,-1.862289430889358,0.0,0.0,0.0,24.331582633871776
141,2014-10-31,26.16020253137855,20.816815812100398,36.834139029066655,26.16020253137855,26.16020253137855,2.253891068143232,2.253891068143232,2.253891068143232,2.253891068143232,2.253891068143232,2.253891068143232,0.0,0.0,0.0,28.41409359952178
142,2014-11-30,26.12761911197605,20.555823260295462,36.2461676780944,26.12761911197605,26.12761911197605,2.160521872437075,2.160521872437075,2.160521872437075,2.160521872437075,2.160521872437075,2.160521872437075,0.0,0.0,0.0,28.288140984413126
143,2014-12-31,26.093949578593463,17.377693868971278,32.97174215676006,26.093949578593463,26.093949578593463,-0.688977600723458,-0.688977600723458,-0.688977600723458,-0.688977600723458,-0.688977600723458,-0.688977600723458,0.0,0.0,0.0,25.404971977870005
144,2015-01-31,26.060280045210877,16.62803293021806,32.64655767852267,26.060280045210877,26.060280045210877,-1.5677619824902038,-1.5677619824902038,-1.5677619824902038,-1.5677619824902038,-1.5677619824902038,-1.5677619824902038,0.0,0.0,0.0,24.492518062720674
145,2015-02-28,26.029868853768544,18.085339347366514,33.77014351707685,26.029868853768544,26.029868853768544,0.17169470975978576,0.17169470975978576,0.17169470975978576,0.17169470975978576,0.17169470975978576,0.17169470975978576,0.0,0.0,0.0,26.20156356352833
146,2015-03-31,25.996199326638507,16.755632344840922,32.716162650781605,25.996199326638507,25.996199326638507,-1.4336444105472654,-1.4336444105472654,-1.4336444105472654,-1.4336444105472654,-1.4336444105472654,-1.4336444105472654,0.0,0.0,0.0,24.56255491609124
147,2015-04-30,25.96361591328686,17.368172145466954,32.6214791799632,25.96361591328686,25.96361591328686,-1.472826336196128,-1.472826336196128,-1.472826336196128,-1.472826336196128,-1.472826336196128,-1.472826336196128,0.0,0.0,0.0,24.49078957709073
148,2015-05-31,25.929946386156825,17.146622496936015,33.339242362311566,25.929946386156825,25.929946386156825,-0.7320289548746541,-0.7320289548746541,-0.7320289548746541,-0.7320289548746541,-0.7320289548746541,-0.7320289548746541,0.0,0.0,0.0,25.19791743128217
149,2015-06-30,25.89736297280518,16.69177180254968,32.48808054161748,25.89736297280518,25.89736297280518,-1.15374632819118,-1.15374632819118,-1.15374632819118,-1.15374632819118,-1.15374632819118,-1.15374632819118,0.0,0.0,0.0,24.743616644614
150,2015-07-31,25.863693445675146,16.34600033403506,32.014832347343265,25.863693445675146,25.863693445675146,-1.1147920237944897,-1.1147920237944897,-1.1147920237944897,-1.1147920237944897,-1.1147920237944897,-1.1147920237944897,0.0,0.0,0.0,24.748901421880657
151,2015-08-31,25.83002391854511,17.18860297332923,33.33748048528476,25.83002391854511,25.83002391854511,-0.8058433998451928,-0.8058433998451928,-0.8058433998451928,-0.8058433998451928,-0.8058433998451928,-0.8058433998451928,0.0,0.0,0.0,25.024180518699914
152,2015-09-30,25.797440505688954,16.422395131172213,31.531923865609816,25.797440505688954,25.797440505688954,-2.1217054599391396,-2.1217054599391396,-2.1217054599391396,-2.1217054599391396,-2.1217054599391396,-2.1217054599391396,0.0,0.0,0.0,23.675735045749814
153,2015-10-31,25.763770979070927,20.16054416429979,35.37289373207359,25.763770979070927,25.763770979070927,2.1681920061364965,2.1681920061364965,2.1681920061364965,2.1681920061364965,2.1681920061364965,2.1681920061364965,0.0,0.0,0.0,27.931962985207424
154,2015-11-30,25.731187566214775,20.037597498145757,35.164263361774424,25.731187566214775,25.731187566214775,2.059697880195787,2.059697880195787,2.059697880195787,2.059697880195787,2.059697880195787,2.059697880195787,0.0,0.0,0.0,27.790885446410563
155,2015-12-31,25.697518039596744,18.029399116674977,33.73357249019443,25.697518039596744,25.697518039596744,-0.02078894409699014,-0.02078894409699014,-0.02078894409699014,-0.02078894409699014,-0.02078894409699014,-0.02078894409699014,0.0,0.0,0.0,25.676729095499756
156,2016-01-31,25.66384851297872,16.72062036770301,32.66322227246564,25.66384851297872,25.66384851297872,-1.0287152933478259,-1.0287152933478259,-1.0287152933478259,-1.0287152933478259,-1.0287152933478259,-1.0287152933478259,0.0,0.0,0.0,24.635133219630895
157,2016-02-29,25.632351213884437,20.977711334755046,36.65821540258213,25.632351213884437,25.632351213884437,2.8787969176308117,2.8787969176308117,2.8787969176308117,2.8787969176308117,2.8787969176308117,2.8787969176308117,0.0,0.0,0.0,28.51114813151525
158,2016-03-31,25.59868168726641,18.63705442706754,33.7248640942074,25.59868168726641,25.59868168726641,0.4577856512414401,0.4577856512414401,0.4577856512414401,0.4577856512414401,0.4577856512414401,0.4577856512414401,0.0,0.0,0.0,26.05646733850785
159,2016-04-30,25.56611990961087,13.808583797783976,29.74596526876236,25.56611990961087,25.56611990961087,-3.7399348798797316,-3.7399348798797316,-3.7399348798797316,-3.7399348798797316,-3.7399348798797316,-3.7399348798797316,0.0,0.0,0.0,21.826185029731136
160,2016-05-31,25.532472739366813,16.030682983193582,32.40854612507289,25.532472739366813,25.532472739366813,-1.5311305819757475,-1.5311305819757475,-1.5311305819757475,-1.5311305819757475,-1.5311305819757475,-1.5311305819757475,0.0,0.0,0.0,24.001342157391065
161,2016-06-30,25.499910961711272,16.599757175108625,32.581474381408206,25.499910961711272,25.499910961711272,-0.8905445616404825,-0.8905445616404825,-0.8905445616404825,-0.8905445616404825,-0.8905445616404825,-0.8905445616404825,0.0,0.0,0.0,24.60936640007079
162,2016-07-31,25.46626379146722,16.283822200238596,32.210451034476904,25.46626379146722,25.46626379146722,-1.3925319456397083,-1.3925319456397083,-1.3925319456397083,-1.3925319456397083,-1.3925319456397083,-1.3925319456397083,0.0,0.0,0.0,24.073731845827513
163,2016-08-31,25.43261662122316,17.20067224395471,32.68633997135572,25.43261662122316,25.43261662122316,-0.3314041841588769,-0.3314041841588769,-0.3314041841588769,-0.3314041841588769,-0.3314041841588769,-0.3314041841588769,0.0,0.0,0.0,25.101212437064284
164,2016-09-30,25.400054843567624,16.295360862674347,31.978363484514723,25.400054843567624,25.400054843567624,-1.3348668391118583,-1.3348668391118583,-1.3348668391118583,-1.3348668391118583,-1.3348668391118583,-1.3348668391118583,0.0,0.0,0.0,24.065188004455766
165,2016-10-31,25.366407833973643,20.412299061227227,36.063602260352226,25.366407833973643,25.366407833973643,2.443423499620658,2.443423499620658,2.443423499620658,2.443423499620658,2.443423499620658,2.443423499620658,0.0,0.0,0.0,27.8098313335943
166,2016-11-30,25.333846211785918,20.16381804819247,35.58778495083412,25.333846211785918,25.333846211785918,2.4010006986295758,2.4010006986295758,2.4010006986295758,2.4010006986295758,2.4010006986295758,2.4010006986295758,0.0,0.0,0.0,27.734846910415495
167,2016-12-31,25.300199202191937,15.262004475926604,31.016713424305145,25.300199202191937,25.300199202191937,-2.0061975186950787,-2.0061975186950787,-2.0061975186950787,-2.0061975186950787,-2.0061975186950787,-2.0061975186950787,0.0,0.0,0.0,23.29400168349686
168,2017-01-31,25.266552192597956,14.640089610826621,30.206164913314485,25.266552192597956,25.266552192597956,-2.707013840612707,-2.707013840612707,-2.707013840612707,-2.707013840612707,-2.707013840612707,-2.707013840612707,0.0,0.0,0.0,22.55953835198525
169,2017-02-28,25.236161345222747,19.603945625807736,35.22026537201121,25.236161345222747,25.236161345222747,1.9901402580876286,1.9901402580876286,1.9901402580876286,1.9901402580876286,1.9901402580876286,1.9901402580876286,0.0,0.0,0.0,27.226301603310375
170,2017-03-31,25.202514335628766,17.408286478278757,32.871852303918736,25.202514335628766,25.202514335628766,-0.19424213460539816,-0.19424213460539816,-0.19424213460539816,-0.19424213460539816,-0.19424213460539816,-0.19424213460539816,0.0,0.0,0.0,25.008272201023367
171,2017-04-30,25.169952713441035,14.758346488111442,29.934597972862104,25.169952713441035,25.169952713441035,-3.0011473952747467,-3.0011473952747467,-3.0011473952747467,-3.0011473952747467,-3.0011473952747467,-3.0011473952747467,0.0,0.0,0.0,22.16880531816629
172,2017-05-31,25.136324291908327,16.119610962464105,31.997176878187094,25.136324291908327,25.136324291908327,-1.257793585575193,-1.257793585575193,-1.257793585575193,-1.257793585575193,-1.257793585575193,-1.257793585575193,0.0,0.0,0.0,23.878530706333134
173,2017-06-30,25.103780658166997,17.07843898001285,32.28704086275102,25.103780658166997,25.103780658166997,-0.9716875516463209,-0.9716875516463209,-0.9716875516463209,-0.9716875516463209,-0.9716875516463209,-0.9716875516463209,0.0,0.0,0.0,24.132093106520674
174,2017-07-31,25.07015223663429,15.907156924804157,31.077297586657483,25.07015223663429,25.07015223663429,-1.294413844261652,-1.294413844261652,-1.294413844261652,-1.294413844261652,-1.294413844261652,-1.294413844261652,0.0,0.0,0.0,23.775738392372638
175,2017-08-31,25.03652381510158,16.573909278162027,32.951298111183654,25.03652381510158,25.03652381510158,-0.4828487649021345,-0.4828487649021345,-0.4828487649021345,-0.4828487649021345,-0.4828487649021345,-0.4828487649021345,0.0,0.0,0.0,24.55367505019945
176,2017-09-30,25.00398018136025,15.739389530234952,31.57645799749755,25.00398018136025,25.00398018136025,-1.599878421853259,-1.599878421853259,-1.599878421853259,-1.599878421853259,-1.599878421853259,-1.599878421853259,0.0,0.0,0.0,23.404101759506993
177,2017-10-31,24.970351759827548,19.805062523542063,34.84648525866674,24.970351759827548,24.970351759827548,2.345702049086255,2.345702049086255,2.345702049086255,2.345702049086255,2.345702049086255,2.345702049086255,0.0,0.0,0.0,27.316053808913804
178,2017-11-30,24.944766065214377,19.820049906959685,34.8298984257965,24.944766065214377,24.944766065214377,2.274270581629895,2.274270581629895,2.274270581629895,2.274270581629895,2.274270581629895,2.274270581629895,0.0,0.0,0.0,27.219036646844273
179,2017-12-31,24.9183275141141,16.230789622998632,31.565104168084208,24.9183275141141,24.9183275141141,-1.3510803062316288,-1.3510803062316288,-1.3510803062316288,-1.3510803062316288,-1.3510803062316288,-1.3510803062316288,0.0,0.0,0.0,23.56724720788247
180,2018-01-31,24.89188896301382,15.57493152520552,30.38590144180718,24.89188896301382,24.89188896301382,-2.1274304710818868,-2.1274304710818868,-2.1274304710818868,-2.1274304710818868,-2.1274304710818868,-2.1274304710818868,0.0,0.0,0.0,22.764458491931933
181,2018-02-28,24.868008981374857,17.655835332743823,34.03670152759342,24.868008981374857,24.868008981374857,1.087379923517925,1.087379923517925,1.087379923517925,1.087379923517925,1.087379923517925,1.087379923517925,0.0,0.0,0.0,25.955388904892782
182,2018-03-31,24.841570430274583,16.76759134804621,32.03454623799041,24.841570430274583,24.841570430274583,-0.8250067375735474,-0.8250067375735474,-0.8250067375735474,-0.8250067375735474,-0.8250067375735474,-0.8250067375735474,0.0,0.0,0.0,24.016563692701034
183,2018-04-30,24.81598473566141,14.526074629150365,30.94162230082349,24.81598473566141,24.81598473566141,-2.2451786219268626,-2.2451786219268626,-2.2451786219268626,-2.2451786219268626,-2.2451786219268626,-2.2451786219268626,0.0,0.0,0.0,22.570806113734548
184,2018-05-31,24.789546184561132,15.427610132647061,31.157931404215436,24.789546184561132,24.789546184561132,-0.9912444799506566,-0.9912444799506566,-0.9912444799506566,-0.9912444799506566,-0.9912444799506566,-0.9912444799506566,0.0,0.0,0.0,23.798301704610477
185,2018-06-30,24.783924873833286,15.905156915178948,31.53532843301504,24.783924873833286,24.783924873833286,-1.059412476705847,-1.059412476705847,-1.059412476705847,-1.059412476705847,-1.059412476705847,-1.059412476705847,0.0,0.0,0.0,23.724512397127437
186,2018-07-31,24.778116186081174,15.88983748453729,31.059082007370492,24.778116186081174,24.778116186081174,-1.2018211298054788,-1.2018211298054788,-1.2018211298054788,-1.2018211298054788,-1.2018211298054788,-1.2018211298054788,0.0,0.0,0.0,23.576295056275697
187,2018-08-31,24.77230749832907,16.482982860963517,31.557694763911552,24.77230749832907,24.77230749832907,-0.6410821957693501,-0.6410821957693501,-0.6410821957693501,-0.6410821957693501,-0.6410821957693501,-0.6410821957693501,0.0,0.0,0.0,24.13122530255972
188,2018-09-30,24.76668618760122,15.579895321691211,30.880636515089602,24.76668618760122,24.76668618760122,-1.8622894308886129,-1.8622894308886129,-1.8622894308886129,-1.8622894308886129,-1.8622894308886129,-1.8622894308886129,0.0,0.0,0.0,22.904396756712607
189,2018-10-31,24.760877499849112,19.27791733663108,34.90281751458779,24.760877499849112,24.760877499849112,2.2538910681422264,2.2538910681422264,2.2538910681422264,2.2538910681422264,2.2538910681422264,2.2538910681422264,0.0,0.0,0.0,27.01476856799134
190,2018-11-30,24.755256189121265,19.103550559643217,34.557043982148436,24.755256189121265,24.755256189121265,2.160521872439006,2.160521872439006,2.160521872439006,2.160521872439006,2.160521872439006,2.160521872439006,0.0,0.0,0.0,26.91577806156027
191,2018-12-31,24.768839523029932,16.33708387734235,31.54823274717196,24.768839523029932,24.768839523029932,-0.6889776007257372,-0.6889776007257372,-0.6889776007257372,-0.6889776007257372,-0.6889776007257372,-0.6889776007257372,0.0,0.0,0.0,24.079861922304193
192,2019-01-31,24.7824228569386,14.998453955124344,30.782869076839212,24.7824228569386,24.7824228569386,-1.5677619824882343,-1.5677619824882343,-1.5677619824882343,-1.5677619824882343,-1.5677619824882343,-1.5677619824882343,0.0,0.0,0.0,23.214660874450363
193,2019-02-28,24.79469167466256,17.10406875651322,33.30146392345158,24.79469167466256,24.79469167466256,0.17169470976269213,0.17169470976269213,0.17169470976269213,0.17169470976269213,0.17169470976269213,0.17169470976269213,0.0,0.0,0.0,24.966386384425252
194,2019-03-31,24.808275008571226,16.12488239814769,30.923525549621754,24.808275008571226,24.808275008571226,-1.4336444105481227,-1.4336444105481227,-1.4336444105481227,-1.4336444105481227,-1.4336444105481227,-1.4336444105481227,0.0,0.0,0.0,23.374630598023103
195,2019-04-30,24.821420170418325,16.16756166085602,31.70640696623346,24.821420170418325,24.821420170418325,-1.4728263361953173,-1.4728263361953173,-1.4728263361953173,-1.4728263361953173,-1.4728263361953173,-1.4728263361953173,0.0,0.0,0.0,23.348593834223006
196,2019-05-31,24.83500350432699,16.498289361982,32.16385547474201,24.83500350432699,24.83500350432699,-0.7320289548712798,-0.7320289548712798,-0.7320289548712798,-0.7320289548712798,-0.7320289548712798,-0.7320289548712798,0.0,0.0,0.0,24.102974549455713
197,2019-06-30,24.848148666174087,16.061126449989576,31.68345438646183,24.848148666174087,24.848148666174087,-1.1537463281928415,-1.1537463281928415,-1.1537463281928415,-1.1537463281928415,-1.1537463281928415,-1.1537463281928415,0.0,0.0,0.0,23.694402337981245
198,2019-07-31,24.880205563078565,16.008927499950875,31.59672257734914,24.880205563078565,24.880205563078565,-1.1147920237923743,-1.1147920237923743,-1.1147920237923743,-1.1147920237923743,-1.1147920237923743,-1.1147920237923743,0.0,0.0,0.0,23.76541353928619
199,2019-08-31,24.912262459983044,16.670462618467266,32.29747410437406,24.912262459983044,24.912262459983044,-0.8058433998438647,-0.8058433998438647,-0.8058433998438647,-0.8058433998438647,-0.8058433998438647,-0.8058433998438647,0.0,0.0,0.0,24.106419060139178
200,2019-09-30,24.94328526343899,15.019001278552564,30.567537804841574,24.94328526343899,24.94328526343899,-2.1217054599413516,-2.1217054599413516,-2.1217054599413516,-2.1217054599413516,-2.1217054599413516,-2.1217054599413516,0.0,0.0,0.0,22.821579803497638
201,2019-10-31,24.97534216034347,19.273270984298883,35.478241879268005,24.97534216034347,24.97534216034347,2.168192006135508,2.168192006135508,2.168192006135508,2.168192006135508,2.168192006135508,2.168192006135508,0.0,0.0,0.0,27.14353416647898
202,2019-11-30,25.006364963799413,19.65188376310327,34.941332670834015,25.006364963799413,25.006364963799413,2.059697880195737,2.059697880195737,2.059697880195737,2.059697880195737,2.059697880195737,2.059697880195737,0.0,0.0,0.0,27.06606284399515
203,2019-12-31,25.038421860703888,17.00787952648883,33.04202575470967,25.038421860703888,25.038421860703888,-0.020788944100874954,-0.020788944100874954,-0.020788944100874954,-0.020788944100874954,-0.020788944100874954,-0.020788944100874954,0.0,0.0,0.0,25.017632916603013
204,2020-01-31,25.079350109528335,16.06750004224307,31.979958887110982,25.079350109528335,25.079350109528335,-1.0287152933459487,-1.0287152933459487,-1.0287152933459487,-1.0287152933459487,-1.0287152933459487,-1.0287152933459487,0.0,0.0,0.0,24.050634816182384
205,2020-02-29,25.117637826170565,21.170566999772184,35.98458133129853,25.117637826170565,25.117637826170565,2.878796917633739,2.878796917633739,2.878796917633739,2.878796917633739,2.878796917633739,2.878796917633739,0.0,0.0,0.0,27.996434743804304
206,2020-03-31,25.15856607499502,17.413168730564312,33.39965075566905,25.15856607499502,25.15856607499502,0.4577856512458505,0.4577856512458505,0.4577856512458505,0.4577856512458505,0.4577856512458505,0.4577856512458505,0.0,0.0,0.0,25.616351726240868
207,2020-04-30,25.198174057728355,13.177282188580318,29.116145281436125,25.198174057728355,25.198174057728355,-3.739934879882417,-3.739934879882417,-3.739934879882417,-3.739934879882417,-3.739934879882417,-3.739934879882417,0.0,0.0,0.0,21.45823917784594
208,2020-05-31,25.239102306552805,16.296607238161382,30.875550710179656,25.239102306552805,25.239102306552805,-1.531130581978531,-1.531130581978531,-1.531130581978531,-1.531130581978531,-1.531130581978531,-1.531130581978531,0.0,0.0,0.0,23.707971724574275
209,2020-06-30,25.278710289286145,16.98922396830766,31.890411917360932,25.278710289286145,25.278710289286145,-0.8905445616462792,-0.8905445616462792,-0.8905445616462792,-0.8905445616462792,-0.8905445616462792,-0.8905445616462792,0.0,0.0,0.0,24.388165727639866
210,2020-07-31,25.3196385381106,15.387675262015701,31.29951206030663,25.3196385381106,25.3196385381106,-1.3925319456413259,-1.3925319456413259,-1.3925319456413259,-1.3925319456413259,-1.3925319456413259,-1.3925319456413259,0.0,0.0,0.0,23.927106592469272
211,2020-08-31,25.360568566642623,17.131862261429422,32.60382543970183,25.360568566642623,25.360568566642623,-0.33140418416363576,-0.33140418416363576,-0.33140418416363576,-0.33140418416363576,-0.33140418416363576,-0.33140418416363576,0.0,0.0,0.0,25.02916438247899
212,2020-09-30,25.400178271673617,16.748029255635764,31.911709578140794,25.400178271673617,25.400178271673617,-1.3348668391124587,-1.3348668391124587,-1.3348668391124587,-1.3348668391124587,-1.3348668391124587,-1.3348668391124587,0.0,0.0,0.0,24.06531143256116
213,2020-10-31,25.44110830020564,19.833287645962024,35.33609571854435,25.44110830020564,25.44110830020564,2.443423499620343,2.443423499620343,2.443423499620343,2.443423499620343,2.443423499620343,2.443423499620343,0.0,0.0,0.0,27.884531799825986
214,2020-11-30,25.480718005236632,20.233059481765828,36.33807226267976,25.480718005236632,25.480718005236632,2.401000698633563,2.401000698633563,2.401000698633563,2.401000698633563,2.401000698633563,2.401000698633563,0.0,0.0,0.0,27.881718703870195
215,2020-12-31,25.52164803376866,15.836654386265762,31.46441274238643,25.52164803376866,25.52164803376866,-2.0061975186933916,-2.0061975186933916,-2.0061975186933916,-2.0061975186933916,-2.0061975186933916,-2.0061975186933916,0.0,0.0,0.0,23.51545051507527
216,2021-01-31,25.562578062300684,14.624252101227059,30.23792295808232,25.562578062300684,25.562578062300684,-2.707013840610277,-2.707013840610277,-2.707013840610277,-2.707013840610277,-2.707013840610277,-2.707013840610277,0.0,0.0,0.0,22.855564221690408
217,2021-02-28,25.59954712032961,19.790380333590015,34.74095736897929,25.59954712032961,25.59954712032961,1.9901402580907932,1.9901402580907932,1.9901402580907932,1.9901402580907932,1.9901402580907932,1.9901402580907932,0.0,0.0,0.0,27.589687378420404
218,2021-03-31,25.64047714886164,17.523660615324356,33.41531363480677,25.64047714886164,25.64047714886164,-0.19424213460655923,-0.19424213460655923,-0.19424213460655923,-0.19424213460655923,-0.19424213460655923,-0.19424213460655923,0.0,0.0,0.0,25.44623501425508
219,2021-04-30,25.68008685389263,15.212921291157352,29.898220545531725,25.68008685389263,25.68008685389263,-3.001147395273818,-3.001147395273818,-3.001147395273818,-3.001147395273818,-3.001147395273818,-3.001147395273818,0.0,0.0,0.0,22.67893945861881
220,2021-05-31,25.721016882424657,16.11597076209011,31.85036497509446,25.721016882424657,25.721016882424657,-1.257793585573209,-1.257793585573209,-1.257793585573209,-1.257793585573209,-1.257793585573209,-1.257793585573209,0.0,0.0,0.0,24.463223296851446
221,2021-06-30,25.760626587455647,16.59176310104871,32.468302518288986,25.760626587455647,25.760626587455647,-0.9716875516462785,-0.9716875516462785,-0.9716875516462785,-0.9716875516462785,-0.9716875516462785,-0.9716875516462785,0.0,0.0,0.0,24.788939035809367
222,2021-07-31,25.801556615987675,16.737856869825656,32.11205432651714,25.801556615987675,25.801556615987675,-1.2944138442647464,-1.2944138442647464,-1.2944138442647464,-1.2944138442647464,-1.2944138442647464,-1.2944138442647464,0.0,0.0,0.0,24.50714277172293
223,2021-08-31,25.8424866445197,17.705548508515736,33.1658834820407,25.8424866445197,25.8424866445197,-0.48284876489807904,-0.48284876489807904,-0.48284876489807904,-0.48284876489807904,-0.48284876489807904,-0.48284876489807904,0.0,0.0,0.0,25.35963787962162
224,2021-09-30,25.882096349550693,16.32178983129463,32.168829362084736,25.882096349550693,25.882096349550693,-1.5998784218527884,-1.5998784218527884,-1.5998784218527884,-1.5998784218527884,-1.5998784218527884,-1.5998784218527884,0.0,0.0,0.0,24.282217927697904
225,2021-10-31,25.92302637808272,20.733299817220356,36.17492439637038,25.92302637808272,25.92302637808272,2.345702049085771,2.345702049085771,2.345702049085771,2.345702049085771,2.345702049085771,2.345702049085771,0.0,0.0,0.0,28.26872842716849
226,2021-11-30,25.96263608311371,20.30228783998639,36.20327011661854,25.96263608311371,25.96263608311371,2.2742705816296125,2.2742705816296125,2.2742705816296125,2.2742705816296125,2.2742705816296125,2.2742705816296125,0.0,0.0,0.0,28.236906664743323
227,2021-12-31,26.00356611164574,16.974254864032982,32.28261733371896,26.00356611164574,26.00356611164574,-1.3510803062259706,-1.3510803062259706,-1.3510803062259706,-1.3510803062259706,-1.3510803062259706,-1.3510803062259706,0.0,0.0,0.0,24.65248580541977
228,2022-01-31,26.04449614017776,15.726848413499873,31.890002227301093,26.04449614017776,26.04449614017776,-2.1274304710780445,-2.1274304710780445,-2.1274304710780445,-2.1274304710780445,-2.1274304710780445,-2.1274304710780445,0.0,0.0,0.0,23.917065669099713
229,2022-02-28,26.08146519820669,19.39785375721591,35.22505400556447,26.08146519820669,26.08146519820669,1.0873799235175383,1.0873799235175383,1.0873799235175383,1.0873799235175383,1.0873799235175383,1.0873799235175383,0.0,0.0,0.0,27.168845121724228
230,2022-03-31,26.122395226738718,17.78035669241381,33.15381443695226,26.122395226738718,26.122395226738718,-0.8250067375739231,-0.8250067375739231,-0.8250067375739231,-0.8250067375739231,-0.8250067375739231,-0.8250067375739231,0.0,0.0,0.0,25.297388489164796
231,2022-04-30,26.162004931769708,15.920485143930328,31.679978960815298,26.162004931769708,26.162004931769708,-2.2451786219257195,-2.2451786219257195,-2.2451786219257195,-2.2451786219257195,-2.2451786219257195,-2.2451786219257195,0.0,0.0,0.0,23.916826309843987
232,2022-05-31,26.202934960301736,17.65043394806341,32.631848747491695,26.202934960301736,26.202934960301736,-0.9912444799473789,-0.9912444799473789,-0.9912444799473789,-0.9912444799473789,-0.9912444799473789,-0.9912444799473789,0.0,0.0,0.0,25.211690480354356
233,2022-06-30,26.242544665332726,17.530155432169924,33.43473955845115,26.242544665332726,26.242544665332726,-1.059412476702517,-1.059412476702517,-1.059412476702517,-1.059412476702517,-1.059412476702517,-1.059412476702517,0.0,0.0,0.0,25.18313218863021
234,2022-07-31,26.28347469386475,17.156156434871267,32.685878496058685,26.28347469386475,26.28347469386475,-1.2018211298048345,-1.2018211298048345,-1.2018211298048345,-1.2018211298048345,-1.2018211298048345,-1.2018211298048345,0.0,0.0,0.0,25.081653564059916
235,2022-08-31,26.32440472239678,17.912396972517868,33.95844912965757,26.32440472239678,26.32440472239678,-0.6410821957681739,-0.6410821957681739,-0.6410821957681739,-0.6410821957681739,-0.6410821957681739,-0.6410821957681739,0.0,0.0,0.0,25.683322526628604
236,2022-09-30,26.36401442742777,17.10726954730335,32.67641801886284,26.36401442742777,26.36401442742777,-1.862289430887877,-1.862289430887877,-1.862289430887877,-1.862289430887877,-1.862289430887877,-1.862289430887877,0.0,0.0,0.0,24.501724996539892
237,2022-10-31,26.404944455959797,21.362406143615807,36.799254193283666,26.404944455959797,26.404944455959797,2.2538910681406823,2.2538910681406823,2.2538910681406823,2.2538910681406823,2.2538910681406823,2.2538910681406823,0.0,0.0,0.0,28.65883552410048
238,2022-11-30,26.44455416099079,21.59884082119776,36.869424094396685,26.44455416099079,26.44455416099079,2.1605218724371666,2.1605218724371666,2.1605218724371666,2.1605218724371666,2.1605218724371666,2.1605218724371666,0.0,0.0,0.0,28.605076033427956
239,2022-12-31,26.485484189522815,18.0720686834547,33.89335398774836,26.485484189522815,26.485484189522815,-0.6889776007232447,-0.6889776007232447,-0.6889776007232447,-0.6889776007232447,-0.6889776007232447,-0.6889776007232447,0.0,0.0,0.0,25.79650658879957
240,2023-01-31,26.526414218054843,17.28009411139453,33.01847787615061,26.526414218054843,26.526414218054843,-1.5677619824892122,-1.5677619824892122,-1.5677619824892122,-1.5677619824892122,-1.5677619824892122,-1.5677619824892122,0.0,0.0,0.0,24.95865223556563
241,2023-02-28,26.563383276083766,18.91994599275258,34.387437566663515,26.563383276083766,26.563383276083766,0.17169470976266293,0.17169470976266293,0.17169470976266293,0.17169470976266293,0.17169470976266293,0.17169470976266293,0.0,0.0,0.0,26.735077985846427
242,2023-03-31,26.604313304615793,16.664622199971326,32.61795869695384,26.604313304615793,26.604313304615793,-1.4336444105484722,-1.4336444105484722,-1.4336444105484722,-1.4336444105484722,-1.4336444105484722,-1.4336444105484722,0.0,0.0,0.0,25.170668894067322
243,2023-04-30,26.643923009646784,17.543286754461715,32.67693975651503,26.643923009646784,26.643923009646784,-1.4728263361902074,-1.4728263361902074,-1.4728263361902074,-1.4728263361902074,-1.4728263361902074,-1.4728263361902074,0.0,0.0,0.0,25.171096673456578
244,2023-05-31,26.68485303817881,17.993994034062567,33.43671276021797,26.68485303817881,26.68485303817881,-0.732028954876325,-0.732028954876325,-0.732028954876325,-0.732028954876325,-0.732028954876325,-0.732028954876325,0.0,0.0,0.0,25.952824083302488
245,2023-06-30,26.724462743209802,17.695699190076535,33.888611478337204,26.724462743209802,26.724462743209802,-1.153746328189534,-1.153746328189534,-1.153746328189534,-1.153746328189534,-1.153746328189534,-1.153746328189534,0.0,0.0,0.0,25.570716415020268
246,2023-07-31,26.76539277174183,17.7797675056547,33.098416895116394,26.76539277174183,26.76539277174183,-1.1147920237937883,-1.1147920237937883,-1.1147920237937883,-1.1147920237937883,-1.1147920237937883,-1.1147920237937883,0.0,0.0,0.0,25.65060074794804
247,2023-08-31,26.806322800273854,18.221876825136736,33.70807454825473,26.806322800273854,26.806322800273854,-0.8058433998487239,-0.8058433998487239,-0.8058433998487239,-0.8058433998487239,-0.8058433998487239,-0.8058433998487239,0.0,0.0,0.0,26.00047940042513
248,2023-09-30,26.84593250530485,17.107016497992664,32.832757473044104,26.84593250530485,26.84593250530485,-2.121705459943667,-2.121705459943667,-2.121705459943667,-2.121705459943667,-2.121705459943667,-2.121705459943667,0.0,0.0,0.0,24.724227045361186
249,2023-10-31,26.886862533836872,21.21440405355511,36.78598142249161,26.886862533836872,26.886862533836872,2.1681920061350812,2.1681920061350812,2.1681920061350812,2.1681920061350812,2.1681920061350812,2.1681920061350812,0.0,0.0,0.0,29.055054539971955
250,2023-11-30,26.926472238867866,20.455100849942752,36.706717168452485,26.926472238867866,26.926472238867866,2.059697880198242,2.059697880198242,2.059697880198242,2.059697880198242,2.059697880198242,2.059697880198242,0.0,0.0,0.0,28.98617011906611
251,2023-12-31,26.96740226739989,18.965789066698438,34.56497277019658,26.96740226739989,26.96740226739989,-0.02078894409542904,-0.02078894409542904,-0.02078894409542904,-0.02078894409542904,-0.02078894409542904,-0.02078894409542904,0.0,0.0,0.0,26.94661332330446
252,2024-01-01,26.968722590900924,16.021449747937066,32.46109052568795,26.968722590900924,26.968722590900924,-2.6534388432262475,-2.6534388432262475,-2.6534388432262475,-2.6534388432262475,-2.6534388432262475,-2.6534388432262475,0.0,0.0,0.0,24.315283747674677
253,2024-01-02,26.970042914401958,14.011657697367687,30.046523391671023,26.970042914401958,26.970042914401958,-5.146242450493457,-5.146242450493457,-5.146242450493457,-5.146242450493457,-5.146242450493457,-5.146242450493457,0.0,0.0,0.0,21.8238004639085
254,2024-01-03,26.971363237902988,11.985352629173967,27.5063608645248,26.971363237902988,26.971363237902988,-7.445201849695273,-7.445201849695273,-7.445201849695273,-7.445201849695273,-7.445201849695273,-7.445201849695273,0.0,0.0,0.0,19.526161388207715
255,2024-01-04,26.972683561404022,10.216251950428457,25.53659926135305,26.972683561404022,26.972683561404022,-9.500925221292759,-9.500925221292759,-9.500925221292759,-9.500925221292759,-9.500925221292759,-9.500925221292759,0.0,0.0,0.0,17.471758340111265
256,2024-01-05,26.97400388490506,8.040047345097632,23.38658888918143,26.97400388490506,26.97400388490506,-11.270022010341147,-11.270022010341147,-11.270022010341147,-11.270022010341147,-11.270022010341147,-11.270022010341147,0.0,0.0,0.0,15.703981874563912
257,2024-01-06,26.975324208406093,6.236547050193437,22.107718297494333,26.975324208406093,26.975324208406093,-12.716355906970366,-12.716355906970366,-12.716355906970366,-12.716355906970366,-12.716355906970366,-12.716355906970366,0.0,0.0,0.0,14.258968301435727
258,2024-01-07,26.976644531907123,5.452027344433335,20.78200322147995,26.976644531907123,26.976644531907123,-13.812118601522968,-13.812118601522968,-13.812118601522968,-13.812118601522968,-13.812118601522968,-13.812118601522968,0.0,0.0,0.0,13.164525930384155
259,2024-01-08,26.977964855408157,5.230885567084753,20.888361940021486,26.977964855408157,26.977964855408157,-14.538691747221982,-14.538691747221982,-14.538691747221982,-14.538691747221982,-14.538691747221982,-14.538691747221982,0.0,0.0,0.0,12.439273108186175
260,2024-01-09,26.979285178909187,4.635898763695096,20.322379781167207,26.979285178909187,26.979285178909187,-14.887270011294806,-14.887270011294806,-14.887270011294806,-14.887270011294806,-14.887270011294806,-14.887270011294806,0.0,0.0,0.0,12.092015167614381
261,2024-01-10,26.980605502410228,4.132261895308203,19.512759893565168,26.980605502410228,26.980605502410228,-14.859224378414948,-14.859224378414948,-14.859224378414948,-14.859224378414948,-14.859224378414948,-14.859224378414948,0.0,0.0,0.0,12.12138112399528
262,2024-01-11,26.981925825911254,5.282356385157423,20.141432366522157,26.981925825911254,26.981925825911254,-14.466191820541114,-14.466191820541114,-14.466191820541114,-14.466191820541114,-14.466191820541114,-14.466191820541114,0.0,0.0,0.0,12.51573400537014
263,2024-01-12,26.98324614941229,5.144223754271916,20.8709518696379,26.98324614941229,26.98324614941229,-13.72988487577229,-13.72988487577229,-13.72988487577229,-13.72988487577229,-13.72988487577229,-13.72988487577229,0.0,0.0,0.0,13.253361273640001
264,2024-01-13,26.984566472913322,6.067077258570275,22.326345802886717,26.984566472913322,26.984566472913322,-12.681622382499043,-12.681622382499043,-12.681622382499043,-12.681622382499043,-12.681622382499043,-12.681622382499043,0.0,0.0,0.0,14.302944090414279
265,2024-01-14,26.985886796414356,8.275151924393326,23.693332943829777,26.985886796414356,26.985886796414356,-11.361590379330279,-11.361590379330279,-11.361590379330279,-11.361590379330279,-11.361590379330279,-11.361590379330279,0.0,0.0,0.0,15.624296417084077
266,2024-01-15,26.98720711991539,9.328208628754219,24.221686088948577,26.98720711991539,26.98720711991539,-9.817849788306837,-9.817849788306837,-9.817849788306837,-9.817849788306837,-9.817849788306837,-9.817849788306837,0.0,0.0,0.0,17.169357331608552
267,2024-01-16,26.98852744341642,10.645466091987329,26.32238119392265,26.98852744341642,26.98852744341642,-8.105114733746385,-8.105114733746385,-8.105114733746385,-8.105114733746385,-8.105114733746385,-8.105114733746385,0.0,0.0,0.0,18.883412709670033
268,2024-01-17,26.989847766917457,12.570734358345229,28.50100620242542,26.989847766917457,26.989847766917457,-6.2833320035956115,-6.2833320035956115,-6.2833320035956115,-6.2833320035956115,-6.2833320035956115,-6.2833320035956115,0.0,0.0,0.0,20.706515763321846
269,2024-01-18,26.991168090418483,14.913715761833451,30.86035898849365,26.991168090418483,26.991168090418483,-4.416098042413937,-4.416098042413937,-4.416098042413937,-4.416098042413937,-4.416098042413937,-4.416098042413937,0.0,0.0,0.0,22.575070048004548
270,2024-01-19,26.99248841391952,16.34299188133622,32.14192613417238,26.99248841391952,26.99248841391952,-2.568954801768586,-2.568954801768586,-2.568954801768586,-2.568954801768586,-2.568954801768586,-2.568954801768586,0.0,0.0,0.0,24.423533612150933
271,2024-01-20,26.993808737420554,18.41648535881455,33.98354024196073,26.993808737420554,26.993808737420554,-0.8076096166341389,-0.8076096166341389,-0.8076096166341389,-0.8076096166341389,-0.8076096166341389,-0.8076096166341389,0.0,0.0,0.0,26.186199120786416
272,2024-01-21,26.995129060921588,19.932437065375648,35.77631219570685,26.995129060921588,26.995129060921588,0.8038730921048627,0.8038730921048627,0.8038730921048627,0.8038730921048627,0.8038730921048627,0.8038730921048627,0.0,0.0,0.0,27.79900215302645
273,2024-01-22,26.99644938442262,21.493771736351434,37.580908315218174,26.99644938442262,26.99644938442262,2.2048591558282498,2.2048591558282498,2.2048591558282498,2.2048591558282498,2.2048591558282498,2.2048591558282498,0.0,0.0,0.0,29.201308540250867
274,2024-01-23,26.997769707923652,22.84291806376582,37.99967142259977,26.997769707923652,26.997769707923652,3.3398619175380997,3.3398619175380997,3.3398619175380997,3.3398619175380997,3.3398619175380997,3.3398619175380997,0.0,0.0,0.0,30.337631625461754
275,2024-01-24,26.99909003142469,23.611146927066365,38.65301514421429,26.99909003142469,26.99909003142469,4.160141666952926,4.160141666952926,4.160141666952926,4.160141666952926,4.160141666952926,4.160141666952926,0.0,0.0,0.0,31.159231698377617
