,ds,trend,yhat_lower,yhat_upper,trend_lower,trend_upper,additive_terms,additive_terms_lower,additive_terms_upper,yearly,yearly_lower,yearly_upper,multiplicative_terms,multiplicative_terms_lower,multiplicative_terms_upper,yhat
0,2018-01-31,9.673159609907833,-2.568756319383478,11.743386487090964,9.673159609907833,9.673159609907833,-4.983375661497962,-4.983375661497962,-4.983375661497962,-4.983375661497962,-4.983375661497962,-4.983375661497962,0.0,0.0,0.0,4.689783948409871
1,2018-02-28,9.707804788496023,3.9030651994086503,17.493593944532332,9.707804788496023,9.707804788496023,1.1394944776358502,1.1394944776358502,1.1394944776358502,1.1394944776358502,1.1394944776358502,1.1394944776358502,0.0,0.0,0.0,10.847299266131873
2,2018-03-31,9.746161950504376,4.678413754405029,18.502122400567433,9.746161950504376,9.746161950504376,2.3295250911276373,2.3295250911276373,2.3295250911276373,2.3295250911276373,2.3295250911276373,2.3295250911276373,0.0,0.0,0.0,12.075687041632014
3,2018-04-30,9.783281784635044,0.9772142419995855,14.429765341804984,9.783281784635044,9.783281784635044,-1.9643456772856194,-1.9643456772856194,-1.9643456772856194,-1.9643456772856194,-1.9643456772856194,-1.9643456772856194,0.0,0.0,0.0,7.818936107349424
4,2018-05-31,9.821638946570065,2.6251066798265796,16.08747969337393,9.821638946570065,9.821638946570065,-0.5356625087159718,-0.5356625087159718,-0.5356625087159718,-0.5356625087159718,-0.5356625087159718,-0.5356625087159718,0.0,0.0,0.0,9.285976437854094
5,2018-06-30,9.858758780771767,7.44594654213699,20.223716844655264,9.858758780771767,9.858758780771767,3.991575951907996,3.991575951907996,3.991575951907996,3.991575951907996,3.991575951907996,3.991575951907996,0.0,0.0,0.0,13.850334732679762
6,2018-07-31,9.897115942780195,4.303709996370711,18.084558723079077,9.897115942780195,9.897115942780195,1.4927609016673717,1.4927609016673717,1.4927609016673717,1.4927609016673717,1.4927609016673717,1.4927609016673717,0.0,0.0,0.0,11.389876844447567
7,2018-08-31,9.935473104788622,2.6546797445696346,16.4114110535844,9.935473104788622,9.935473104788622,-0.1735903720063878,-0.1735903720063878,-0.1735903720063878,-0.1735903720063878,-0.1735903720063878,-0.1735903720063878,0.0,0.0,0.0,9.761882732782235
8,2018-09-30,9.972592938992612,1.604811513808781,14.554952338861947,9.972592938992612,9.972592938992612,-1.9070592867965752,-1.9070592867965752,-1.9070592867965752,-1.9070592867965752,-1.9070592867965752,-1.9070592867965752,0.0,0.0,0.0,8.065533652196038
9,2018-10-31,10.010950101003402,2.3505609055226864,16.38087504461632,10.010950101003402,10.010950101003402,-0.7945351533314546,-0.7945351533314546,-0.7945351533314546,-0.7945351533314546,-0.7945351533314546,-0.7945351533314546,0.0,0.0,0.0,9.216414947671948
10,2018-11-30,10.048069935220417,-2.0021646624478753,11.68002178255912,10.048069935220417,10.048069935220417,-4.817490844034937,-4.817490844034937,-4.817490844034937,-4.817490844034937,-4.817490844034937,-4.817490844034937,0.0,0.0,0.0,5.230579091185479
11,2018-12-31,10.086427097244664,-0.5260252256527914,13.047502470021364,10.086427097244664,10.086427097244664,-4.151780889464238,-4.151780889464238,-4.151780889464238,-4.151780889464238,-4.151780889464238,-4.151780889464238,0.0,0.0,0.0,5.9346462077804265
12,2019-01-31,10.124784259325152,0.04967573235230169,13.265940706526777,10.124784259325152,10.124784259325152,-3.288163544620417,-3.288163544620417,-3.288163544620417,-3.288163544620417,-3.288163544620417,-3.288163544620417,0.0,0.0,0.0,6.836620714704734
13,2019-02-28,10.159429437978494,3.139092229483797,16.847379595814118,10.159429437978494,10.159429437978494,-0.14158341780712536,-0.14158341780712536,-0.14158341780712536,-0.14158341780712536,-0.14158341780712536,-0.14158341780712536,0.0,0.0,0.0,10.017846020171369
14,2019-03-31,10.197786600084326,4.463124658829471,17.9888885092279,10.197786600084326,10.197786600084326,1.2724513818199115,1.2724513818199115,1.2724513818199115,1.2724513818199115,1.2724513818199115,1.2724513818199115,0.0,0.0,0.0,11.470237981904237
15,2019-04-30,10.234906434380296,1.6508719619955898,15.6953374850508,10.234906434380296,10.234906434380296,-1.347009258726828,-1.347009258726828,-1.347009258726828,-1.347009258726828,-1.347009258726828,-1.347009258726828,0.0,0.0,0.0,8.887897175653467
16,2019-05-31,10.273263596486128,2.7026121455209844,16.2864924298417,10.273263596486128,10.273263596486128,-0.7020838078941875,-0.7020838078941875,-0.7020838078941875,-0.7020838078941875,-0.7020838078941875,-0.7020838078941875,0.0,0.0,0.0,9.571179788591941
17,2019-06-30,10.310383430376186,8.392155481532342,21.68608715037767,10.310383430376186,10.310383430376186,4.916417677247574,4.916417677247574,4.916417677247574,4.916417677247574,4.916417677247574,4.916417677247574,0.0,0.0,0.0,15.22680110762376
18,2019-07-31,10.348740592062578,5.2934593327329225,19.36967642355341,10.348740592062578,10.348740592062578,1.6420901287342746,1.6420901287342746,1.6420901287342746,1.6420901287342746,1.6420901287342746,1.6420901287342746,0.0,0.0,0.0,11.990830720796852
19,2019-08-31,10.387097753320749,2.622637372510752,15.811093837948507,10.387097753320749,10.387097753320749,-1.075311975598788,-1.075311975598788,-1.075311975598788,-1.075311975598788,-1.075311975598788,-1.075311975598788,0.0,0.0,0.0,9.31178577772196
20,2019-09-30,10.424217586796395,1.8785994965922737,16.153916856147774,10.424217586796395,10.424217586796395,-1.3150383567036499,-1.3150383567036499,-1.3150383567036499,-1.3150383567036499,-1.3150383567036499,-1.3150383567036499,0.0,0.0,0.0,9.109179230092746
21,2019-10-31,10.46257474766535,2.3311224662862906,15.74214724138904,10.46257474766535,10.46257474766535,-1.3302498251415682,-1.3302498251415682,-1.3302498251415682,-1.3302498251415682,-1.3302498251415682,-1.3302498251415682,0.0,0.0,0.0,9.132324922523782
22,2019-11-30,10.499694580764338,-1.8987840343793396,11.736980112882089,10.499694580764338,10.499694580764338,-5.478743069014559,-5.478743069014559,-5.478743069014559,-5.478743069014559,-5.478743069014559,-5.478743069014559,0.0,0.0,0.0,5.020951511749779
23,2019-12-31,10.538050768341447,0.28090823302277396,13.802929683042956,10.538050768341447,10.538050768341447,-3.491045161070791,-3.491045161070791,-3.491045161070791,-3.491045161070791,-3.491045161070791,-3.491045161070791,0.0,0.0,0.0,7.047005607270656
24,2020-01-31,10.576406955918557,2.3735544745084542,16.049000519702037,10.576406955918557,10.576406955918557,-1.613157786559455,-1.613157786559455,-1.613157786559455,-1.613157786559455,-1.613157786559455,-1.613157786559455,0.0,0.0,0.0,8.963249169359102
25,2020-02-29,10.612288550748756,7.5853022808634,21.487492359188064,10.612288550748756,10.612288550748756,3.5942132324805818,3.5942132324805818,3.5942132324805818,3.5942132324805818,3.5942132324805818,3.5942132324805818,0.0,0.0,0.0,14.206501783229339
26,2020-03-31,10.650644196021773,8.6002256310657,22.007906547937882,10.650644196021773,10.650644196021773,4.492939319658229,4.492939319658229,4.492939319658229,4.492939319658229,4.492939319658229,4.492939319658229,0.0,0.0,0.0,15.143583515680001
27,2020-04-30,10.687762562415013,1.312472265287404,13.768775108694687,10.687762562415013,10.687762562415013,-3.130475925741942,-3.130475925741942,-3.130475925741942,-3.130475925741942,-3.130475925741942,-3.130475925741942,0.0,0.0,0.0,7.557286636673071
28,2020-05-31,10.726109926091324,3.3885939186860363,17.500666793851558,10.726109926091324,10.726109926091324,-0.1645770026183795,-0.1645770026183795,-0.1645770026183795,-0.1645770026183795,-0.1645770026183795,-0.1645770026183795,0.0,0.0,0.0,10.561532923472944
29,2020-06-30,10.76322027803614,5.7123320318914885,19.241883749955864,10.76322027803614,10.76322027803614,2.1350823295854,2.1350823295854,2.1350823295854,2.1350823295854,2.1350823295854,2.1350823295854,0.0,0.0,0.0,12.89830260762154
30,2020-07-31,10.801536497902534,5.540675190492762,18.398008788904857,10.801536497902534,10.801536497902534,1.1162926549023502,1.1162926549023502,1.1162926549023502,1.1162926549023502,1.1162926549023502,1.1162926549023502,0.0,0.0,0.0,11.917829152804885
31,2020-08-31,10.839852717768926,5.3941713507181746,19.306921384855038,10.839852717768926,10.839852717768926,1.6176947347023518,1.6176947347023518,1.6176947347023518,1.6176947347023518,1.6176947347023518,1.6176947347023518,0.0,0.0,0.0,12.457547452471278
32,2020-09-30,10.876874911424476,0.7465969496087306,14.422215385461385,10.876874911424476,10.876874911424476,-3.0870057910173734,-3.0870057910173734,-3.0870057910173734,-3.0870057910173734,-3.0870057910173734,-3.0870057910173734,0.0,0.0,0.0,7.789869120407102
33,2020-10-31,10.915131178201879,4.313981398062993,18.10423268786841,10.915131178201879,10.915131178201879,0.24676358783747537,0.24676358783747537,0.24676358783747537,0.24676358783747537,0.24676358783747537,0.24676358783747537,0.0,0.0,0.0,11.161894766039355
34,2020-11-30,10.95215337185743,0.7767561500419958,14.11698773588184,10.95215337185743,10.95215337185743,-3.421427937263302,-3.421427937263302,-3.421427937263302,-3.421427937263302,-3.421427937263302,-3.421427937263302,0.0,0.0,0.0,7.530725434594127
35,2020-12-31,10.990368165537749,-1.091962514946784,12.954725363155987,10.990368165537749,10.990368165537749,-5.377480594803599,-5.377480594803599,-5.377480594803599,-5.377480594803599,-5.377480594803599,-5.377480594803599,0.0,0.0,0.0,5.61288757073415
36,2021-01-31,11.028582959218069,-3.1076475214911325,11.134405028387,11.028582959218069,11.028582959218069,-6.696735369780333,-6.696735369780333,-6.696735369780333,-6.696735369780333,-6.696735369780333,-6.696735369780333,0.0,0.0,0.0,4.331847589437736
37,2021-02-28,11.063084638548439,6.871539356006415,20.036601446583937,11.063084638548439,11.063084638548439,2.38523730964135,2.38523730964135,2.38523730964135,2.38523730964135,2.38523730964135,2.38523730964135,0.0,0.0,0.0,13.44832194818979
38,2021-03-31,11.101282926378493,7.619214195812171,20.79831747119699,11.101282926378493,11.101282926378493,3.403537103599387,3.403537103599387,3.403537103599387,3.403537103599387,3.403537103599387,3.403537103599387,0.0,0.0,0.0,14.50482002997788
39,2021-04-30,11.138211404365661,1.877466220318731,15.048102235671797,11.138211404365661,11.138211404365661,-2.558942635234016,-2.558942635234016,-2.558942635234016,-2.558942635234016,-2.558942635234016,-2.558942635234016,0.0,0.0,0.0,8.579268769131644
40,2021-05-31,11.17637083161907,3.519476410407122,17.69904630376726,11.17637083161907,11.17637083161907,-0.3565777142113048,-0.3565777142113048,-0.3565777142113048,-0.3565777142113048,-0.3565777142113048,-0.3565777142113048,0.0,0.0,0.0,10.819793117407766
41,2021-06-30,11.213226767311006,7.319395280784706,21.05247981168378,11.213226767311006,11.213226767311006,3.064076982640558,3.064076982640558,3.064076982640558,3.064076982640558,3.064076982640558,3.064076982640558,0.0,0.0,0.0,14.277303749951564
42,2021-07-31,11.251311234192677,5.4619730668613595,19.358590401476466,11.251311234192677,11.251311234192677,1.317417553483203,1.317417553483203,1.317417553483203,1.317417553483203,1.317417553483203,1.317417553483203,0.0,0.0,0.0,12.56872878767588
43,2021-08-31,11.289395701074346,5.0362045273901295,18.4560535339593,11.289395701074346,11.289395701074346,0.7243692821317009,0.7243692821317009,0.7243692821317009,0.7243692821317009,0.7243692821317009,0.7243692821317009,0.0,0.0,0.0,12.013764983206046
44,2021-09-30,11.32620394584799,1.9017591382545516,15.728064372096815,11.32620394584799,11.32620394584799,-2.4977896975806173,-2.4977896975806173,-2.4977896975806173,-2.4977896975806173,-2.4977896975806173,-2.4977896975806173,0.0,0.0,0.0,8.828414248267372
45,2021-10-31,11.364239132114088,4.325613490594839,17.48926226749202,11.364239132114088,11.364239132114088,-0.26862466838642607,-0.26862466838642607,-0.26862466838642607,-0.26862466838642607,-0.26862466838642607,-0.26862466838642607,0.0,0.0,0.0,11.095614463727662
46,2021-11-30,11.401042951774345,0.908480724179912,14.285147607466312,11.401042951774345,11.401042951774345,-4.131478162799757,-4.131478162799757,-4.131478162799757,-4.131478162799757,-4.131478162799757,-4.131478162799757,0.0,0.0,0.0,7.269564788974588
47,2021-12-31,11.439073565423278,-0.05861786800511776,13.419566504704694,11.439073565423278,11.439073565423278,-4.7809456815603575,-4.7809456815603575,-4.7809456815603575,-4.7809456815603575,-4.7809456815603575,-4.7809456815603575,0.0,0.0,0.0,6.658127883862921
48,2022-01-31,11.477030635242365,-0.7401529930499712,13.336711803902356,11.477030635242365,11.477030635242365,-4.983375661490639,-4.983375661490639,-4.983375661490639,-4.983375661490639,-4.983375661490639,-4.983375661490639,0.0,0.0,0.0,6.493654973751726
49,2022-02-28,11.511314440240247,6.2256801035651606,19.4829193634704,11.511314440240247,11.511314440240247,1.1394944776315,1.1394944776315,1.1394944776315,1.1394944776315,1.1394944776315,1.1394944776315,0.0,0.0,0.0,12.650808917871746
50,2022-03-31,11.54911729315082,6.864380250368904,20.591235810263193,11.54911729315082,11.54911729315082,2.3295250911222434,2.3295250911222434,2.3295250911222434,2.3295250911222434,2.3295250911222434,2.3295250911222434,0.0,0.0,0.0,13.878642384273064
51,2022-04-30,11.585700699193312,2.3729692386357195,16.314077621639807,11.585700699193312,11.585700699193312,-1.9643456772858907,-1.9643456772858907,-1.9643456772858907,-1.9643456772858907,-1.9643456772858907,-1.9643456772858907,0.0,0.0,0.0,9.621355021907421
52,2022-05-31,11.623503552103887,4.594405285446866,17.921916701018144,11.623503552103887,11.623503552103887,-0.5356625087148251,-0.5356625087148251,-0.5356625087148251,-0.5356625087148251,-0.5356625087148251,-0.5356625087148251,0.0,0.0,0.0,11.087841043389062
53,2022-06-30,11.660086956552169,9.076862550398458,22.636798409454443,11.660086956552169,11.660086956552169,3.99157595191813,3.99157595191813,3.99157595191813,3.99157595191813,3.99157595191813,3.99157595191813,0.0,0.0,0.0,15.6516629084703
54,2022-07-31,11.69788980781539,6.78258524672178,20.005838981137668,11.69788980781539,11.69788980781539,1.4927609016634027,1.4927609016634027,1.4927609016634027,1.4927609016634027,1.4927609016634027,1.4927609016634027,0.0,0.0,0.0,13.190650709478792
55,2022-08-31,11.735689906125645,4.881823296684617,18.45313013429673,11.735689906125645,11.735689906125645,-0.17359037200971325,-0.17359037200971325,-0.17359037200971325,-0.17359037200971325,-0.17359037200971325,-0.17359037200971325,0.0,0.0,0.0,11.562099534115932
56,2022-09-30,11.772270646425891,3.2166710509613976,16.685911452112098,11.772270646425891,11.772270646425891,-1.9070592867896055,-1.9070592867896055,-1.9070592867896055,-1.9070592867896055,-1.9070592867896055,-1.9070592867896055,0.0,0.0,0.0,9.865211359636286
57,2022-10-31,11.810070744074041,3.8788262197271623,17.923135546575026,11.810070744074041,11.810070744074041,-0.7945351533397584,-0.7945351533397584,-0.7945351533397584,-0.7945351533397584,-0.7945351533397584,-0.7945351533397584,0.0,0.0,0.0,11.015535590734283
58,2022-11-30,11.84665148373354,-0.03671072522472263,13.997934796259742,11.84665148373354,11.84665148373354,-4.817490844032092,-4.817490844032092,-4.817490844032092,-4.817490844032092,-4.817490844032092,-4.817490844032092,0.0,0.0,0.0,7.029160639701448
59,2022-12-31,11.88445158138169,1.2137972441050677,15.11660436203534,11.88445158138169,11.88445158138169,-4.151780889461668,-4.151780889461668,-4.151780889461668,-4.151780889461668,-4.151780889461668,-4.151780889461668,0.0,0.0,0.0,7.732670691920021
60,2023-01-31,11.92225167902984,1.7383478905229668,15.009120666031231,11.92225167902984,11.92225167902984,-3.288163544625042,-3.288163544625042,-3.288163544625042,-3.288163544625042,-3.288163544625042,-3.288163544625042,0.0,0.0,0.0,8.634088134404799
61,2023-02-28,11.95639370271204,4.9834763600641825,18.720130942801177,11.95639370271204,11.95639370271204,-0.14158341781044584,-0.14158341781044584,-0.14158341781044584,-0.14158341781044584,-0.14158341781044584,-0.14158341781044584,0.0,0.0,0.0,11.814810284901593
62,2023-03-31,11.99419380036019,5.984249626057864,20.030180189175105,11.99419380036019,11.99419380036019,1.272451381819148,1.272451381819148,1.272451381819148,1.272451381819148,1.272451381819148,1.272451381819148,0.0,0.0,0.0,13.266645182179339
63,2023-04-30,12.030774540019689,4.4397871141209455,17.32093722731612,12.030774540019689,12.030774540019689,-1.3470092587256521,-1.3470092587256521,-1.3470092587256521,-1.3470092587256521,-1.3470092587256521,-1.3470092587256521,0.0,0.0,0.0,10.683765281294036
64,2023-05-31,12.068574637667838,4.49627743741483,17.84421158428292,12.068574637667838,12.068574637667838,-0.702083807901965,-0.702083807901965,-0.702083807901965,-0.702083807901965,-0.702083807901965,-0.702083807901965,0.0,0.0,0.0,11.366490829765873
65,2023-06-30,12.105155377327339,10.636375562033889,23.999845276581215,12.105155377327339,12.105155377327339,4.916417677257845,4.916417677257845,4.916417677257845,4.916417677257845,4.916417677257845,4.916417677257845,0.0,0.0,0.0,17.021573054585183
66,2023-07-31,12.142955474975487,6.630787610301376,20.551665375384843,12.142955474975487,12.142955474975487,1.6420901287320941,1.6420901287320941,1.6420901287320941,1.6420901287320941,1.6420901287320941,1.6420901287320941,0.0,0.0,0.0,13.785045603707582
67,2023-08-31,12.180755572623637,3.905142736473881,17.60291945156994,12.180755572623637,12.180755572623637,-1.0753119756056966,-1.0753119756056966,-1.0753119756056966,-1.0753119756056966,-1.0753119756056966,-1.0753119756056966,0.0,0.0,0.0,11.10544359701794
68,2023-09-30,12.217336312283138,3.8083111802447696,17.454174558800712,12.217336312283138,12.217336312283138,-1.315038356701173,-1.315038356701173,-1.315038356701173,-1.315038356701173,-1.315038356701173,-1.315038356701173,0.0,0.0,0.0,10.902297955581965
69,2023-10-31,12.255136409931286,4.179381614831008,18.007988556565945,12.255136409931286,12.255136409931286,-1.3302498251406472,-1.3302498251406472,-1.3302498251406472,-1.3302498251406472,-1.3302498251406472,-1.3302498251406472,0.0,0.0,0.0,10.924886584790638
70,2023-11-30,12.291717149590786,0.1208130645032208,13.37131364437515,12.291717149590786,12.291717149590786,-5.478743069015934,-5.478743069015934,-5.478743069015934,-5.478743069015934,-5.478743069015934,-5.478743069015934,0.0,0.0,0.0,6.812974080574852
71,2023-12-31,12.329517247238936,2.316727747822121,15.564261485747311,12.329517247238936,12.329517247238936,-3.4910451610669657,-3.4910451610669657,-3.4910451610669657,-3.4910451610669657,-3.4910451610669657,-3.4910451610669657,0.0,0.0,0.0,8.83847208617197
72,2024-01-01,12.330736605227585,-0.3736010562740579,13.06017824454096,12.330736605227585,12.330736605227585,-5.940380527729957,-5.940380527729957,-5.940380527729957,-5.940380527729957,-5.940380527729957,-5.940380527729957,0.0,0.0,0.0,6.3903560774976285
73,2024-01-02,12.331955963216236,-1.855446047942813,11.267079073584512,12.331955963216236,12.331955963216236,-7.837516574997413,-7.837516574997413,-7.837516574997413,-7.837516574997413,-7.837516574997413,-7.837516574997413,0.0,0.0,0.0,4.494439388218823
74,2024-01-03,12.333175321204886,-3.281049123601233,10.083887321009696,12.333175321204886,12.333175321204886,-9.131295244469703,-9.131295244469703,-9.131295244469703,-9.131295244469703,-9.131295244469703,-9.131295244469703,0.0,0.0,0.0,3.2018800767351827
75,2024-01-04,12.334394679193535,-3.765777716322847,8.797552523973149,12.334394679193535,12.334394679193535,-9.786841757708544,-9.786841757708544,-9.786841757708544,-9.786841757708544,-9.786841757708544,-9.786841757708544,0.0,0.0,0.0,2.547552921484991
76,2024-01-05,12.335614037182186,-4.490636375017449,9.245073794831589,12.335614037182186,12.335614037182186,-9.786760865821421,-9.786760865821421,-9.786760865821421,-9.786760865821421,-9.786760865821421,-9.786760865821421,0.0,0.0,0.0,2.548853171360765
77,2024-01-06,12.336833395170835,-3.411589646176244,10.097187264247298,12.336833395170835,12.336833395170835,-9.131882599305918,-9.131882599305918,-9.131882599305918,-9.131882599305918,-9.131882599305918,-9.131882599305918,0.0,0.0,0.0,3.2049507958649173
78,2024-01-07,12.338052753159484,-2.3576515314662654,11.034001423681902,12.338052753159484,12.338052753159484,-7.841531030369435,-7.841531030369435,-7.841531030369435,-7.841531030369435,-7.841531030369435,-7.841531030369435,0.0,0.0,0.0,4.49652172279005
79,2024-01-08,12.339272111148135,-0.03529646473921258,13.274307918523737,12.339272111148135,12.339272111148135,-5.953302111335316,-5.953302111335316,-5.953302111335316,-5.953302111335316,-5.953302111335316,-5.953302111335316,0.0,0.0,0.0,6.385969999812819
80,2024-01-09,12.340491469136785,1.9847906444010817,15.673083429244087,12.340491469136785,12.340491469136785,-3.5223497340997243,-3.5223497340997243,-3.5223497340997243,-3.5223497340997243,-3.5223497340997243,-3.5223497340997243,0.0,0.0,0.0,8.81814173503706
81,2024-01-10,12.341710827125434,4.857159814803667,18.22219980548329,12.341710827125434,12.341710827125434,-0.6201924132024121,-0.6201924132024121,-0.6201924132024121,-0.6201924132024121,-0.6201924132024121,-0.6201924132024121,0.0,0.0,0.0,11.721518413923022
82,2024-01-11,12.342930185114085,7.666340162103281,22.06647136668758,12.342930185114085,12.342930185114085,2.666933932300897,2.666933932300897,2.666933932300897,2.666933932300897,2.666933932300897,2.666933932300897,0.0,0.0,0.0,15.009864117414981
83,2024-01-12,12.344149543102736,11.617884894774532,25.07195693262475,12.344149543102736,12.344149543102736,6.240139096473943,6.240139096473943,6.240139096473943,6.240139096473943,6.240139096473943,6.240139096473943,0.0,0.0,0.0,18.584288639576677
84,2024-01-13,12.345368901091385,15.109032687816102,29.38445682429447,12.345368901091385,12.345368901091385,9.990307969863506,9.990307969863506,9.990307969863506,9.990307969863506,9.990307969863506,9.990307969863506,0.0,0.0,0.0,22.33567687095489
85,2024-01-14,12.346588259080034,19.405141884061443,32.593889783139204,12.346588259080034,12.346588259080034,13.800836143631159,13.800836143631159,13.800836143631159,13.800836143631159,13.800836143631159,13.800836143631159,0.0,0.0,0.0,26.147424402711195
86,2024-01-15,12.347807617068685,23.025952429962995,37.149091581180535,12.347807617068685,12.347807617068685,17.550602797664673,17.550602797664673,17.550602797664673,17.550602797664673,17.550602797664673,17.550602797664673,0.0,0.0,0.0,29.89841041473336
87,2024-01-16,12.349026975057335,26.43001241935873,40.442630629957236,12.349026975057335,12.349026975057335,21.117104817493246,21.117104817493246,21.117104817493246,21.117104817493246,21.117104817493246,21.117104817493246,0.0,0.0,0.0,33.466131792550584
88,2024-01-17,12.350246333045986,29.832014262044716,44.039998559928705,12.350246320508186,12.350246333045986,24.37967095416787,24.37967095416787,24.37967095416787,24.37967095416787,24.37967095416787,24.37967095416787,0.0,0.0,0.0,36.72991728721386
89,2024-01-18,12.351465691034635,32.89305959070045,46.960582720204584,12.351465539261351,12.351465691034635,27.222671852221477,27.222671852221477,27.222671852221477,27.222671852221477,27.222671852221477,27.222671852221477,0.0,0.0,0.0,39.574137543256114
90,2024-01-19,12.352685049023286,35.254541143999965,49.08357291774052,12.35268470712508,12.352685049023286,29.538641026400764,29.538641026400764,29.538641026400764,29.538641026400764,29.538641026400764,29.538641026400764,0.0,0.0,0.0,41.89132607542405
91,2024-01-20,12.353904407011935,36.772264261647265,50.49292090419221,12.353903966371913,12.353904407011935,31.231223405226505,31.231223405226505,31.231223405226505,31.231223405226505,31.231223405226505,31.231223405226505,0.0,0.0,0.0,43.58512781223844
92,2024-01-21,12.355123765000585,37.550784997277255,51.28745546871032,12.355123150827433,12.355123765000585,32.217871855775456,32.217871855775456,32.217871855775456,32.217871855775456,32.217871855775456,32.217871855775456,0.0,0.0,0.0,44.57299562077604
93,2024-01-22,12.356343122989236,37.93837976252986,52.09025432917151,12.35634234564403,12.356343122989236,32.43221807481787,32.43221807481787,32.43221807481787,32.43221807481787,32.43221807481787,32.43221807481787,0.0,0.0,0.0,44.788561197807105
94,2024-01-23,12.357562480977885,37.467224909262214,51.29970784600577,12.357561426434156,12.357562569765376,31.82605222922373,31.82605222922373,31.82605222922373,31.82605222922373,31.82605222922373,31.82605222922373,0.0,0.0,0.0,44.18361471020162
95,2024-01-24,12.358781838966534,36.272844033744754,49.486350478239345,12.358780613993329,12.358782142917343,30.370855552815932,30.370855552815932,30.370855552815932,30.370855552815932,30.370855552815932,30.370855552815932,0.0,0.0,0.0,42.72963739178247
