,ds,trend,yhat_lower,yhat_upper,trend_lower,trend_upper,additive_terms,additive_terms_lower,additive_terms_upper,yearly,yearly_lower,yearly_upper,multiplicative_terms,multiplicative_terms_lower,multiplicative_terms_upper,yhat
0,2017-01-31,20.809708,23.399244728738218,42.63802099589515,20.809708,20.809708,13.07824209966881,13.07824209966881,13.07824209966881,13.07824209966881,13.07824209966881,13.07824209966881,0.0,0.0,0.0,33.887950099668814
1,2017-02-28,20.92827142917492,20.09714648370503,39.90290075023433,20.92827142917492,20.92827142917492,9.53147873755395,9.53147873755395,9.53147873755395,9.53147873755395,9.53147873755395,9.53147873755395,0.0,0.0,0.0,30.45975016672887
2,2017-03-31,21.05953808290429,14.51397657631255,35.00279413696661,21.05953808290429,21.05953808290429,4.062972478061598,4.062972478061598,4.062972478061598,4.062972478061598,4.062972478061598,4.062972478061598,0.0,0.0,0.0,25.122510560965885
3,2017-04-30,21.186570328448845,10.25573492332427,30.090487697047404,21.186570328448845,21.186570328448845,-1.233652755840998,-1.233652755840998,-1.233652755840998,-1.233652755840998,-1.233652755840998,-1.233652755840998,0.0,0.0,0.0,19.952917572607845
4,2017-05-31,21.317836982896363,10.839332870748812,30.81856465281811,21.317836982896363,21.317836982896363,-0.5792057411525809,-0.5792057411525809,-0.5792057411525809,-0.5792057411525809,-0.5792057411525809,-0.5792057411525809,0.0,0.0,0.0,20.738631241743782
5,2017-06-30,21.4448692291359,12.637294376520762,32.08540391139189,21.4448692291359,21.4448692291359,1.1335416746444038,1.1335416746444038,1.1335416746444038,1.1335416746444038,1.1335416746444038,1.1335416746444038,0.0,0.0,0.0,22.578410903780306
6,2017-07-31,21.576135882400184,11.622761133272688,31.354595922560833,21.576135882400184,21.576135882400184,-0.08475525118394951,-0.08475525118394951,-0.08475525118394951,-0.08475525118394951,-0.08475525118394951,-0.08475525118394951,0.0,0.0,0.0,21.491380631216234
7,2017-08-31,21.707402535664468,11.106273502024807,30.85172843721365,21.707402535664468,21.707402535664468,-0.9118103940330053,-0.9118103940330053,-0.9118103940330053,-0.9118103940330053,-0.9118103940330053,-0.9118103940330053,0.0,0.0,0.0,20.795592141631463
8,2017-09-30,21.83443478075893,6.195205272644354,25.63784015450349,21.83443478075893,21.83443478075893,-5.688344633582358,-5.688344633582358,-5.688344633582358,-5.688344633582358,-5.688344633582358,-5.688344633582358,0.0,0.0,0.0,16.146090147176572
9,2017-10-31,21.965701435193846,11.39160823213244,30.83245403761254,21.965701435193846,21.965701435193846,-0.6303693928765446,-0.6303693928765446,-0.6303693928765446,-0.6303693928765446,-0.6303693928765446,-0.6303693928765446,0.0,0.0,0.0,21.3353320423173
10,2017-11-30,22.092733681421183,18.54251169110115,38.42545797815903,22.092733681421183,22.092733681421183,6.515164248690074,6.515164248690074,6.515164248690074,6.515164248690074,6.515164248690074,6.515164248690074,0.0,0.0,0.0,28.607897930111257
11,2017-12-31,22.2240003358561,23.20782482494716,43.48501617260556,22.2240003358561,22.2240003358561,11.290589756741598,11.290589756741598,11.290589756741598,11.290589756741598,11.290589756741598,11.290589756741598,0.0,0.0,0.0,33.5145900925977
12,2018-01-31,22.35526699054336,20.987119772010043,40.598144778146,22.35526699054336,22.35526699054336,8.770336506657427,8.770336506657427,8.770336506657427,8.770336506657427,8.770336506657427,8.770336506657427,0.0,0.0,0.0,31.125603497200785
13,2018-02-28,22.473830420583464,24.644173799564157,43.328305756497876,22.473830420583464,22.473830420583464,11.227183451530989,11.227183451530989,11.227183451530989,11.227183451530989,11.227183451530989,11.227183451530989,0.0,0.0,0.0,33.70101387211445
14,2018-03-31,22.60509707675743,17.261498229056013,37.25944247107796,22.60509707675743,22.60509707675743,4.527222900578032,4.527222900578032,4.527222900578032,4.527222900578032,4.527222900578032,4.527222900578032,0.0,0.0,0.0,27.132319977335463
15,2018-04-30,22.732129324667714,12.230332547428516,31.436674080323687,22.732129324667714,22.732129324667714,-1.2211692724126526,-1.2211692724126526,-1.2211692724126526,-1.2211692724126526,-1.2211692724126526,-1.2211692724126526,0.0,0.0,0.0,21.51096005225506
16,2018-05-31,22.863395980841677,12.277802770183001,31.772185832160222,22.863395980841677,22.863395980841677,-0.7007555644401138,-0.7007555644401138,-0.7007555644401138,-0.7007555644401138,-0.7007555644401138,-0.7007555644401138,0.0,0.0,0.0,22.162640416401562
17,2018-06-30,22.99042822953143,16.048580983883657,35.917295022107034,22.99042822953143,22.99042822953143,2.941533297918798,2.941533297918798,2.941533297918798,2.941533297918798,2.941533297918798,2.941533297918798,0.0,0.0,0.0,25.93196152745023
18,2018-07-31,23.121694886510845,12.871759359873906,33.01429674207141,23.121694886510845,23.121694886510845,-0.238325684538398,-0.238325684538398,-0.238325684538398,-0.238325684538398,-0.238325684538398,-0.238325684538398,0.0,0.0,0.0,22.883369201972446
19,2018-08-31,23.252961544954932,9.573770795004382,28.793857364060404,23.252961544954932,23.252961544954932,-3.6240373381709605,-3.6240373381709605,-3.6240373381709605,-3.6240373381709605,-3.6240373381709605,-3.6240373381709605,0.0,0.0,0.0,19.62892420678397
20,2018-09-30,23.379993795062113,7.209440869508844,27.260949753209456,23.379993795062113,23.379993795062113,-6.692297036447291,-6.692297036447291,-6.692297036447291,-6.692297036447291,-6.692297036447291,-6.692297036447291,0.0,0.0,0.0,16.68769675861482
21,2018-10-31,23.5112604535062,14.895116840567812,33.884358690654246,23.5112604535062,23.5112604535062,0.9463657948585361,0.9463657948585361,0.9463657948585361,0.9463657948585361,0.9463657948585361,0.9463657948585361,0.0,0.0,0.0,24.457626248364736
22,2018-11-30,23.638292703667915,22.452947303781983,42.35060361950829,23.638292703667915,23.638292703667915,9.2881142024568,9.2881142024568,9.2881142024568,9.2881142024568,9.2881142024568,9.2881142024568,0.0,0.0,0.0,32.92640690612471
23,2018-12-31,23.76955936216835,24.783979472116638,45.697801857308875,23.76955936216835,23.76955936216835,11.601273822100655,11.601273822100655,11.601273822100655,11.601273822100655,11.601273822100655,11.601273822100655,0.0,0.0,0.0,35.370833184269
24,2019-01-31,23.900826020668788,18.096452884527825,38.10815711735621,23.900826020668788,23.900826020668788,4.451489169462679,4.451489169462679,4.451489169462679,4.451489169462679,4.451489169462679,4.451489169462679,0.0,0.0,0.0,28.352315190131467
25,2019-02-28,24.019389455358997,26.631138391505868,47.21909404715073,24.019389455358997,24.019389455358997,12.981361853199182,12.981361853199182,12.981361853199182,12.981361853199182,12.981361853199182,12.981361853199182,0.0,0.0,0.0,37.00075130855818
26,2019-03-31,24.150656115194582,19.04686012981279,38.33917669304357,24.150656115194582,24.150656115194582,4.991508333296645,4.991508333296645,4.991508333296645,4.991508333296645,4.991508333296645,4.991508333296645,0.0,0.0,0.0,29.14216444849123
27,2019-04-30,24.277688366887414,13.636405906579471,32.83973944211595,24.277688366887414,24.277688366887414,-1.2086025340762134,-1.2086025340762134,-1.2086025340762134,-1.2086025340762134,-1.2086025340762134,-1.2086025340762134,0.0,0.0,0.0,23.0690858328112
28,2019-05-31,24.408955026970013,13.496384071721778,33.37073776156875,24.408955026970013,24.408955026970013,-0.8058518346555726,-0.8058518346555726,-0.8058518346555726,-0.8058518346555726,-0.8058518346555726,-0.8058518346555726,0.0,0.0,0.0,23.60310319231444
29,2019-06-30,24.535987278662844,20.223757336361317,39.5189116061695,24.535987278662844,24.535987278662844,4.72627013854612,4.72627013854612,4.72627013854612,4.72627013854612,4.72627013854612,4.72627013854612,0.0,0.0,0.0,29.262257417208964
30,2019-07-31,24.66725394042362,14.147057260358624,33.998622892416,24.66725394042362,24.66725394042362,-0.461399045830549,-0.461399045830549,-0.461399045830549,-0.461399045830549,-0.461399045830549,-0.461399045830549,0.0,0.0,0.0,24.20585489459307
31,2019-08-31,24.7985206021844,8.784921970523202,28.805934696907478,24.7985206021844,24.7985206021844,-6.3466765909012,-6.3466765909012,-6.3466765909012,-6.3466765909012,-6.3466765909012,-6.3466765909012,0.0,0.0,0.0,18.4518440112832
32,2019-09-30,24.925552855501277,8.055905201502846,26.862507198685016,24.925552855501277,24.925552855501277,-7.616703262994994,-7.616703262994994,-7.616703262994994,-7.616703262994994,-7.616703262994994,-7.616703262994994,0.0,0.0,0.0,17.308849592506284
33,2019-10-31,25.05681953126683,17.91876887989058,36.85341984990925,25.05681953126683,25.05681953126683,2.588834864490725,2.588834864490725,2.588834864490725,2.588834864490725,2.588834864490725,2.588834864490725,0.0,0.0,0.0,27.645654395757553
34,2019-11-30,25.183851798136715,27.32254318192418,46.91715681180533,25.183851798136715,25.183851798136715,12.023685161812885,12.023685161812885,12.023685161812885,12.023685161812885,12.023685161812885,12.023685161812885,0.0,0.0,0.0,37.2075369599496
35,2019-12-31,25.31529045836642,27.141814558586592,46.370128740558556,25.31529045836642,25.31529045836642,11.803313134729692,11.803313134729692,11.803313134729692,11.803313134729692,11.803313134729692,11.803313134729692,0.0,0.0,0.0,37.11860359309611
36,2020-01-31,25.446729118596128,15.679849531589648,35.317884589157224,25.446729118596128,25.446729118596128,0.12649075353363426,0.12649075353363426,0.12649075353363426,0.12649075353363426,0.12649075353363426,0.12649075353363426,0.0,0.0,0.0,25.573219872129762
37,2020-02-29,25.569687865262626,23.710454506037433,43.21572924280556,25.569687865262626,25.569687865262626,7.895323479360258,7.895323479360258,7.895323479360258,7.895323479360258,7.895323479360258,7.895323479360258,0.0,0.0,0.0,33.46501134462288
38,2020-03-31,25.701158382232478,19.88170172795709,39.051999212094124,25.701158382232478,25.701158382232478,3.599636264514828,3.599636264514828,3.599636264514828,3.599636264514828,3.599636264514828,3.599636264514828,0.0,0.0,0.0,29.300794646747306
39,2020-04-30,25.828387914783946,14.720818685362344,34.446642969099805,25.828387914783946,25.828387914783946,-1.2457955116974808,-1.2457955116974808,-1.2457955116974808,-1.2457955116974808,-1.2457955116974808,-1.2457955116974808,0.0,0.0,0.0,24.582592403086466
40,2020-05-31,25.9598584317538,15.16544019220601,35.232184430015614,25.9598584317538,25.9598584317538,-0.4407062337840356,-0.4407062337840356,-0.4407062337840356,-0.4407062337840356,-0.4407062337840356,-0.4407062337840356,0.0,0.0,0.0,25.519152197969767
41,2020-06-30,26.087161839168637,15.8843916872209,35.68681139213081,26.087161839168637,26.087161839168637,-0.6957035549483132,-0.6957035549483132,-0.6957035549483132,-0.6957035549483132,-0.6957035549483132,-0.6957035549483132,0.0,0.0,0.0,25.391458284220324
42,2020-07-31,26.218708693497298,16.447699050061036,35.274167072987204,26.218708693497298,26.218708693497298,-0.0012828085825542783,-0.0012828085825542783,-0.0012828085825542783,-0.0012828085825542783,-0.0012828085825542783,-0.0012828085825542783,0.0,0.0,0.0,26.217425884914743
43,2020-08-31,26.350262782148103,18.397859014393195,38.58765584762396,26.350262782148103,26.350262782148103,1.7863424432638777,1.7863424432638777,1.7863424432638777,1.7863424432638777,1.7863424432638777,1.7863424432638777,0.0,0.0,0.0,28.13660522541198
44,2020-09-30,26.477573190519852,11.693075240522374,31.464985063886935,26.477573190519852,26.477573190519852,-4.606237480426893,-4.606237480426893,-4.606237480426893,-4.606237480426893,-4.606237480426893,-4.606237480426893,0.0,0.0,0.0,21.871335710092957
45,2020-10-31,26.609127279170654,15.349949530052799,34.54279859474732,26.609127279170654,26.609127279170654,-2.138900084018483,-2.138900084018483,-2.138900084018483,-2.138900084018483,-2.138900084018483,-2.138900084018483,0.0,0.0,0.0,24.47022719515217
46,2020-11-30,26.736641412160225,21.078372746978733,39.97919596549505,26.736641412160225,26.736641412160225,3.7087365995874775,3.7087365995874775,3.7087365995874775,3.7087365995874775,3.7087365995874775,3.7087365995874775,0.0,0.0,0.0,30.445378011747703
47,2020-12-31,26.86840601624944,27.579270855781832,47.64487194582059,26.86840601624944,26.86840601624944,10.871256687848463,10.871256687848463,10.871256687848463,10.871256687848463,10.871256687848463,10.871256687848463,0.0,0.0,0.0,37.7396627040979
48,2021-01-31,27.000170620338668,30.213062528252447,50.722437027471315,27.000170620338668,27.000170620338668,13.07824209966102,13.07824209966102,13.07824209966102,13.07824209966102,13.07824209966102,13.07824209966102,0.0,0.0,0.0,40.07841271999969
49,2021-02-28,27.11918441237078,26.63743377582661,46.89790415736687,27.11918441237078,27.11918441237078,9.531478737558245,9.531478737558245,9.531478737558245,9.531478737558245,9.531478737558245,9.531478737558245,0.0,0.0,0.0,36.65066314992903
50,2021-03-31,27.250949682120627,21.659966668712936,41.04304847771992,27.250949682120627,27.250949682120627,4.062972478051098,4.062972478051098,4.062972478051098,4.062972478051098,4.062972478051098,4.062972478051098,0.0,0.0,0.0,31.313922160171725
51,2021-04-30,27.378481115111757,16.72655278490465,36.41177634335271,27.378481115111757,27.378481115111757,-1.2336527558571198,-1.2336527558571198,-1.2336527558571198,-1.2336527558571198,-1.2336527558571198,-1.2336527558571198,0.0,0.0,0.0,26.14482835925464
52,2021-05-31,27.510263595869255,17.576117484773153,36.80424553393063,27.510263595869255,27.510263595869255,-0.5792057411673694,-0.5792057411673694,-0.5792057411673694,-0.5792057411673694,-0.5792057411673694,-0.5792057411673694,0.0,0.0,0.0,26.931057854701884
53,2021-06-30,27.637795028860385,18.376410988529166,38.27150616648168,27.637795028860385,27.637795028860385,1.1335416746555451,1.1335416746555451,1.1335416746555451,1.1335416746555451,1.1335416746555451,1.1335416746555451,0.0,0.0,0.0,28.77133670351593
54,2021-07-31,27.76957751030727,18.197561449202507,37.78241019461706,27.76957751030727,27.76957751030727,-0.08475525117454591,-0.08475525117454591,-0.08475525117454591,-0.08475525117454591,-0.08475525117454591,-0.08475525117454591,0.0,0.0,0.0,27.684822259132723
55,2021-08-31,27.901359991754163,16.832961322272396,37.45342799430807,27.901359991754163,27.901359991754163,-0.9118103940154972,-0.9118103940154972,-0.9118103940154972,-0.9118103940154972,-0.9118103940154972,-0.9118103940154972,0.0,0.0,0.0,26.989549597738666
56,2021-09-30,28.02889142681515,12.015732063618898,31.681406042974064,28.02889142681515,28.02889142681515,-5.688344633586902,-5.688344633586902,-5.688344633586902,-5.688344633586902,-5.688344633586902,-5.688344633586902,0.0,0.0,0.0,22.34054679322825
57,2021-10-31,28.160673909711505,17.14646478771263,36.606340436465175,28.160673909711505,28.160673909711505,-0.6303693928848554,-0.6303693928848554,-0.6303693928848554,-0.6303693928848554,-0.6303693928848554,-0.6303693928848554,0.0,0.0,0.0,27.53030451682665
58,2021-11-30,28.288205344772493,25.824148012475852,45.15251822231065,28.288205344772493,28.288205344772493,6.515164248694943,6.515164248694943,6.515164248694943,6.515164248694943,6.515164248694943,6.515164248694943,0.0,0.0,0.0,34.80336959346744
59,2021-12-31,28.41998782740287,29.971530289584855,49.15384525539817,28.41998782740287,28.41998782740287,11.290589756737482,11.290589756737482,11.290589756737482,11.290589756737482,11.290589756737482,11.290589756737482,0.0,0.0,0.0,39.71057758414035
60,2022-01-31,28.551770310033252,27.328199536146432,47.031311420860774,28.551770310033252,28.551770310033252,8.770336506645146,8.770336506645146,8.770336506645146,8.770336506645146,8.770336506645146,8.770336506645146,0.0,0.0,0.0,37.3221068166784
61,2022-02-28,28.670799649183273,30.45638918533433,49.191312499850376,28.670799649183273,28.670799649183273,11.227183451510998,11.227183451510998,11.227183451510998,11.227183451510998,11.227183451510998,11.227183451510998,0.0,0.0,0.0,39.89798310069427
62,2022-03-31,28.80258213225668,23.259492054228893,42.696320156675355,28.80258213225668,28.80258213225668,4.5272229005824265,4.5272229005824265,4.5272229005824265,4.5272229005824265,4.5272229005824265,4.5272229005824265,0.0,0.0,0.0,33.329805032839104
63,2022-04-30,28.930113567489013,17.58874277233033,36.92060670992538,28.930113567489013,28.930113567489013,-1.2211692724164664,-1.2211692724164664,-1.2211692724164664,-1.2211692724164664,-1.2211692724164664,-1.2211692724164664,0.0,0.0,0.0,27.708944295072545
64,2022-05-31,29.06189605020887,18.586186213841778,38.6986621437909,29.06189605020887,29.06189605020887,-0.7007555644253208,-0.7007555644253208,-0.7007555644253208,-0.7007555644253208,-0.7007555644253208,-0.7007555644253208,0.0,0.0,0.0,28.361140485783547
65,2022-06-30,29.18942748509905,22.26195115230417,42.54210305507343,29.18942748509905,29.18942748509905,2.9415332979161737,2.9415332979161737,2.9415332979161737,2.9415332979161737,2.9415332979161737,2.9415332979161737,0.0,0.0,0.0,32.130960783015226
66,2022-07-31,29.321209967818902,19.166370624152357,39.18464401048743,29.321209967818902,29.321209967818902,-0.23832568452506628,-0.23832568452506628,-0.23832568452506628,-0.23832568452506628,-0.23832568452506628,-0.23832568452506628,0.0,0.0,0.0,29.082884283293836
67,2022-08-31,29.45299245154107,15.969985949815168,35.63689617543655,29.45299245154107,29.45299245154107,-3.6240373381714397,-3.6240373381714397,-3.6240373381714397,-3.6240373381714397,-3.6240373381714397,-3.6240373381714397,0.0,0.0,0.0,25.82895511336963
68,2022-09-30,29.580523887401228,12.130859388073072,32.65549727385321,29.580523887401228,29.580523887401228,-6.692297036453896,-6.692297036453896,-6.692297036453896,-6.692297036453896,-6.692297036453896,-6.692297036453896,0.0,0.0,0.0,22.888226850947333
69,2022-10-31,29.712306371123397,20.517983701553465,40.516773426816194,29.712306371123397,29.712306371123397,0.9463657948663032,0.9463657948663032,0.9463657948663032,0.9463657948663032,0.9463657948663032,0.9463657948663032,0.0,0.0,0.0,30.6586721659897
70,2022-11-30,29.839837806983557,28.672407095602324,48.04022671459761,29.839837806983557,29.839837806983557,9.288114202436965,9.288114202436965,9.288114202436965,9.288114202436965,9.288114202436965,9.288114202436965,0.0,0.0,0.0,39.127952009420525
71,2022-12-31,29.97162029070572,31.685549610491446,50.845440370859556,29.97162029070572,29.97162029070572,11.601273822103149,11.601273822103149,11.601273822103149,11.601273822103149,11.601273822103149,11.601273822103149,0.0,0.0,0.0,41.57289411280887
72,2023-01-31,30.10340277442789,25.182954621027534,44.038813627896644,30.10340277442789,30.10340277442789,4.4514891694731205,4.4514891694731205,4.4514891694731205,4.4514891694731205,4.4514891694731205,4.4514891694731205,0.0,0.0,0.0,34.55489194390101
73,2023-02-28,30.22243211456404,32.989825286714975,52.96704032001048,30.22243211456404,30.22243211456404,12.981361853195247,12.981361853195247,12.981361853195247,12.981361853195247,12.981361853195247,12.981361853195247,0.0,0.0,0.0,43.20379396775929
74,2023-03-31,30.3542145982862,25.901741036481535,45.56864026315516,30.3542145982862,30.3542145982862,4.99150833331717,4.99150833331717,4.99150833331717,4.99150833331717,4.99150833331717,4.99150833331717,0.0,0.0,0.0,35.34572293160337
75,2023-04-30,30.48174603414637,19.48693522490864,38.86209519496892,30.48174603414637,30.48174603414637,-1.2086025340814637,-1.2086025340814637,-1.2086025340814637,-1.2086025340814637,-1.2086025340814637,-1.2086025340814637,0.0,0.0,0.0,29.273143500064904
76,2023-05-31,30.61352851786853,20.116945973290512,39.208907988228354,30.61352851786853,30.61352851786853,-0.8058518346634711,-0.8058518346634711,-0.8058518346634711,-0.8058518346634711,-0.8058518346634711,-0.8058518346634711,0.0,0.0,0.0,29.80767668320506
77,2023-06-30,30.741059953728694,25.705179180249708,45.874473989321295,30.741059953728694,30.741059953728694,4.726270138542819,4.726270138542819,4.726270138542819,4.726270138542819,4.726270138542819,4.726270138542819,0.0,0.0,0.0,35.46733009227151
78,2023-07-31,30.87284243745086,20.751468118431575,40.79163233095652,30.87284243745086,30.87284243745086,-0.4613990458258964,-0.4613990458258964,-0.4613990458258964,-0.4613990458258964,-0.4613990458258964,-0.4613990458258964,0.0,0.0,0.0,30.411443391624964
79,2023-08-31,31.004624921173022,15.192938170668885,34.04225657982078,31.004624921173022,31.004624921173022,-6.3466765909051235,-6.3466765909051235,-6.3466765909051235,-6.3466765909051235,-6.3466765909051235,-6.3466765909051235,0.0,0.0,0.0,24.6579483302679
80,2023-09-30,31.132156357033185,14.105740617908955,33.71833933139515,31.132156357033185,31.132156357033185,-7.616703262999665,-7.616703262999665,-7.616703262999665,-7.616703262999665,-7.616703262999665,-7.616703262999665,0.0,0.0,0.0,23.51545309403352
81,2023-10-31,31.26393884075535,24.264208037962884,43.02675625199309,31.26393884075535,31.26393884075535,2.58883486449465,2.58883486449465,2.58883486449465,2.58883486449465,2.58883486449465,2.58883486449465,0.0,0.0,0.0,33.85277370525
82,2023-11-30,31.39147027661551,32.993167406569334,52.44064839986522,31.39147027661551,31.39147027661551,12.02368516182281,12.02368516182281,12.02368516182281,12.02368516182281,12.02368516182281,12.02368516182281,0.0,0.0,0.0,43.41515543843832
83,2023-12-31,31.52325276033768,33.639969652327196,52.80974120277194,31.52325276033768,31.52325276033768,11.803313134720693,11.803313134720693,11.803313134720693,11.803313134720693,11.803313134720693,11.803313134720693,0.0,0.0,0.0,43.32656589505837
84,2024-01-01,31.527503808199683,31.751998596761876,51.49097916951859,31.527503808199683,31.527503808199683,10.343456815455907,10.343456815455907,10.343456815455907,10.343456815455907,10.343456815455907,10.343456815455907,0.0,0.0,0.0,41.87096062365559
85,2024-01-02,31.53175485606169,29.173191514128135,48.492263159194906,31.53175485606169,31.53175485606169,7.157751068215354,7.157751068215354,7.157751068215354,7.157751068215354,7.157751068215354,7.157751068215354,0.0,0.0,0.0,38.68950592427704
86,2024-01-03,31.536005903923694,25.006112531654324,44.24911508796202,31.536005903923694,31.536005903923694,2.299372022708579,2.299372022708579,2.299372022708579,2.299372022708579,2.299372022708579,2.299372022708579,0.0,0.0,0.0,33.835377926632276
87,2024-01-04,31.540256951785697,17.723746415111616,37.54292283687296,31.540256951785697,31.540256951785697,-4.132115165636371,-4.132115165636371,-4.132115165636371,-4.132115165636371,-4.132115165636371,-4.132115165636371,0.0,0.0,0.0,27.408141786149326
88,2024-01-05,31.544507999647703,10.240652639485988,29.883403311691424,31.544507999647703,31.544507999647703,-11.993042179070368,-11.993042179070368,-11.993042179070368,-11.993042179070368,-11.993042179070368,-11.993042179070368,0.0,0.0,0.0,19.551465820577334
89,2024-01-06,31.548759047509712,0.46133356910015855,19.857974894023783,31.548759047509712,31.548759047509712,-21.099074216487317,-21.099074216487317,-21.099074216487317,-21.099074216487317,-21.099074216487317,-21.099074216487317,0.0,0.0,0.0,10.449684831022395
90,2024-01-07,31.553010095371715,-9.367545412799172,10.041165376891039,31.553010095371715,31.553010095371715,-31.229706779120974,-31.229706779120974,-31.229706779120974,-31.229706779120974,-31.229706779120974,-31.229706779120974,0.0,0.0,0.0,0.3233033162507404
91,2024-01-08,31.557261143233724,-20.238151902764255,-1.1642071033979058,31.557261143233724,31.557261143233724,-42.13370414235041,-42.13370414235041,-42.13370414235041,-42.13370414235041,-42.13370414235041,-42.13370414235041,0.0,0.0,0.0,-10.576442999116686
92,2024-01-09,31.561512191095726,-30.437862140864606,-12.155682958949644,31.561512191095726,31.561512191095726,-53.5353366562435,-53.5353366562435,-53.5353366562435,-53.5353366562435,-53.5353366562435,-53.5353366562435,0.0,0.0,0.0,-21.973824465147775
93,2024-01-10,31.565763238957732,-43.12988579632789,-24.15675849190453,31.565763238957732,31.565763238957732,-65.14125350263689,-65.14125350263689,-65.14125350263689,-65.14125350263689,-65.14125350263689,-65.14125350263689,0.0,0.0,0.0,-33.57549026367916
94,2024-01-11,31.570014286819738,-55.09993473294157,-35.30999551960435,31.570014286819738,31.570014286819738,-76.64781146990532,-76.64781146990532,-76.64781146990532,-76.64781146990532,-76.64781146990532,-76.64781146990532,0.0,0.0,0.0,-45.07779718308558
95,2024-01-12,31.57426533468174,-67.05868199326024,-46.23333264661598,31.57426533468174,31.57426533468174,-87.74866909873,-87.74866909873,-87.74866909873,-87.74866909873,-87.74866909873,-87.74866909873,0.0,0.0,0.0,-56.174403764048265
96,2024-01-13,31.578516382543746,-76.06558876560497,-56.83664679054866,31.578516382543746,31.578516382543746,-98.14244947299314,-98.14244947299314,-98.14244947299314,-98.14244947299314,-98.14244947299314,-98.14244947299314,0.0,0.0,0.0,-66.56393309044938
97,2024-01-14,31.58276743040575,-85.43399305612715,-65.58700243863056,31.58276743040575,31.58276743040575,-107.54027411015123,-107.54027411015123,-107.54027411015123,-107.54027411015123,-107.54027411015123,-107.54027411015123,0.0,0.0,0.0,-75.95750667974548
98,2024-01-15,31.58701847826776,-94.39870616779477,-74.56080948955383,31.58701847826776,31.58701847826776,-115.67297483493445,-115.67297483493445,-115.67297483493445,-115.67297483493445,-115.67297483493445,-115.67297483493445,0.0,0.0,0.0,-84.08595635666668
99,2024-01-16,31.591269526129764,-100.46366642226441,-81.29982100097709,31.591269526129764,31.591269526129764,-122.29780003777175,-122.29780003777175,-122.29780003777175,-122.29780003777175,-122.29780003777175,-122.29780003777175,0.0,0.0,0.0,-90.70653051164199
100,2024-01-17,31.59552057399177,-105.37783571773,-86.29711533585186,31.59552057399177,31.59552057399177,-127.2044460380439,-127.2044460380439,-127.2044460380439,-127.2044460380439,-127.2044460380439,-127.2044460380439,0.0,0.0,0.0,-95.60892546405213
101,2024-01-18,31.599771621853776,-108.0893021696867,-89.55853535702578,31.599771621853776,31.599771621853776,-130.22026296736664,-130.22026296736664,-130.22026296736664,-130.22026296736664,-130.22026296736664,-130.22026296736664,0.0,0.0,0.0,-98.62049134551286
102,2024-01-19,31.604022669715782,-108.81247914966843,-89.56592031180425,31.604022669715782,31.604022669715782,-131.21450712216551,-131.21450712216551,-131.21450712216551,-131.21450712216551,-131.21450712216551,-131.21450712216551,0.0,0.0,0.0,-99.61048445244973
103,2024-01-20,31.608273717577784,-108.24838451339858,-89.01985081054043,31.608273717577784,31.608273717577784,-130.10153747612287,-130.10153747612287,-130.10153747612287,-130.10153747612287,-130.10153747612287,-130.10153747612287,0.0,0.0,0.0,-98.49326375854508
104,2024-01-21,31.61252476543979,-104.99091344870878,-85.31987569180879,31.61252476543979,31.61252476543979,-126.84288226591072,-126.84288226591072,-126.84288226591072,-126.84288226591072,-126.84288226591072,-126.84288226591072,0.0,0.0,0.0,-95.23035750047093
105,2024-01-22,31.616775813301793,-98.92465888902936,-79.7992916451585,31.616775813301793,31.616775813301793,-121.44813149562798,-121.44813149562798,-121.44813149562798,-121.44813149562798,-121.44813149562798,-121.44813149562798,0.0,0.0,0.0,-89.83135568232618
106,2024-01-23,31.6210268611638,-92.18696291782493,-71.99804788762069,31.621026727127035,31.6210268611638,-113.97464202361896,-113.97464202361896,-113.97464202361896,-113.97464202361896,-113.97464202361896,-113.97464202361896,0.0,0.0,0.0,-82.35361516245516
107,2024-01-24,31.625277909025808,-82.24025436623539,-63.52305445077792,31.625277603314117,31.62527796910798,-104.52607276446182,-104.52607276446182,-104.52607276446182,-104.52607276446182,-104.52607276446182,-104.52607276446182,0.0,0.0,0.0,-72.900794855436
