,ds,trend,yhat_lower,yhat_upper,trend_lower,trend_upper,additive_terms,additive_terms_lower,additive_terms_upper,yearly,yearly_lower,yearly_upper,multiplicative_terms,multiplicative_terms_lower,multiplicative_terms_upper,yhat
0,2015-12-31,27.1024575,26.982573975075102,41.821273504929756,27.1024575,27.1024575,7.326394362087806,7.326394362087806,7.326394362087806,7.326394362087806,7.326394362087806,7.326394362087806,0.0,0.0,0.0,34.428851862087804
1,2016-01-31,27.098010024368584,17.026726343930335,32.141228230082355,27.098010024368584,27.098010024368584,-2.4415408427081986,-2.4415408427081986,-2.4415408427081986,-2.4415408427081986,-2.4415408427081986,-2.4415408427081986,0.0,0.0,0.0,24.656469181660384
2,2016-02-29,27.09384948264887,27.33657839614558,41.80696596164827,27.09384948264887,27.09384948264887,7.554718410813094,7.554718410813094,7.554718410813094,7.554718410813094,7.554718410813094,7.554718410813094,0.0,0.0,0.0,34.648567893461966
3,2016-03-31,27.08940200701745,20.886353874071204,35.76798269648379,27.08940200701745,27.08940200701745,1.480693821980023,1.480693821980023,1.480693821980023,1.480693821980023,1.480693821980023,1.480693821980023,0.0,0.0,0.0,28.570095828997474
4,2016-04-30,27.085097998454863,18.0825264809707,32.882893822927144,27.085097998454863,27.085097998454863,-1.5779248581648881,-1.5779248581648881,-1.5779248581648881,-1.5779248581648881,-1.5779248581648881,-1.5779248581648881,0.0,0.0,0.0,25.507173140289975
5,2016-05-31,27.08065052294019,16.44472108820165,32.31165717357384,27.08065052294019,27.08065052294019,-3.066093020480638,-3.066093020480638,-3.066093020480638,-3.066093020480638,-3.066093020480638,-3.066093020480638,0.0,0.0,0.0,24.014557502459553
6,2016-06-30,27.0763465143776,18.98807681224811,33.8852100811923,27.0763465143776,27.0763465143776,-0.4940468154837957,-0.4940468154837957,-0.4940468154837957,-0.4940468154837957,-0.4940468154837957,-0.4940468154837957,0.0,0.0,0.0,26.582299698893806
7,2016-07-31,27.071899039092905,19.45204199828972,34.62608126345546,27.071899039092905,27.071899039092905,-0.3576892174959596,-0.3576892174959596,-0.3576892174959596,-0.3576892174959596,-0.3576892174959596,-0.3576892174959596,0.0,0.0,0.0,26.714209821596945
8,2016-08-31,27.06745156380821,17.537936465067943,33.2822866685952,27.06745156380821,27.06745156380821,-2.156810589201089,-2.156810589201089,-2.156810589201089,-2.156810589201089,-2.156810589201089,-2.156810589201089,0.0,0.0,0.0,24.91064097460712
9,2016-09-30,27.063147555468184,16.853585667776965,32.2133885649815,27.063147555468184,27.063147555468184,-2.543607328084901,-2.543607328084901,-2.543607328084901,-2.543607328084901,-2.543607328084901,-2.543607328084901,0.0,0.0,0.0,24.51954022738328
10,2016-10-31,27.058700079983467,20.80572612792388,36.87393801647716,27.058700079983467,27.058700079983467,1.490829024469062,1.490829024469062,1.490829024469062,1.490829024469062,1.490829024469062,1.490829024469062,0.0,0.0,0.0,28.549529104452528
11,2016-11-30,27.054396071449872,20.42956551016228,36.44713985364516,27.054396071449872,27.054396071449872,1.305827713847556,1.305827713847556,1.305827713847556,1.305827713847556,1.305827713847556,1.305827713847556,0.0,0.0,0.0,28.36022378529743
12,2016-12-31,27.049948595965155,22.440716573103785,37.466166280978335,27.049948595965155,27.049948595965155,2.994996453302366,2.994996453302366,2.994996453302366,2.994996453302366,2.994996453302366,2.994996453302366,0.0,0.0,0.0,30.044945049267522
13,2017-01-31,27.045501120976205,22.84029908313005,37.81949748509176,27.045501120976205,27.045501120976205,3.4214872756674692,3.4214872756674692,3.4214872756674692,3.4214872756674692,3.4214872756674692,3.4214872756674692,0.0,0.0,0.0,30.466988396643675
14,2017-02-28,27.04148404679263,26.703238102826813,41.859674217419716,27.04148404679263,27.04148404679263,7.357078378246633,7.357078378246633,7.357078378246633,7.357078378246633,7.357078378246633,7.357078378246633,0.0,0.0,0.0,34.39856242503926
15,2017-03-31,27.03703657180367,20.334075406008797,35.26202718282494,27.03703657180367,27.03703657180367,0.8596729097983207,0.8596729097983207,0.8596729097983207,0.8596729097983207,0.8596729097983207,0.8596729097983207,0.0,0.0,0.0,27.89670948160199
16,2017-04-30,27.032732563511683,17.741571697277376,32.631822162476944,27.032732563511683,27.032732563511683,-1.5363459914058997,-1.5363459914058997,-1.5363459914058997,-1.5363459914058997,-1.5363459914058997,-1.5363459914058997,0.0,0.0,0.0,25.496386572105784
17,2017-05-31,27.028285088276625,18.419345806786197,33.153679435447344,27.028285088276625,27.028285088276625,-1.4998389047160778,-1.4998389047160778,-1.4998389047160778,-1.4998389047160778,-1.4998389047160778,-1.4998389047160778,0.0,0.0,0.0,25.528446183560547
18,2017-06-30,27.023981079984637,19.586529601761082,34.271361214802056,27.023981079984637,27.023981079984637,0.12432706474021644,0.12432706474021644,0.12432706474021644,0.12432706474021644,0.12432706474021644,0.12432706474021644,0.0,0.0,0.0,27.148308144724854
19,2017-07-31,27.019533604408057,19.22564853354206,34.100552837056796,27.019533604408057,27.019533604408057,-0.8021720370542148,-0.8021720370542148,-0.8021720370542148,-0.8021720370542148,-0.8021720370542148,-0.8021720370542148,0.0,0.0,0.0,26.21736156735384
20,2017-08-31,27.015086128831474,16.308231773271057,31.800084783551686,27.015086128831474,27.015086128831474,-2.927763933274215,-2.927763933274215,-2.927763933274215,-2.927763933274215,-2.927763933274215,-2.927763933274215,0.0,0.0,0.0,24.08732219555726
21,2017-09-30,27.01078212020898,15.63599361262196,30.401969037768982,27.01078212020898,27.01078212020898,-3.8937789150369673,-3.8937789150369673,-3.8937789150369673,-3.8937789150369673,-3.8937789150369673,-3.8937789150369673,0.0,0.0,0.0,23.11700320517201
22,2017-10-31,27.006334644932153,21.085810303752996,36.069250066696675,27.006334644932153,27.006334644932153,1.2161001583364843,1.2161001583364843,1.2161001583364843,1.2161001583364843,1.2161001583364843,1.2161001583364843,0.0,0.0,0.0,28.222434803268637
23,2017-11-30,27.00203063659974,22.91999423994462,37.74001174229543,27.00203063659974,27.00203063659974,3.4861886289839257,3.4861886289839257,3.4861886289839257,3.4861886289839257,3.4861886289839257,3.4861886289839257,0.0,0.0,0.0,30.488219265583666
24,2017-12-31,26.99758316132292,23.77544864516268,38.942089349352656,26.99758316132292,26.99758316132292,4.5017264886666535,4.5017264886666535,4.5017264886666535,4.5017264886666535,4.5017264886666535,4.5017264886666535,0.0,0.0,0.0,31.49930964998957
25,2018-01-31,26.993135685970277,20.53621899373853,35.53470439675045,26.993135685970277,26.993135685970277,1.507279762105426,1.507279762105426,1.507279762105426,1.507279762105426,1.507279762105426,1.507279762105426,0.0,0.0,0.0,28.500415448075703
26,2018-02-28,26.98911861145821,26.55102752810558,41.92029991685723,26.98911861145821,26.98911861145821,7.172827193088986,7.172827193088986,7.172827193088986,7.172827193088986,7.172827193088986,7.172827193088986,0.0,0.0,0.0,34.161945804547194
27,2018-03-31,26.98467113610556,19.927205830672605,35.389664313559834,26.98467113610556,26.98467113610556,0.2599556026865472,0.2599556026865472,0.2599556026865472,0.2599556026865472,0.2599556026865472,0.2599556026865472,0.0,0.0,0.0,27.244626738792107
28,2018-04-30,26.980367133960815,17.548511339701285,32.60347348030559,26.980367133960815,26.980367133960815,-1.4550115601597975,-1.4550115601597975,-1.4550115601597975,-1.4550115601597975,-1.4550115601597975,-1.4550115601597975,0.0,0.0,0.0,25.52535557380102
29,2018-05-31,26.97591966507791,20.329360038153,35.23889393985549,26.97591966507791,26.97591966507791,0.07694055479686415,0.07694055479686415,0.07694055479686415,0.07694055479686415,0.07694055479686415,0.07694055479686415,0.0,0.0,0.0,27.052860219874773
30,2018-06-30,26.971615662933168,20.34536695004437,35.25290966463091,26.971615662933168,26.971615662933168,0.7043076890811907,0.7043076890811907,0.7043076890811907,0.7043076890811907,0.7043076890811907,0.7043076890811907,0.0,0.0,0.0,27.675923352014358
31,2018-07-31,26.967168193905792,18.19689692568247,33.06074976497306,26.967168193905792,26.967168193905792,-1.284163754313315,-1.284163754313315,-1.284163754313315,-1.284163754313315,-1.284163754313315,-1.284163754313315,0.0,0.0,0.0,25.683004439592477
32,2018-08-31,26.962720724878423,15.987152689167798,30.468646097024234,26.962720724878423,26.962720724878423,-3.716029728062953,-3.716029728062953,-3.716029728062953,-3.716029728062953,-3.716029728062953,-3.716029728062953,0.0,0.0,0.0,23.24669099681547
33,2018-09-30,26.958416722593867,14.280395723918984,29.733701860493223,26.958416722593867,26.958416722593867,-5.218348874202354,-5.218348874202354,-5.218348874202354,-5.218348874202354,-5.218348874202354,-5.218348874202354,0.0,0.0,0.0,21.74006784839151
34,2018-10-31,26.953969253627694,20.33418789617502,35.630561269719266,26.953969253627694,26.953969253627694,1.0017721246656885,1.0017721246656885,1.0017721246656885,1.0017721246656885,1.0017721246656885,1.0017721246656885,0.0,0.0,0.0,27.955741378293382
35,2018-11-30,26.94966525140236,24.54223485844203,40.130696635896136,26.94966525140236,26.94966525140236,5.684767370398963,5.684767370398963,5.684767370398963,5.684767370398963,5.684767370398963,5.684767370398963,0.0,0.0,0.0,32.634432621801324
36,2018-12-31,26.94521778243619,25.627094006737988,40.6355226992265,26.94521778243619,26.94521778243619,5.946131808991282,5.946131808991282,5.946131808991282,5.946131808991282,5.946131808991282,5.946131808991282,0.0,0.0,0.0,32.89134959142747
37,2019-01-31,26.940803291272847,19.150378336136324,33.90101962347005,26.940803291272847,26.940803291272847,-0.44769785051780797,-0.44769785051780797,-0.44769785051780797,-0.44769785051780797,-0.44769785051780797,-0.44769785051780797,0.0,0.0,0.0,26.493105440755038
38,2019-02-28,26.936816008931757,26.609164833718395,41.62612127485299,26.936816008931757,26.936816008931757,7.002976934150662,7.002976934150662,7.002976934150662,7.002976934150662,7.002976934150662,7.002976934150662,0.0,0.0,0.0,33.939792943082416
39,2019-03-31,26.93240151776841,19.168547915870956,34.30535909406941,26.93240151776841,26.93240151776841,-0.31755275780029363,-0.31755275780029363,-0.31755275780029363,-0.31755275780029363,-0.31755275780029363,-0.31755275780029363,0.0,0.0,0.0,26.61484875996812
40,2019-04-30,26.928129429545816,18.045253225529475,33.595484194897466,26.928129429545816,26.928129429545816,-1.3344014368558634,-1.3344014368558634,-1.3344014368558634,-1.3344014368558634,-1.3344014368558634,-1.3344014368558634,0.0,0.0,0.0,25.593727992689953
41,2019-05-31,26.923792474393537,20.989328154515167,36.013813154497676,26.923792474393537,26.923792474393537,1.6620783372053263,1.6620783372053263,1.6620783372053263,1.6620783372053263,1.6620783372053263,1.6620783372053263,0.0,0.0,0.0,28.585870811598863
42,2019-06-30,26.91959542102036,20.168685191456156,36.060828709809826,26.91959542102036,26.91959542102036,1.2448882861749493,1.2448882861749493,1.2448882861749493,1.2448882861749493,1.2448882861749493,1.2448882861749493,0.0,0.0,0.0,28.16448370719531
43,2019-07-31,26.91525846586808,17.813500315362294,33.107452283421644,26.91525846586808,26.91525846586808,-1.802977776402923,-1.802977776402923,-1.802977776402923,-1.802977776402923,-1.802977776402923,-1.802977776402923,0.0,0.0,0.0,25.11228068946516
44,2019-08-31,26.91101956453978,14.694797570719787,29.794549116881452,26.91101956453978,26.91101956453978,-4.520037820994533,-4.520037820994533,-4.520037820994533,-4.520037820994533,-4.520037820994533,-4.520037820994533,0.0,0.0,0.0,22.390981743545247
45,2019-09-30,26.906917401964005,13.06784198733032,28.228741860797722,26.906917401964005,26.906917401964005,-6.51547019964452,-6.51547019964452,-6.51547019964452,-6.51547019964452,-6.51547019964452,-6.51547019964452,0.0,0.0,0.0,20.391447202319483
46,2019-10-31,26.902678500635705,20.400540231961347,35.281293859098014,26.902678500635705,26.902678500635705,0.8478088085662339,0.8478088085662339,0.8478088085662339,0.8478088085662339,0.8478088085662339,0.8478088085662339,0.0,0.0,0.0,27.75048730920194
47,2019-11-30,26.89876034686041,27.650582142648055,42.76673236459731,26.89876034686041,26.89876034686041,7.898493714062953,7.898493714062953,7.898493714062953,7.898493714062953,7.898493714062953,7.898493714062953,0.0,0.0,0.0,34.797254060923365
48,2019-12-31,26.89471158795927,26.699847887133384,41.733470254520206,26.89471158795927,26.89471158795927,7.326394362076501,7.326394362076501,7.326394362076501,7.326394362076501,7.326394362076501,7.326394362076501,0.0,0.0,0.0,34.22110595003577
49,2020-01-31,26.89066282905813,16.774276346745662,31.65414319967747,26.89066282905813,26.89066282905813,-2.441540842717681,-2.441540842717681,-2.441540842717681,-2.441540842717681,-2.441540842717681,-2.441540842717681,0.0,0.0,0.0,24.449121986340447
50,2020-02-29,26.88745542203593,26.892751086989975,42.2256494343081,26.88745542203593,26.88745542203593,7.554718410812095,7.554718410812095,7.554718410812095,7.554718410812095,7.554718410812095,7.554718410812095,0.0,0.0,0.0,34.44217383284803
51,2020-03-31,26.884026814529438,20.448843763913114,35.886067995324794,26.884026814529438,26.884026814529438,1.4806938219864392,1.4806938219864392,1.4806938219864392,1.4806938219864392,1.4806938219864392,1.4806938219864392,0.0,0.0,0.0,28.364720636515877
52,2020-04-30,26.880708807265094,17.543593385661183,32.725969685656025,26.880708807265094,26.880708807265094,-1.5779248581658503,-1.5779248581658503,-1.5779248581658503,-1.5779248581658503,-1.5779248581658503,-1.5779248581658503,0.0,0.0,0.0,25.302783949099243
53,2020-05-31,26.877756418121425,16.504494082670647,31.645747291196567,26.877756418121425,26.877756418121425,-3.066093020500197,-3.066093020500197,-3.066093020500197,-3.066093020500197,-3.066093020500197,-3.066093020500197,0.0,0.0,0.0,23.811663397621228
54,2020-06-30,26.87489926733723,19.163324931266278,34.1297559880788,26.87489926733723,26.87489926733723,-0.49404681549164087,-0.49404681549164087,-0.49404681549164087,-0.49404681549164087,-0.49404681549164087,-0.49404681549164087,0.0,0.0,0.0,26.38085245184559
55,2020-07-31,26.87194687819357,19.98464400829447,34.0517176598036,26.87194687819357,26.87194687819357,-0.3576892174940885,-0.3576892174940885,-0.3576892174940885,-0.3576892174940885,-0.3576892174940885,-0.3576892174940885,0.0,0.0,0.0,26.51425766069948
56,2020-08-31,26.869557114169623,17.007310300006093,32.323629813958036,26.869557114169623,26.869557114169623,-2.156810589209934,-2.156810589209934,-2.156810589209934,-2.156810589209934,-2.156810589209934,-2.156810589209934,0.0,0.0,0.0,24.71274652495969
57,2020-09-30,26.867244439307743,16.498644034413275,31.797049707656424,26.867244439307743,26.867244439307743,-2.5436073280934663,-2.5436073280934663,-2.5436073280934663,-2.5436073280934663,-2.5436073280934663,-2.5436073280934663,0.0,0.0,0.0,24.32363711121428
58,2020-10-31,26.864854675283798,20.918999203394925,35.58488604520752,26.864854675283798,26.864854675283798,1.4908290244639957,1.4908290244639957,1.4908290244639957,1.4908290244639957,1.4908290244639957,1.4908290244639957,0.0,0.0,0.0,28.355683699747793
59,2020-11-30,26.862776709179617,20.517583057175923,35.4451130523257,26.862776709179617,26.862776709179617,1.3058277138507473,1.3058277138507473,1.3058277138507473,1.3058277138507473,1.3058277138507473,1.3058277138507473,0.0,0.0,0.0,28.168604423030363
60,2020-12-31,26.86062947753863,22.328551442687218,37.65925818775578,26.86062947753863,26.86062947753863,2.994996453304075,2.994996453304075,2.994996453304075,2.994996453304075,2.994996453304075,2.994996453304075,0.0,0.0,0.0,29.855625930842706
61,2021-01-31,26.858482245897644,22.576401460291446,38.062882558874286,26.858482245897644,26.858482245897644,3.4214872756621624,3.4214872756621624,3.4214872756621624,3.4214872756621624,3.4214872756621624,3.4214872756621624,0.0,0.0,0.0,30.279969521559806
62,2021-02-28,26.88647477860607,26.7286064094513,41.511637842097265,26.88647477860607,26.88647477860607,7.357078378262189,7.357078378262189,7.357078378262189,7.357078378262189,7.357078378262189,7.357078378262189,0.0,0.0,0.0,34.24355315686826
63,2021-03-31,26.917466511247536,20.491558746410053,35.20860091306592,26.917466511247536,26.917466511247536,0.8596729097908578,0.8596729097908578,0.8596729097908578,0.8596729097908578,0.8596729097908578,0.8596729097908578,0.0,0.0,0.0,27.777139421038395
64,2021-04-30,26.947458510577988,17.696276904625442,33.43674230541196,26.947458510577988,26.947458510577988,-1.5363459914154176,-1.5363459914154176,-1.5363459914154176,-1.5363459914154176,-1.5363459914154176,-1.5363459914154176,0.0,0.0,0.0,25.41111251916257
65,2021-05-31,26.97891344757646,18.00142685256269,33.07981395267335,26.97891344757646,26.97891344757646,-1.4998389047275127,-1.4998389047275127,-1.4998389047275127,-1.4998389047275127,-1.4998389047275127,-1.4998389047275127,0.0,0.0,0.0,25.47907454284895
66,2021-06-30,27.009353709187888,20.109908723377924,34.95839110991705,27.009353709187888,27.009353709187888,0.12432706474550374,0.12432706474550374,0.12432706474550374,0.12432706474550374,0.12432706474550374,0.12432706474550374,0.0,0.0,0.0,27.133680773933392
67,2021-07-31,27.04080864618636,19.31828735687293,34.0638522576018,27.04080864618636,27.04080864618636,-0.8021720370480092,-0.8021720370480092,-0.8021720370480092,-0.8021720370480092,-0.8021720370480092,-0.8021720370480092,0.0,0.0,0.0,26.23863660913835
68,2021-08-31,27.07250666171911,16.2706443477154,31.549970318616683,27.07250666171911,27.07250666171911,-2.9277639332635714,-2.9277639332635714,-2.9277639332635714,-2.9277639332635714,-2.9277639332635714,-2.9277639332635714,0.0,0.0,0.0,24.14474272845554
69,2021-09-30,27.103182160621774,15.298002176618889,30.864826534180786,27.103182160621774,27.103182160621774,-3.893778915035937,-3.893778915035937,-3.893778915035937,-3.893778915035937,-3.893778915035937,-3.893778915035937,0.0,0.0,0.0,23.209403245585836
70,2021-10-31,27.13488017615453,20.727470520184347,35.68880624376291,27.13488017615453,27.13488017615453,1.216100158336818,1.216100158336818,1.216100158336818,1.216100158336818,1.216100158336818,1.216100158336818,0.0,0.0,0.0,28.35098033449135
71,2021-11-30,27.165709751946313,22.714622839818,38.97532220777361,27.165709751946313,27.165709751946313,3.4861886289799044,3.4861886289799044,3.4861886289799044,3.4861886289799044,3.4861886289799044,3.4861886289799044,0.0,0.0,0.0,30.651898380926216
72,2021-12-31,27.197566980264483,24.04992047228877,38.60496130990704,27.197566980264483,27.197566980264483,4.5017264886758115,4.5017264886758115,4.5017264886758115,4.5017264886758115,4.5017264886758115,4.5017264886758115,0.0,0.0,0.0,31.699293468940294
73,2022-01-31,27.22942420858266,20.61630281394279,36.19647970705661,27.22942420858266,27.22942420858266,1.5072797620986518,1.5072797620986518,1.5072797620986518,1.5072797620986518,1.5072797620986518,1.5072797620986518,0.0,0.0,0.0,28.73670397068131
74,2022-02-28,27.258203551980785,26.22657213507368,41.85253698359476,27.258203551980785,27.258203551980785,7.172827193082268,7.172827193082268,7.172827193082268,7.172827193082268,7.172827193082268,7.172827193082268,0.0,0.0,0.0,34.431030745063055
75,2022-03-31,27.29006639645728,20.31818594055365,34.86232404746327,27.29006639645728,27.29006639645728,0.25995560269065976,0.25995560269065976,0.25995560269065976,0.25995560269065976,0.25995560269065976,0.25995560269065976,0.0,0.0,0.0,27.55002199914794
76,2022-04-30,27.32090140724098,18.631354757303782,33.13578361684246,27.32090140724098,27.32090140724098,-1.4550115601642106,-1.4550115601642106,-1.4550115601642106,-1.4550115601642106,-1.4550115601642106,-1.4550115601642106,0.0,0.0,0.0,25.865889847076772
77,2022-05-31,27.352880332904334,20.218862408800383,35.31742887228719,27.352880332904334,27.352880332904334,0.07694055480584512,0.07694055480584512,0.07694055480584512,0.07694055480584512,0.07694055480584512,0.07694055480584512,0.0,0.0,0.0,27.42982088771018
78,2022-06-30,27.38382768032048,20.267874386788716,35.837894096039456,27.38382768032048,27.38382768032048,0.7043076890851917,0.7043076890851917,0.7043076890851917,0.7043076890851917,0.7043076890851917,0.7043076890851917,0.0,0.0,0.0,28.08813536940567
79,2022-07-31,27.415806605983835,19.27522458546426,34.0644803162079,27.415806605983835,27.415806605983835,-1.284163754310632,-1.284163754310632,-1.284163754310632,-1.284163754310632,-1.284163754310632,-1.284163754310632,0.0,0.0,0.0,26.131642851673202
80,2022-08-31,27.447785531647188,15.630006280360726,31.025097158174255,27.447785531647188,27.447785531647188,-3.716029728056412,-3.716029728056412,-3.716029728056412,-3.716029728056412,-3.716029728056412,-3.716029728056412,0.0,0.0,0.0,23.731755803590776
81,2022-09-30,27.478732879063333,14.4931481843862,29.62221603217349,27.478732879063333,27.478732879063333,-5.218348874205829,-5.218348874205829,-5.218348874205829,-5.218348874205829,-5.218348874205829,-5.218348874205829,0.0,0.0,0.0,22.260384004857503
82,2022-10-31,27.51071180472669,21.382333663964253,36.2975433684462,27.51071180472669,27.51071180472669,1.001772124673338,1.001772124673338,1.001772124673338,1.001772124673338,1.001772124673338,1.001772124673338,0.0,0.0,0.0,28.512483929400027
83,2022-11-30,27.541659152142834,26.000482579362295,40.91014243842343,27.541659152142834,27.541659152142834,5.684767370380031,5.684767370380031,5.684767370380031,5.684767370380031,5.684767370380031,5.684767370380031,0.0,0.0,0.0,33.226426522522864
84,2022-12-31,27.573638077806187,26.92998451928094,41.18680212212092,27.573638077806187,27.573638077806187,5.946131808997749,5.946131808997749,5.946131808997749,5.946131808997749,5.946131808997749,5.946131808997749,0.0,0.0,0.0,33.519769886803935
85,2023-01-31,27.60561700346954,20.059853059944615,34.7800200372264,27.60561700346954,27.60561700346954,-0.4476978505103391,-0.4476978505103391,-0.4476978505103391,-0.4476978505103391,-0.4476978505103391,-0.4476978505103391,0.0,0.0,0.0,27.157919152959202
86,2023-02-28,27.63450119439128,26.895287326525718,41.62618524659698,27.63450119439128,27.63450119439128,7.002976934155289,7.002976934155289,7.002976934155289,7.002976934155289,7.002976934155289,7.002976934155289,0.0,0.0,0.0,34.63747812854657
87,2023-03-31,27.666480120054633,19.866328807096863,34.73037055357253,27.666480120054633,27.666480120054633,-0.31755275778810355,-0.31755275778810355,-0.31755275778810355,-0.31755275778810355,-0.31755275778810355,-0.31755275778810355,0.0,0.0,0.0,27.34892736226653
88,2023-04-30,27.697427467470778,18.554806906282312,33.544654320206874,27.697427467470778,27.697427467470778,-1.3344014368555328,-1.3344014368555328,-1.3344014368555328,-1.3344014368555328,-1.3344014368555328,-1.3344014368555328,0.0,0.0,0.0,26.363026030615245
89,2023-05-31,27.729406393134134,22.223452822123722,37.427552598113465,27.729406393134134,27.729406393134134,1.6620783371980359,1.6620783371980359,1.6620783371980359,1.6620783371980359,1.6620783371980359,1.6620783371980359,0.0,0.0,0.0,29.39148473033217
90,2023-06-30,27.760353740550283,21.351820875335264,36.354246534812155,27.760353740550283,27.760353740550283,1.2448882861784345,1.2448882861784345,1.2448882861784345,1.2448882861784345,1.2448882861784345,1.2448882861784345,0.0,0.0,0.0,29.005242026728716
91,2023-07-31,27.792332666213632,18.720334427449824,33.44782816309629,27.792332666213632,27.792332666213632,-1.8029777763981636,-1.8029777763981636,-1.8029777763981636,-1.8029777763981636,-1.8029777763981636,-1.8029777763981636,0.0,0.0,0.0,25.98935488981547
92,2023-08-31,27.824311591876988,16.166218115012697,31.502297117091263,27.824311591876988,27.824311591876988,-4.520037821000475,-4.520037821000475,-4.520037821000475,-4.520037821000475,-4.520037821000475,-4.520037821000475,0.0,0.0,0.0,23.304273770876513
93,2023-09-30,27.855258939293133,13.845639389465557,29.035239945835016,27.855258939293133,27.855258939293133,-6.515470199654569,-6.515470199654569,-6.515470199654569,-6.515470199654569,-6.515470199654569,-6.515470199654569,0.0,0.0,0.0,21.339788739638564
94,2023-10-31,27.88723786495649,20.817464374067846,35.95249975593793,27.88723786495649,27.88723786495649,0.847808808561698,0.847808808561698,0.847808808561698,0.847808808561698,0.847808808561698,0.847808808561698,0.0,0.0,0.0,28.735046673518188
95,2023-11-30,27.918185212372634,27.740183072021104,43.593848839950894,27.918185212372634,27.918185212372634,7.8984937140778735,7.8984937140778735,7.8984937140778735,7.8984937140778735,7.8984937140778735,7.8984937140778735,0.0,0.0,0.0,35.81667892645051
96,2023-12-31,27.950164138035987,27.805775237980114,42.57637422700542,27.950164138035987,27.950164138035987,7.326394362082621,7.326394362082621,7.326394362082621,7.326394362082621,7.326394362082621,7.326394362082621,0.0,0.0,0.0,35.27655850011861
97,2024-01-01,27.951195716283195,21.52682148761268,37.20926172842761,27.951195716283195,27.951195716283195,1.4278665966361836,1.4278665966361836,1.4278665966361836,1.4278665966361836,1.4278665966361836,1.4278665966361836,0.0,0.0,0.0,29.379062312919377
98,2024-01-02,27.9522272945304,14.932281050794861,29.868040589129446,27.9522272945304,27.9522272945304,-5.40259495900092,-5.40259495900092,-5.40259495900092,-5.40259495900092,-5.40259495900092,-5.40259495900092,0.0,0.0,0.0,22.54963233552948
99,2024-01-03,27.953258872777603,7.569456223391117,21.99967462768436,27.953258872777603,27.953258872777603,-13.01996953958883,-13.01996953958883,-13.01996953958883,-13.01996953958883,-13.01996953958883,-13.01996953958883,0.0,0.0,0.0,14.933289333188773
100,2024-01-04,27.954290451024807,-0.7605607982474151,14.26992464428767,27.954290451024807,27.954290451024807,-21.257435028355065,-21.257435028355065,-21.257435028355065,-21.257435028355065,-21.257435028355065,-21.257435028355065,0.0,0.0,0.0,6.696855422669742
101,2024-01-05,27.955322029272015,-8.833235652541921,4.922840615296705,27.955322029272015,27.955322029272015,-29.93071652516824,-29.93071652516824,-29.93071652516824,-29.93071652516824,-29.93071652516824,-29.93071652516824,0.0,0.0,0.0,-1.975394495896225
102,2024-01-06,27.95635360751922,-18.38567092094314,-2.9605194442950764,27.95635360751922,27.95635360751922,-38.84287539788499,-38.84287539788499,-38.84287539788499,-38.84287539788499,-38.84287539788499,-38.84287539788499,0.0,0.0,0.0,-10.88652179036577
103,2024-01-07,27.957385185766423,-27.56742659856498,-12.709731286696814,27.957385185766423,27.957385185766423,-47.78940750907978,-47.78940750907978,-47.78940750907978,-47.78940750907978,-47.78940750907978,-47.78940750907978,0.0,0.0,0.0,-19.832022323313357
104,2024-01-08,27.958416764013627,-35.92100358131405,-20.86995927471599,27.958416764013627,27.958416764013627,-56.56351173888872,-56.56351173888872,-56.56351173888872,-56.56351173888872,-56.56351173888872,-56.56351173888872,0.0,0.0,0.0,-28.605094974875094
105,2024-01-09,27.95944834226083,-44.5469175859439,-29.160079657472764,27.95944834226083,27.95944834226083,-64.96138624288925,-64.96138624288925,-64.96138624288925,-64.96138624288925,-64.96138624288925,-64.96138624288925,0.0,0.0,0.0,-37.00193790062842
106,2024-01-10,27.96047992050804,-52.504060362889426,-37.203884177504136,27.96047992050804,27.96047992050804,-72.7874101745368,-72.7874101745368,-72.7874101745368,-72.7874101745368,-72.7874101745368,-72.7874101745368,0.0,0.0,0.0,-44.82693025402877
107,2024-01-11,27.961511498755243,-59.17373285565912,-43.75597178204984,27.961511498755243,27.961511498755243,-79.85907282898206,-79.85907282898206,-79.85907282898206,-79.85907282898206,-79.85907282898206,-79.85907282898206,0.0,0.0,0.0,-51.89756133022682
108,2024-01-12,27.962543077002447,-66.21618879895081,-50.296755880754624,27.962543077002447,27.962543077002447,-86.01152018567096,-86.01152018567096,-86.01152018567096,-86.01152018567096,-86.01152018567096,-86.01152018567096,0.0,0.0,0.0,-58.04897710866851
109,2024-01-13,27.96357465524965,-70.78137323421466,-56.01960154468951,27.96357465524965,27.96357465524965,-91.10160039059345,-91.10160039059345,-91.10160039059345,-91.10160039059345,-91.10160039059345,-91.10160039059345,0.0,0.0,0.0,-63.138025735343795
110,2024-01-14,27.96460623349686,-75.08822831900878,-59.675347745630944,27.96460623349686,27.96460623349686,-95.01130447440917,-95.01130447440917,-95.01130447440917,-95.01130447440917,-95.01130447440917,-95.01130447440917,0.0,0.0,0.0,-67.04669824091232
111,2024-01-15,27.965637811744063,-77.30222142553711,-61.83565067779744,27.965637811744063,27.965637811744063,-97.65051611492291,-97.65051611492291,-97.65051611492291,-97.65051611492291,-97.65051611492291,-97.65051611492291,0.0,0.0,0.0,-69.68487830317885
112,2024-01-16,27.966669389991267,-77.93580857981557,-63.02577278640379,27.966669389991267,27.966669389991267,-98.95900400510094,-98.95900400510094,-98.95900400510094,-98.95900400510094,-98.95900400510094,-98.95900400510094,0.0,0.0,0.0,-70.99233461510967
113,2024-01-17,27.96770096823847,-78.5663438995539,-63.628561425245934,27.96770096823847,27.96770096823847,-98.9076118115477,-98.9076118115477,-98.9076118115477,-98.9076118115477,-98.9076118115477,-98.9076118115477,0.0,0.0,0.0,-70.93991084330922
114,2024-01-18,27.96873254648568,-77.20296595177994,-61.94604366535556,27.96873254648568,27.96873254648568,-97.49862318464498,-97.49862318464498,-97.49862318464498,-97.49862318464498,-97.49862318464498,-97.49862318464498,0.0,0.0,0.0,-69.5298906381593
115,2024-01-19,27.969764124732883,-74.81647157576447,-59.41983033339817,27.969764124732883,27.969764124732883,-94.76530216865007,-94.76530216865007,-94.76530216865007,-94.76530216865007,-94.76530216865007,-94.76530216865007,0.0,0.0,0.0,-66.79553804391719
116,2024-01-20,27.970795702980087,-69.92695419996706,-55.25167830516851,27.970795702980087,27.970795702980087,-90.77063201037144,-90.77063201037144,-90.77063201037144,-90.77063201037144,-90.77063201037144,-90.77063201037144,0.0,0.0,0.0,-62.79983630739136
117,2024-01-21,27.97182728122729,-65.50949861238409,-50.72847177145278,27.97182728122729,27.97182728122729,-85.60529714014199,-85.60529714014199,-85.60529714014199,-85.60529714014199,-85.60529714014199,-85.60529714014199,0.0,0.0,0.0,-57.633469858914694
118,2024-01-22,27.9728588594745,-59.42546566343101,-44.23149901197599,27.9728588594745,27.9728588594745,-79.3849733917778,-79.3849733917778,-79.3849733917778,-79.3849733917778,-79.3849733917778,-79.3849733917778,0.0,0.0,0.0,-51.412114532303306
119,2024-01-23,27.973890437721703,-52.14265148806145,-36.63821493171474,27.973890437721703,27.973890437721703,-72.24700977946775,-72.24700977946775,-72.24700977946775,-72.24700977946775,-72.24700977946775,-72.24700977946775,0.0,0.0,0.0,-44.27311934174604
120,2024-01-24,27.974922015968907,-43.997383312540464,-28.605320097489752,27.974916623578423,27.97492202159783,-64.34660085993389,-64.34660085993389,-64.34660085993389,-64.34660085993389,-64.34660085993389,-64.34660085993389,0.0,0.0,0.0,-36.37167884396498
