,ds,trend,yhat_lower,yhat_upper,trend_lower,trend_upper,additive_terms,additive_terms_lower,additive_terms_upper,yearly,yearly_lower,yearly_upper,multiplicative_terms,multiplicative_terms_lower,multiplicative_terms_upper,yhat
0,2017-01-31,22.42706075,22.329670205324597,32.005584902266676,22.42706075,22.42706075,4.670126380409362,4.670126380409362,4.670126380409362,4.670126380409362,4.670126380409362,4.670126380409362,0.0,0.0,0.0,27.09718713040936
1,2017-02-28,22.412498290712872,22.391806544718605,32.46872920974221,22.412498290712872,22.412498290712872,4.670254741869232,4.670254741869232,4.670254741869232,4.670254741869232,4.670254741869232,4.670254741869232,0.0,0.0,0.0,27.082753032582104
2,2017-03-31,22.39637556793069,18.670483369879815,28.98383738434056,22.39637556793069,22.39637556793069,1.5815653180916223,1.5815653180916223,1.5815653180916223,1.5815653180916223,1.5815653180916223,1.5815653180916223,0.0,0.0,0.0,23.977940886022314
3,2017-04-30,22.380772932980193,17.357061116194494,27.720698122059847,22.380772932980193,22.380772932980193,0.06720301925983517,0.06720301925983517,0.06720301925983517,0.06720301925983517,0.06720301925983517,0.06720301925983517,0.0,0.0,0.0,22.44797595224003
4,2017-05-31,22.364650210279063,16.63645775712393,26.57886480944984,22.364650210279063,22.364650210279063,-0.6703715890980007,-0.6703715890980007,-0.6703715890980007,-0.6703715890980007,-0.6703715890980007,-0.6703715890980007,0.0,0.0,0.0,21.694278621181063
5,2017-06-30,22.349047575407003,17.93115251259534,27.899047833776503,22.349047575407003,22.349047575407003,0.6799336079121265,0.6799336079121265,0.6799336079121265,0.6799336079121265,0.6799336079121265,0.6799336079121265,0.0,0.0,0.0,23.02898118331913
6,2017-07-31,22.332924852385837,16.8926675977846,27.054191151195365,22.332924852385837,22.332924852385837,-0.1381678806646564,-0.1381678806646564,-0.1381678806646564,-0.1381678806646564,-0.1381678806646564,-0.1381678806646564,0.0,0.0,0.0,22.19475697172118
7,2017-08-31,22.316802129364667,16.758737122404575,26.440010128915933,22.316802129364667,22.316802129364667,-0.7868755581577237,-0.7868755581577237,-0.7868755581577237,-0.7868755581577237,-0.7868755581577237,-0.7868755581577237,0.0,0.0,0.0,21.529926571206943
8,2017-09-30,22.301199494182892,15.813897425701954,25.76154075684908,22.301199494182892,22.301199494182892,-1.5171911251301047,-1.5171911251301047,-1.5171911251301047,-1.5171911251301047,-1.5171911251301047,-1.5171911251301047,0.0,0.0,0.0,20.78400836905279
9,2017-10-31,22.285076770768352,18.830446106581334,28.691047892402015,22.285076770768352,22.285076770768352,1.3399547580727735,1.3399547580727735,1.3399547580727735,1.3399547580727735,1.3399547580727735,1.3399547580727735,0.0,0.0,0.0,23.625031528841127
10,2017-11-30,22.269474135205893,19.262949623535675,29.437804875608858,22.269474135205893,22.269474135205893,2.1466429446077853,2.1466429446077853,2.1466429446077853,2.1466429446077853,2.1466429446077853,2.1466429446077853,0.0,0.0,0.0,24.416117079813677
11,2017-12-31,22.25335141179136,20.36998870073597,29.85487504461099,22.25335141179136,22.25335141179136,2.5771280996102766,2.5771280996102766,2.5771280996102766,2.5771280996102766,2.5771280996102766,2.5771280996102766,0.0,0.0,0.0,24.830479511401638
12,2018-01-31,22.23722868821568,19.49183927423061,29.93872352771311,22.23722868821568,22.23722868821568,2.561496084531128,2.561496084531128,2.561496084531128,2.561496084531128,2.561496084531128,2.561496084531128,0.0,0.0,0.0,24.79872477274681
13,2018-02-28,22.222666228211835,21.702101599367474,31.622480634039867,22.222666228211835,22.222666228211835,4.520910744478748,4.520910744478748,4.520910744478748,4.520910744478748,4.520910744478748,4.520910744478748,0.0,0.0,0.0,26.743576972690583
14,2018-03-31,22.206543505058928,18.049175982003394,27.968273664101662,22.206543505058928,22.206543505058928,0.6516056185904892,0.6516056185904892,0.6516056185904892,0.6516056185904892,0.6516056185904892,0.6516056185904892,0.0,0.0,0.0,22.85814912364942
15,2018-04-30,22.190940869749657,18.438751898937024,28.445275674089565,22.190940869749657,22.190940869749657,1.1231066808107364,1.1231066808107364,1.1231066808107364,1.1231066808107364,1.1231066808107364,1.1231066808107364,0.0,0.0,0.0,23.314047550560392
16,2018-05-31,22.17481814659675,17.28506798819877,27.675519875971226,22.17481814659675,22.17481814659675,0.4733711083477134,0.4733711083477134,0.4733711083477134,0.4733711083477134,0.4733711083477134,0.4733711083477134,0.0,0.0,0.0,22.648189254944462
17,2018-06-30,22.159215511445108,18.502055421985173,28.163269465207836,22.159215511445108,22.159215511445108,1.3117655367988985,1.3117655367988985,1.3117655367988985,1.3117655367988985,1.3117655367988985,1.3117655367988985,0.0,0.0,0.0,23.470981048244006
18,2018-07-31,22.14309278845508,16.22148359353018,25.928111264839327,22.14309278845508,22.14309278845508,-0.7852769796655024,-0.7852769796655024,-0.7852769796655024,-0.7852769796655024,-0.7852769796655024,-0.7852769796655024,0.0,0.0,0.0,21.357815808789574
19,2018-08-31,22.126970065570024,14.72355365501743,25.017252628304245,22.126970065570024,22.126970065570024,-2.439871244139427,-2.439871244139427,-2.439871244139427,-2.439871244139427,-2.439871244139427,-2.439871244139427,0.0,0.0,0.0,19.687098821430595
20,2018-09-30,22.111367430519973,15.512615534594463,25.195541737278916,22.111367430519973,22.111367430519973,-1.8698955105644302,-1.8698955105644302,-1.8698955105644302,-1.8698955105644302,-1.8698955105644302,-1.8698955105644302,0.0,0.0,0.0,20.241471919955544
21,2018-10-31,22.095244707634915,19.05235113907421,28.726700754938577,22.095244707634915,22.095244707634915,1.5201431677918984,1.5201431677918984,1.5201431677918984,1.5201431677918984,1.5201431677918984,1.5201431677918984,0.0,0.0,0.0,23.615387875426812
22,2018-11-30,22.07964207303189,20.47025492093912,30.889860039004706,22.07964207303189,22.07964207303189,3.8594834184948223,3.8594834184948223,3.8594834184948223,3.8594834184948223,3.8594834184948223,3.8594834184948223,0.0,0.0,0.0,25.939125491526713
23,2018-12-31,22.06351935060876,21.10776153220757,31.440116676023337,22.06351935060876,22.06351935060876,4.081173159737189,4.081173159737189,4.081173159737189,4.081173159737189,4.081173159737189,4.081173159737189,0.0,0.0,0.0,26.14469251034595
24,2019-01-31,22.047396628185634,17.558100045558408,27.44046883456081,22.047396628185634,22.047396628185634,0.4106769793242659,0.4106769793242659,0.4106769793242659,0.4106769793242659,0.4106769793242659,0.4106769793242659,0.0,0.0,0.0,22.4580736075099
25,2019-02-28,22.032839276412826,21.34348186906531,31.317725302913512,22.032839276412826,22.032839276412826,4.3903584817424495,4.3903584817424495,4.3903584817424495,4.3903584817424495,4.3903584817424495,4.3903584817424495,0.0,0.0,0.0,26.423197758155275
26,2019-03-31,22.01672220837865,16.37953713462647,26.666202547979285,22.01672220837865,22.01672220837865,-0.24368794557277992,-0.24368794557277992,-0.24368794557277992,-0.24368794557277992,-0.24368794557277992,-0.24368794557277992,0.0,0.0,0.0,21.77303426280587
27,2019-04-30,22.001125049852153,19.527945620793552,28.763411195953847,22.001125049852153,22.001125049852153,2.214114100673548,2.214114100673548,2.214114100673548,2.214114100673548,2.214114100673548,2.214114100673548,0.0,0.0,0.0,24.2152391505257
28,2019-05-31,21.985007986041442,18.843360309524453,28.723692391402444,21.985007986041442,21.985007986041442,1.6114571538361622,1.6114571538361622,1.6114571538361622,1.6114571538361622,1.6114571538361622,1.6114571538361622,0.0,0.0,0.0,23.596465139877605
29,2019-06-30,21.969410827514945,18.4399362308707,28.87660660933516,21.969410827514945,21.969410827514945,1.9014408699026968,1.9014408699026968,1.9014408699026968,1.9014408699026968,1.9014408699026968,1.9014408699026968,0.0,0.0,0.0,23.870851697417642
30,2019-07-31,21.953302386463196,15.240113392482192,25.45531533261642,21.953302386463196,21.953302386463196,-1.4758549510730403,-1.4758549510730403,-1.4758549510730403,-1.4758549510730403,-1.4758549510730403,-1.4758549510730403,0.0,0.0,0.0,20.477447435390157
31,2019-08-31,21.937193945411448,12.583901008554731,22.53105185187769,21.937193945411448,21.937193945411448,-4.091200939832886,-4.091200939832886,-4.091200939832886,-4.091200939832886,-4.091200939832886,-4.091200939832886,0.0,0.0,0.0,17.845993005578563
32,2019-09-30,21.9216051314904,14.967549545814801,25.115716060833055,21.9216051314904,21.9216051314904,-2.1807185670664206,-2.1807185670664206,-2.1807185670664206,-2.1807185670664206,-2.1807185670664206,-2.1807185670664206,0.0,0.0,0.0,19.740886564423977
33,2019-10-31,21.905497247702794,18.606404404930135,28.44302458430549,21.905497247702794,21.905497247702794,1.7442933924232495,1.7442933924232495,1.7442933924232495,1.7442933924232495,1.7442933924232495,1.7442933924232495,0.0,0.0,0.0,23.649790640126042
34,2019-11-30,21.889908973069634,22.38392576494972,32.36260974962149,21.889908973069634,21.889908973069634,5.5791022716988214,5.5791022716988214,5.5791022716988214,5.5791022716988214,5.5791022716988214,5.5791022716988214,0.0,0.0,0.0,27.469011244768456
35,2019-12-31,21.873872320627775,22.294658724620266,31.885435714976,21.873872320627775,21.873872320627775,5.522006858394848,5.522006858394848,5.522006858394848,5.522006858394848,5.522006858394848,5.522006858394848,0.0,0.0,0.0,27.39587917902262
36,2020-01-31,21.857835668185917,15.485953017535861,25.457699318899262,21.857835668185917,21.857835668185917,-1.780159142095816,-1.780159142095816,-1.780159142095816,-1.780159142095816,-1.780159142095816,-1.780159142095816,0.0,0.0,0.0,20.0776765260901
37,2020-02-29,21.84283363848224,21.677521235800313,31.824115318230383,21.84283363848224,21.84283363848224,4.837303201276056,4.837303201276056,4.837303201276056,4.837303201276056,4.837303201276056,4.837303201276056,0.0,0.0,0.0,26.680136839758298
38,2020-03-31,21.827043522620926,19.54829432951092,29.227314977197448,21.827043522620926,21.827043522620926,2.545205431473138,2.545205431473138,2.545205431473138,2.545205431473138,2.545205431473138,2.545205431473138,0.0,0.0,0.0,24.372248954094065
39,2020-04-30,21.811762765335782,15.961437939852237,25.77864407975079,21.811762765335782,21.811762765335782,-0.952144470543169,-0.952144470543169,-0.952144470543169,-0.952144470543169,-0.952144470543169,-0.952144470543169,0.0,0.0,0.0,20.859618294792615
40,2020-05-31,21.795972649474468,15.021755858763866,25.1571829759447,21.795972649474468,21.795972649474468,-1.8178228422154599,-1.8178228422154599,-1.8178228422154599,-1.8178228422154599,-1.8178228422154599,-1.8178228422154599,0.0,0.0,0.0,19.97814980725901
41,2020-06-30,21.865966032288334,16.729946135727364,26.77236576246822,21.865966032288334,21.865966032288334,0.006812220593609214,0.006812220593609214,0.006812220593609214,0.006812220593609214,0.006812220593609214,0.006812220593609214,0.0,0.0,0.0,21.872778252881943
42,2020-07-31,21.938292527862664,17.761232257614978,27.36943177671673,21.938292527862664,21.938292527862664,0.46434637656898775,0.46434637656898775,0.46434637656898775,0.46434637656898775,0.46434637656898775,0.46434637656898775,0.0,0.0,0.0,22.40263890443165
43,2020-08-31,22.01103795343922,17.683566465564642,27.90083109603286,22.01103795343922,22.01103795343922,0.865411187087055,0.865411187087055,0.865411187087055,0.865411187087055,0.865411187087055,0.865411187087055,0.0,0.0,0.0,22.876449140526276
44,2020-09-30,22.081436752384274,16.18763432873321,26.220220987070952,22.081436752384274,22.081436752384274,-1.1234116013918207,-1.1234116013918207,-1.1234116013918207,-1.1234116013918207,-1.1234116013918207,-1.1234116013918207,0.0,0.0,0.0,20.958025150992455
45,2020-10-31,22.154182177960834,18.59967335471708,28.697031434498026,22.154182177960834,22.154182177960834,1.2043707475327186,1.2043707475327186,1.2043707475327186,1.2043707475327186,1.2043707475327186,1.2043707475327186,0.0,0.0,0.0,23.35855292549355
46,2020-11-30,22.224657970399946,17.44154506704633,27.961974892957127,22.224657970399946,22.224657970399946,0.4431955178294365,0.4431955178294365,0.4431955178294365,0.4431955178294365,0.4431955178294365,0.4431955178294365,0.0,0.0,0.0,22.667853488229383
47,2020-12-31,22.297482955920362,18.701116722724404,28.414407959535016,22.297482955920362,22.297482955920362,1.0115652427266972,1.0115652427266972,1.0115652427266972,1.0115652427266972,1.0115652427266972,1.0115652427266972,0.0,0.0,0.0,23.30904819864706
48,2021-01-31,22.370307941440785,21.988903978787008,31.999743534700603,22.370307941440785,22.370307941440785,4.670126380403574,4.670126380403574,4.670126380403574,4.670126380403574,4.670126380403574,4.670126380403574,0.0,0.0,0.0,27.04043432184436
49,2021-02-28,22.436253642389566,21.869478042066582,32.383192838016924,22.436253642389566,22.436253642389566,4.670254741880412,4.670254741880412,4.670254741880412,4.670254741880412,4.670254741880412,4.670254741880412,0.0,0.0,0.0,27.10650838426998
50,2021-03-31,22.50926495415429,19.11008121765469,29.01953785360759,22.50926495415429,22.50926495415429,1.5815653180833398,1.5815653180833398,1.5815653180833398,1.5815653180833398,1.5815653180833398,1.5815653180833398,0.0,0.0,0.0,24.09083027223763
51,2021-04-30,22.580267048098854,17.85324331096152,27.83971793321948,22.580267048098854,22.580267048098854,0.06720301924564727,0.06720301924564727,0.06720301924564727,0.06720301924564727,0.06720301924564727,0.06720301924564727,0.0,0.0,0.0,22.6474700673445
52,2021-05-31,22.65363587850823,16.868233469560124,26.936244537944496,22.65363587850823,22.65363587850823,-0.6703715891043834,-0.6703715891043834,-0.6703715891043834,-0.6703715891043834,-0.6703715891043834,-0.6703715891043834,0.0,0.0,0.0,21.983264289403845
53,2021-06-30,22.72463797245279,18.841212895813968,29.00554981574979,22.72463797245279,22.72463797245279,0.6799336079166566,0.6799336079166566,0.6799336079166566,0.6799336079166566,0.6799336079166566,0.6799336079166566,0.0,0.0,0.0,23.404571580369446
54,2021-07-31,22.798096753238706,17.939113035731925,27.435379457029036,22.798096753238706,22.798096753238706,-0.1381678806622901,-0.1381678806622901,-0.1381678806622901,-0.1381678806622901,-0.1381678806622901,-0.1381678806622901,0.0,0.0,0.0,22.659928872576415
55,2021-08-31,22.871555534024615,17.140611213778687,27.013363082092578,22.871555534024615,22.871555534024615,-0.7868755581422234,-0.7868755581422234,-0.7868755581422234,-0.7868755581422234,-0.7868755581422234,-0.7868755581422234,0.0,0.0,0.0,22.08467997588239
56,2021-09-30,22.94270794463106,16.518354805382145,26.39753114708087,22.94270794463106,22.94270794463106,-1.517191125134196,-1.517191125134196,-1.517191125134196,-1.517191125134196,-1.517191125134196,-1.517191125134196,0.0,0.0,0.0,21.425516819496863
57,2021-10-31,23.016232102257714,19.571499624063673,29.205381119060156,23.016232102257714,23.016232102257714,1.3399547580689792,1.3399547580689792,1.3399547580689792,1.3399547580689792,1.3399547580689792,1.3399547580689792,0.0,0.0,0.0,24.356186860326694
58,2021-11-30,23.08738451286416,20.376697393391254,30.281407742841804,23.08738451286416,23.08738451286416,2.1466429446062474,2.1466429446062474,2.1466429446062474,2.1466429446062474,2.1466429446062474,2.1466429446062474,0.0,0.0,0.0,25.234027457470404
59,2021-12-31,23.16094379215766,20.97631427140762,30.694005974864883,23.16094379215766,23.16094379215766,2.5771280996170756,2.5771280996170756,2.5771280996170756,2.5771280996170756,2.5771280996170756,2.5771280996170756,0.0,0.0,0.0,25.738071891774737
60,2022-01-31,23.234503071451158,20.686179156564588,30.652330976721025,23.234503071451158,23.234503071451158,2.5614960845293364,2.5614960845293364,2.5614960845293364,2.5614960845293364,2.5614960845293364,2.5614960845293364,0.0,0.0,0.0,25.795999155980496
61,2022-02-28,23.300943710813034,22.972993491319695,33.104054951912254,23.300943710813034,23.300943710813034,4.520910744471839,4.520910744471839,4.520910744471839,4.520910744471839,4.520910744471839,4.520910744471839,0.0,0.0,0.0,27.82185445528487
62,2022-03-31,23.374502996168307,19.232490162272956,29.177000508094416,23.374502996168307,23.374502996168307,0.6516056185900052,0.6516056185900052,0.6516056185900052,0.6516056185900052,0.6516056185900052,0.6516056185900052,0.0,0.0,0.0,24.02610861475831
63,2022-04-30,23.445689401350833,19.684733248598985,29.584354915153583,23.445689401350833,23.445689401350833,1.1231066808057215,1.1231066808057215,1.1231066808057215,1.1231066808057215,1.1231066808057215,1.1231066808057215,0.0,0.0,0.0,24.568796082156556
64,2022-05-31,23.519248686558228,18.800727764307144,28.985585575747457,23.519248686558228,23.519248686558228,0.47337110835826207,0.47337110835826207,0.47337110835826207,0.47337110835826207,0.47337110835826207,0.47337110835826207,0.0,0.0,0.0,23.99261979491649
65,2022-06-30,23.590435091597648,19.728338318766834,29.921320366441975,23.590435091597648,23.590435091597648,1.3117655368020655,1.3117655368020655,1.3117655368020655,1.3117655368020655,1.3117655368020655,1.3117655368020655,0.0,0.0,0.0,24.902200628399715
66,2022-07-31,23.663994376805043,17.98096137203112,27.95774354194829,23.663994376805043,23.663994376805043,-0.7852769796608513,-0.7852769796608513,-0.7852769796608513,-0.7852769796608513,-0.7852769796608513,-0.7852769796608513,0.0,0.0,0.0,22.878717397144193
67,2022-08-31,23.737553662308986,16.13141600969358,26.40779557357304,23.737553662308986,23.737553662308986,-2.439871244133314,-2.439871244133314,-2.439871244133314,-2.439871244133314,-2.439871244133314,-2.439871244133314,0.0,0.0,0.0,21.297682418175672
68,2022-09-30,23.808740067635384,17.17922551266193,26.99888259422344,23.808740067635384,23.808740067635384,-1.8698955105641923,-1.8698955105641923,-1.8698955105641923,-1.8698955105641923,-1.8698955105641923,-1.8698955105641923,0.0,0.0,0.0,21.938844557071192
69,2022-10-31,23.882299353139327,20.54671239458375,30.430255233787456,23.882299353139327,23.882299353139327,1.5201431677978037,1.5201431677978037,1.5201431677978037,1.5201431677978037,1.5201431677978037,1.5201431677978037,0.0,0.0,0.0,25.402442520937132
70,2022-11-30,23.95348575846572,22.74509212488503,33.07921694783817,23.95348575846572,23.95348575846572,3.859483418477448,3.859483418477448,3.859483418477448,3.859483418477448,3.859483418477448,3.859483418477448,0.0,0.0,0.0,27.81296917694317
71,2022-12-31,24.027045043969665,23.07355978279004,32.8809141991075,24.027045043969665,24.027045043969665,4.0811731597409695,4.0811731597409695,4.0811731597409695,4.0811731597409695,4.0811731597409695,4.0811731597409695,0.0,0.0,0.0,28.108218203710635
72,2023-01-31,24.100604329473605,19.56980818152377,29.450199577758735,24.100604329473605,24.100604329473605,0.41067697933748837,0.41067697933748837,0.41067697933748837,0.41067697933748837,0.41067697933748837,0.41067697933748837,0.0,0.0,0.0,24.511281308811093
73,2023-02-28,24.16704497444491,23.890475267602287,33.61890276130232,24.16704497444491,24.16704497444491,4.390358481744117,4.390358481744117,4.390358481744117,4.390358481744117,4.390358481744117,4.390358481744117,0.0,0.0,0.0,28.557403456189025
74,2023-03-31,24.240604259948853,18.92020948461032,29.05806409373821,24.240604259948853,24.240604259948853,-0.2436879455645658,-0.2436879455645658,-0.2436879455645658,-0.2436879455645658,-0.2436879455645658,-0.2436879455645658,0.0,0.0,0.0,23.996916314384286
75,2023-04-30,24.311790665275247,21.56286424481405,31.531459345820533,24.311790665275247,24.311790665275247,2.21411410067731,2.21411410067731,2.21411410067731,2.21411410067731,2.21411410067731,2.21411410067731,0.0,0.0,0.0,26.525904765952557
76,2023-05-31,24.38534995077919,21.059365310624077,30.803026375153397,24.38534995077919,24.38534995077919,1.6114571538251592,1.6114571538251592,1.6114571538251592,1.6114571538251592,1.6114571538251592,1.6114571538251592,0.0,0.0,0.0,25.99680710460435
77,2023-06-30,24.456536356105584,21.581370491669002,31.077039174735408,24.456536356105584,24.456536356105584,1.9014408699053527,1.9014408699053527,1.9014408699053527,1.9014408699053527,1.9014408699053527,1.9014408699053527,0.0,0.0,0.0,26.357977226010938
78,2023-07-31,24.530095641609527,17.980354048290305,27.78845317858976,24.530095641609527,24.530095641609527,-1.475854951068326,-1.475854951068326,-1.475854951068326,-1.475854951068326,-1.475854951068326,-1.475854951068326,0.0,0.0,0.0,23.054240690541203
79,2023-08-31,24.60365492711347,15.634886382501683,25.65367214823688,24.60365492711347,24.60365492711347,-4.091200939841352,-4.091200939841352,-4.091200939841352,-4.091200939841352,-4.091200939841352,-4.091200939841352,0.0,0.0,0.0,20.512453987272117
80,2023-09-30,24.67484133243987,17.450575276143447,27.178302474305784,24.67484133243987,24.67484133243987,-2.180718567068649,-2.180718567068649,-2.180718567068649,-2.180718567068649,-2.180718567068649,-2.180718567068649,0.0,0.0,0.0,22.49412276537122
81,2023-10-31,24.748400617943812,21.402981778399354,31.267695180039794,24.748400617943812,24.748400617943812,1.7442933924202422,1.7442933924202422,1.7442933924202422,1.7442933924202422,1.7442933924202422,1.7442933924202422,0.0,0.0,0.0,26.492694010364055
82,2023-11-30,24.819587023270206,25.12915244333168,35.864290814413096,24.819587023270206,24.819587023270206,5.579102271712762,5.579102271712762,5.579102271712762,5.579102271712762,5.579102271712762,5.579102271712762,0.0,0.0,0.0,30.39868929498297
83,2023-12-31,24.89314630877415,25.346149594544375,35.31143674260735,24.89314630877415,24.89314630877415,5.522006858397883,5.522006858397883,5.522006858397883,5.522006858397883,5.522006858397883,5.522006858397883,0.0,0.0,0.0,30.415153167172033
84,2024-01-01,24.8955191889517,19.237429211532422,29.154442018042612,24.8955191889517,24.8955191889517,-0.6137132014457451,-0.6137132014457451,-0.6137132014457451,-0.6137132014457451,-0.6137132014457451,-0.6137132014457451,0.0,0.0,0.0,24.281805987505955
85,2024-01-02,24.89789206912924,12.240089951905704,22.130318391308307,24.89789206912924,24.89789206912924,-7.672293735692422,-7.672293735692422,-7.672293735692422,-7.672293735692422,-7.672293735692422,-7.672293735692422,0.0,0.0,0.0,17.22559833343682
86,2024-01-03,24.90026494930679,4.178594773540363,14.135379064524873,24.90026494930679,24.90026494930679,-15.515904867562165,-15.515904867562165,-15.515904867562165,-15.515904867562165,-15.515904867562165,-15.515904867562165,0.0,0.0,0.0,9.384360081744626
87,2024-01-04,24.902637829484334,-4.361233720801636,5.918181763820597,24.902637829484334,24.902637829484334,-23.98385153326899,-23.98385153326899,-23.98385153326899,-23.98385153326899,-23.98385153326899,-23.98385153326899,0.0,0.0,0.0,0.9187862962153446
88,2024-01-05,24.90501070966188,-13.058905589437638,-3.0597655408753295,24.90501070966188,24.90501070966188,-32.896587586623774,-32.896587586623774,-32.896587586623774,-32.896587586623774,-32.896587586623774,-32.896587586623774,0.0,0.0,0.0,-7.991576876961894
89,2024-01-06,24.90738358983943,-22.165001968310488,-12.249484811435979,24.90738358983943,24.90738358983943,-42.06024071635615,-42.06024071635615,-42.06024071635615,-42.06024071635615,-42.06024071635615,-42.06024071635615,0.0,0.0,0.0,-17.152857126516718
90,2024-01-07,24.909756470016973,-31.097322035839746,-21.174310389036048,24.909756470016973,24.909756470016973,-51.271525481757024,-51.271525481757024,-51.271525481757024,-51.271525481757024,-51.271525481757024,-51.271525481757024,0.0,0.0,0.0,-26.36176901174005
91,2024-01-08,24.912129350194522,-40.15932539465033,-30.229810296983597,24.912129350194522,24.912129350194522,-60.322911248056705,-60.322911248056705,-60.322911248056705,-60.322911248056705,-60.322911248056705,-60.322911248056705,0.0,0.0,0.0,-35.41078189786218
92,2024-01-09,24.914502230372065,-49.21484496533561,-38.98672013993595,24.914502230372065,24.914502230372065,-69.00790502060926,-69.00790502060926,-69.00790502060926,-69.00790502060926,-69.00790502060926,-69.00790502060926,0.0,0.0,0.0,-44.09340279023719
93,2024-01-10,24.91687511054961,-57.52082980510723,-46.97047834014015,24.91687511054961,24.91687511054961,-77.12630632345244,-77.12630632345244,-77.12630632345244,-77.12630632345244,-77.12630632345244,-77.12630632345244,0.0,0.0,0.0,-52.20943121290283
94,2024-01-11,24.91924799072716,-64.80484930085255,-54.96940949712395,24.91924799072716,24.91924799072716,-84.48929241155749,-84.48929241155749,-84.48929241155749,-84.48929241155749,-84.48929241155749,-84.48929241155749,0.0,0.0,0.0,-59.57004442083033
95,2024-01-12,24.92162087090471,-71.00907849176293,-61.05842978404712,24.92162087090471,24.92162087090471,-90.9241972054433,-90.9241972054433,-90.9241972054433,-90.9241972054433,-90.9241972054433,-90.9241972054433,0.0,0.0,0.0,-66.00257633453859
96,2024-01-13,24.923993751082254,-76.23228096377306,-66.20356141090699,24.923993751082254,24.923993751082254,-96.27885623597325,-96.27885623597325,-96.27885623597325,-96.27885623597325,-96.27885623597325,-96.27885623597325,0.0,0.0,0.0,-71.354862484891
97,2024-01-14,24.9263666312598,-80.50378582483346,-70.42703303977791,24.9263666312598,24.9263666312598,-100.42540232166182,-100.42540232166182,-100.42540232166182,-100.42540232166182,-100.42540232166182,-100.42540232166182,0.0,0.0,0.0,-75.49903569040202
98,2024-01-15,24.928739511437346,-83.58176631516702,-73.62266650226059,24.928739511437346,24.928739511437346,-103.26341230868634,-103.26341230868634,-103.26341230868634,-103.26341230868634,-103.26341230868634,-103.26341230868634,0.0,0.0,0.0,-78.334672797249
99,2024-01-16,24.931112391614892,-84.82836713321994,-74.78823866583353,24.931112391614892,24.931112391614892,-104.72232352954823,-104.72232352954823,-104.72232352954823,-104.72232352954823,-104.72232352954823,-104.72232352954823,0.0,0.0,0.0,-79.79121113793335
100,2024-01-17,24.933485271792442,-84.9437131258978,-74.68996097656118,24.933485271792442,24.933485271792442,-104.76305915292937,-104.76305915292937,-104.76305915292937,-104.76305915292937,-104.76305915292937,-104.76305915292937,0.0,0.0,0.0,-79.82957388113692
101,2024-01-18,24.935858151969985,-83.14249391723749,-73.58654371315879,24.935858151969985,24.935858151969985,-103.37882371411068,-103.37882371411068,-103.37882371411068,-103.37882371411068,-103.37882371411068,-103.37882371411068,0.0,0.0,0.0,-78.4429655621407
102,2024-01-19,24.938231032147534,-80.72524843633194,-70.26799403579957,24.938216603963124,24.938231032147534,-100.59505319788947,-100.59505319788947,-100.59505319788947,-100.59505319788947,-100.59505319788947,-100.59505319788947,0.0,0.0,0.0,-75.65682216574194
103,2024-01-20,24.940603912325077,-76.36056462606865,-66.16271983661933,24.94056787863528,24.940609269596266,-96.4685274379571,-96.4685274379571,-96.4685274379571,-96.4685274379571,-96.4685274379571,-96.4685274379571,0.0,0.0,0.0,-71.52792352563203
104,2024-01-21,24.942976792502623,-71.01785160192394,-61.320016442372555,24.942905210585494,24.942999289191434,-91.0856756313402,-91.0856756313402,-91.0856756313402,-91.0856756313402,-91.0856756313402,-91.0856756313402,0.0,0.0,0.0,-66.14269883883757
105,2024-01-22,24.945349672680173,-64.69468554414239,-54.49512926462065,24.94524882675998,24.945376693410033,-84.56012779317356,-84.56012779317356,-84.56012779317356,-84.56012779317356,-84.56012779317356,-84.56012779317356,0.0,0.0,0.0,-59.61477812049339
106,2024-01-23,24.947722552857723,-56.99019726469163,-46.83076508027964,24.947585668725363,24.94776399434144,-77.0295853764286,-77.0295853764286,-77.0295853764286,-77.0295853764286,-77.0295853764286,-77.0295853764286,0.0,0.0,0.0,-52.08186282357087
107,2024-01-24,24.950095433035266,-48.33236421011672,-38.295407396551916,24.949921881805125,24.950144976953247,-68.65210248090446,-68.65210248090446,-68.65210248090446,-68.65210248090446,-68.65210248090446,-68.65210248090446,0.0,0.0,0.0,-43.702007047869195
