,ds,trend,yhat_lower,yhat_upper,trend_lower,trend_upper,additive_terms,additive_terms_lower,additive_terms_upper,yearly,yearly_lower,yearly_upper,multiplicative_terms,multiplicative_terms_lower,multiplicative_terms_upper,yhat
0,2008-01-31,27.55083904685872,21.43013365753357,32.249153175483755,27.55083904685872,27.55083904685872,-0.7198515601100701,-0.7198515601100701,-0.7198515601100701,-0.7198515601100701,-0.7198515601100701,-0.7198515601100701,0.0,0.0,0.0,26.83098748674865
1,2008-02-29,27.50290345464293,23.808583674683362,34.25461786615162,27.50290345464293,27.50290345464293,1.285501235544163,1.285501235544163,1.285501235544163,1.285501235544163,1.285501235544163,1.285501235544163,0.0,0.0,0.0,28.788404690187093
2,2008-03-31,27.451661959515704,23.198331676839018,33.439458402018985,27.451661959515704,27.451661959515704,0.8338296224789901,0.8338296224789901,0.8338296224789901,0.8338296224789901,0.8338296224789901,0.8338296224789901,0.0,0.0,0.0,28.285491581994695
3,2008-04-30,27.402073415844193,19.252088169370705,29.653696302031342,27.402073415844193,27.402073415844193,-2.9296428021078507,-2.9296428021078507,-2.9296428021078507,-2.9296428021078507,-2.9296428021078507,-2.9296428021078507,0.0,0.0,0.0,24.472430613736343
4,2008-05-31,27.35083192071697,20.631929868147047,31.21348526798047,27.35083192071697,27.35083192071697,-1.4658771296637945,-1.4658771296637945,-1.4658771296637945,-1.4658771296637945,-1.4658771296637945,-1.4658771296637945,0.0,0.0,0.0,25.884954791053175
5,2008-06-30,27.30124337704546,21.503588196602223,31.438898795201595,27.30124337704546,27.30124337704546,-0.9784525973417713,-0.9784525973417713,-0.9784525973417713,-0.9784525973417713,-0.9784525973417713,-0.9784525973417713,0.0,0.0,0.0,26.322790779703688
6,2008-07-31,27.250001881918234,21.705392932490774,32.26413756730715,27.250001881918234,27.250001881918234,-0.30822978469750106,-0.30822978469750106,-0.30822978469750106,-0.30822978469750106,-0.30822978469750106,-0.30822978469750106,0.0,0.0,0.0,26.94177209722073
7,2008-08-31,27.1987603865762,22.23508083994059,32.72459679464207,27.1987603865762,27.1987603865762,0.03045108026418592,0.03045108026418592,0.03045108026418592,0.03045108026418592,0.03045108026418592,0.03045108026418592,0.0,0.0,0.0,27.229211466840386
8,2008-09-30,27.14917184269681,20.481294437260107,30.625603962943917,27.14917184269681,27.14917184269681,-1.4479394213395813,-1.4479394213395813,-1.4479394213395813,-1.4479394213395813,-1.4479394213395813,-1.4479394213395813,0.0,0.0,0.0,25.70123242135723
9,2008-10-31,27.097930347354776,24.561935935762406,35.45403166604316,27.097930347354776,27.097930347354776,2.6723658831958765,2.6723658831958765,2.6723658831958765,2.6723658831958765,2.6723658831958765,2.6723658831958765,0.0,0.0,0.0,29.770296230550652
10,2008-11-30,27.04834180347539,22.564721641918975,33.15744152301218,27.04834180347539,27.04834180347539,0.7039466916577006,0.7039466916577006,0.7039466916577006,0.7039466916577006,0.7039466916577006,0.7039466916577006,0.0,0.0,0.0,27.752288495133094
11,2008-12-31,26.99710030813335,21.512918335111834,32.17112238244041,26.99710030813335,26.99710030813335,-0.07273930008160796,-0.07273930008160796,-0.07273930008160796,-0.07273930008160796,-0.07273930008160796,-0.07273930008160796,0.0,0.0,0.0,26.924361008051743
12,2009-01-31,26.945858812791315,19.052764078955896,29.61274484933232,26.945858812791315,26.945858812791315,-2.6399309914296114,-2.6399309914296114,-2.6399309914296114,-2.6399309914296114,-2.6399309914296114,-2.6399309914296114,0.0,0.0,0.0,24.305927821361703
13,2009-02-28,26.89957617212203,22.22293132493237,32.48792166512093,26.89957617212203,26.89957617212203,0.4085083144111285,0.4085083144111285,0.4085083144111285,0.4085083144111285,0.4085083144111285,0.4085083144111285,0.0,0.0,0.0,27.308084486533158
14,2009-03-31,26.848334677095313,22.10409444327072,32.217397003711326,26.848334677095313,26.848334677095313,0.15965548153396908,0.15965548153396908,0.15965548153396908,0.15965548153396908,0.15965548153396908,0.15965548153396908,0.0,0.0,0.0,27.007990158629283
15,2009-04-30,26.798746133521075,19.192575020133958,29.809401615859354,26.798746133521075,26.798746133521075,-2.246082253163697,-2.246082253163697,-2.246082253163697,-2.246082253163697,-2.246082253163697,-2.246082253163697,0.0,0.0,0.0,24.55266388035738
16,2009-05-31,26.747504638494362,19.865816535693533,30.568293866330144,26.747504638494362,26.747504638494362,-1.3097321060340437,-1.3097321060340437,-1.3097321060340437,-1.3097321060340437,-1.3097321060340437,-1.3097321060340437,0.0,0.0,0.0,25.43777253246032
17,2009-06-30,26.69791609492012,20.864922371008046,31.55720011142263,26.69791609492012,26.69791609492012,-0.7971102880429074,-0.7971102880429074,-0.7971102880429074,-0.7971102880429074,-0.7971102880429074,-0.7971102880429074,0.0,0.0,0.0,25.900805806877212
18,2009-07-31,26.64667459989341,20.830154196486735,31.416779997342136,26.64667459989341,26.64667459989341,-0.42530440381745543,-0.42530440381745543,-0.42530440381745543,-0.42530440381745543,-0.42530440381745543,-0.42530440381745543,0.0,0.0,0.0,26.221370196075952
19,2009-08-31,26.595433105105183,20.97821496054657,31.561837546730594,26.595433105105183,26.595433105105183,-0.2714057207478126,-0.2714057207478126,-0.2714057207478126,-0.2714057207478126,-0.2714057207478126,-0.2714057207478126,0.0,0.0,0.0,26.32402738435737
20,2009-09-30,26.545844561761736,20.408654973947804,30.759325487647427,26.545844561761736,26.545844561761736,-1.0025983588055376,-1.0025983588055376,-1.0025983588055376,-1.0025983588055376,-1.0025983588055376,-1.0025983588055376,0.0,0.0,0.0,25.543246202956198
21,2009-10-31,26.49460306697351,22.83616402128295,34.0494737868072,26.49460306697351,26.49460306697351,1.9222795687713858,1.9222795687713858,1.9222795687713858,1.9222795687713858,1.9222795687713858,1.9222795687713858,0.0,0.0,0.0,28.416882635744898
22,2009-11-30,26.445014523630068,21.72172873218309,32.429745700558534,26.445014523630068,26.445014523630068,0.6289842297568768,0.6289842297568768,0.6289842297568768,0.6289842297568768,0.6289842297568768,0.6289842297568768,0.0,0.0,0.0,27.073998753386945
23,2009-12-31,26.393773028841842,21.62397485437593,32.335091673334354,26.393773028841842,26.393773028841842,0.6632890551277526,0.6632890551277526,0.6632890551277526,0.6632890551277526,0.6632890551277526,0.6632890551277526,0.0,0.0,0.0,27.057062083969594
24,2010-01-31,26.34253153405361,19.05230744688221,29.730755422390118,26.34253153405361,26.34253153405361,-1.9794014558688016,-1.9794014558688016,-1.9794014558688016,-1.9794014558688016,-1.9794014558688016,-1.9794014558688016,0.0,0.0,0.0,24.36313007818481
25,2010-02-28,26.296248894668533,20.667732964093624,31.303788698856472,26.296248894668533,26.296248894668533,-0.48390124876947205,-0.48390124876947205,-0.48390124876947205,-0.48390124876947205,-0.48390124876947205,-0.48390124876947205,0.0,0.0,0.0,25.81234764589906
26,2010-03-31,26.245007401063635,20.339139966443675,30.859243422967545,26.245007401063635,26.245007401063635,-0.4953066920197428,-0.4953066920197428,-0.4953066920197428,-0.4953066920197428,-0.4953066920197428,-0.4953066920197428,0.0,0.0,0.0,25.749700709043893
27,2010-04-30,26.19541885886534,19.220378006561422,30.19420966645345,26.19541885886534,26.19541885886534,-1.5461919089491516,-1.5461919089491516,-1.5461919089491516,-1.5461919089491516,-1.5461919089491516,-1.5461919089491516,0.0,0.0,0.0,24.64922694991619
28,2010-05-31,26.144177365260443,19.96153791731899,30.302264571908722,26.144177365260443,26.144177365260443,-1.15655246388096,-1.15655246388096,-1.15655246388096,-1.15655246388096,-1.15655246388096,-1.15655246388096,0.0,0.0,0.0,24.987624901379483
29,2010-06-30,26.094588823062146,19.858346998056184,30.208189394285412,26.094588823062146,26.094588823062146,-0.623277783402413,-0.623277783402413,-0.623277783402413,-0.623277783402413,-0.623277783402413,-0.623277783402413,0.0,0.0,0.0,25.47131103965973
30,2010-07-31,26.043347329457248,20.317250839167247,30.535178621418297,26.043347329457248,26.043347329457248,-0.5508725901078072,-0.5508725901078072,-0.5508725901078072,-0.5508725901078072,-0.5508725901078072,-0.5508725901078072,0.0,0.0,0.0,25.49247473934944
31,2010-08-31,25.992105834408218,20.316617522677227,30.59500857724424,25.992105834408218,25.992105834408218,-0.5709249769613879,-0.5709249769613879,-0.5709249769613879,-0.5709249769613879,-0.5709249769613879,-0.5709249769613879,0.0,0.0,0.0,25.42118085744683
32,2010-09-30,25.942517290812383,20.134723798799044,30.699570442038308,25.942517290812383,25.942517290812383,-0.5620586043904021,-0.5620586043904021,-0.5620586043904021,-0.5620586043904021,-0.5620586043904021,-0.5620586043904021,0.0,0.0,0.0,25.38045868642198
33,2010-10-31,25.891275795763352,21.63745758774857,32.487416100192554,25.891275795763352,25.891275795763352,1.1695721006762134,1.1695721006762134,1.1695721006762134,1.1695721006762134,1.1695721006762134,1.1695721006762134,0.0,0.0,0.0,27.060847896439565
34,2010-11-30,25.841687252167514,21.18434738252532,31.95216274247487,25.841687252167514,25.841687252167514,0.576027800148132,0.576027800148132,0.576027800148132,0.576027800148132,0.576027800148132,0.576027800148132,0.0,0.0,0.0,26.417715052315646
35,2010-12-31,25.790445757118484,22.103216164997686,32.59076523057884,25.790445757118484,25.790445757118484,1.4080355771242905,1.4080355771242905,1.4080355771242905,1.4080355771242905,1.4080355771242905,1.4080355771242905,0.0,0.0,0.0,27.198481334242775
36,2011-01-31,25.739204262069457,18.923572193638353,29.553880753571093,25.739204262069457,25.739204262069457,-1.3391026366741223,-1.3391026366741223,-1.3391026366741223,-1.3391026366741223,-1.3391026366741223,-1.3391026366741223,0.0,0.0,0.0,24.400101625395333
37,2011-02-28,25.69292162274407,19.40345033438139,29.779151795145808,25.69292162274407,25.69292162274407,-1.390574141635214,-1.390574141635214,-1.390574141635214,-1.390574141635214,-1.390574141635214,-1.390574141635214,0.0,0.0,0.0,24.302347481108857
38,2011-03-31,25.64168012920526,19.343517333785712,29.538271671664923,25.64168012920526,25.64168012920526,-1.1301644456432027,-1.1301644456432027,-1.1301644456432027,-1.1301644456432027,-1.1301644456432027,-1.1301644456432027,0.0,0.0,0.0,24.511515683562056
39,2011-04-30,25.59209158707092,19.264771382833057,30.140344492887714,25.59209158707092,25.59209158707092,-0.8306618375389071,-0.8306618375389071,-0.8306618375389071,-0.8306618375389071,-0.8306618375389071,-0.8306618375389071,0.0,0.0,0.0,24.761429749532013
40,2011-05-31,25.54085009353211,19.16912455711082,30.072059919737576,25.54085009353211,25.54085009353211,-1.0067925138036022,-1.0067925138036022,-1.0067925138036022,-1.0067925138036022,-1.0067925138036022,-1.0067925138036022,0.0,0.0,0.0,24.534057579728508
41,2011-06-30,25.491261551397773,20.03904954795829,30.374526112130727,25.491261551397773,25.491261551397773,-0.4572000533649856,-0.4572000533649856,-0.4572000533649856,-0.4572000533649856,-0.4572000533649856,-0.4572000533649856,0.0,0.0,0.0,25.034061498032788
42,2011-07-31,25.440020057858955,20.088161180825054,30.261808613852175,25.440020057858955,25.440020057858955,-0.684771200400331,-0.684771200400331,-0.684771200400331,-0.684771200400331,-0.684771200400331,-0.684771200400331,0.0,0.0,0.0,24.755248857458625
43,2011-08-31,25.388778564320145,19.390405772344987,29.95943571930035,25.388778564320145,25.388778564320145,-0.8678092199331798,-0.8678092199331798,-0.8678092199331798,-0.8678092199331798,-0.8678092199331798,-0.8678092199331798,0.0,0.0,0.0,24.520969344386966
44,2011-09-30,25.339190022092144,20.068123354578173,30.608984598049997,25.339190022092144,25.339190022092144,-0.1265192938271006,-0.1265192938271006,-0.1265192938271006,-0.1265192938271006,-0.1265192938271006,-0.1265192938271006,0.0,0.0,0.0,25.212670728265042
45,2011-10-31,25.287948528456546,20.340526060280187,30.33122146392728,25.287948528456546,25.287948528456546,0.41502983622513917,0.41502983622513917,0.41502983622513917,0.41502983622513917,0.41502983622513917,0.41502983622513917,0.0,0.0,0.0,25.702978364681684
46,2011-11-30,25.23835998622855,20.686958799412157,31.146054711503638,25.23835998622855,25.23835998622855,0.5450805556030155,0.5450805556030155,0.5450805556030155,0.5450805556030155,0.5450805556030155,0.5450805556030155,0.0,0.0,0.0,25.783440541831563
47,2011-12-31,25.18711849259295,22.041910866697783,33.07123764031519,25.18711849259295,25.18711849259295,2.1604685632042715,2.1604685632042715,2.1604685632042715,2.1604685632042715,2.1604685632042715,2.1604685632042715,0.0,0.0,0.0,27.347587055797224
48,2012-01-31,25.135876998957354,19.18036251991954,29.37800955924577,25.135876998957354,25.135876998957354,-0.7198515601080724,-0.7198515601080724,-0.7198515601080724,-0.7198515601080724,-0.7198515601080724,-0.7198515601080724,0.0,0.0,0.0,24.41602543884928
49,2012-02-29,25.087941408136956,21.12592668412512,31.485751554029132,25.087941408136956,25.087941408136956,1.2855012355370965,1.2855012355370965,1.2855012355370965,1.2855012355370965,1.2855012355370965,1.2855012355370965,0.0,0.0,0.0,26.373442643674053
50,2012-03-31,25.03669991517595,20.627613014829937,31.11370821230545,25.03669991517595,25.03669991517595,0.8338296224797264,0.8338296224797264,0.8338296224797264,0.8338296224797264,0.8338296224797264,0.8338296224797264,0.0,0.0,0.0,25.870529537655678
51,2012-04-30,24.987111373600783,16.85988798844204,27.0588578423919,24.987111373600783,24.987111373600783,-2.929642802110197,-2.929642802110197,-2.929642802110197,-2.929642802110197,-2.929642802110197,-2.929642802110197,0.0,0.0,0.0,22.057468571490585
52,2012-05-31,24.93586988063978,18.146553322977727,28.515747475048872,24.93586988063978,24.93586988063978,-1.4658771296608308,-1.4658771296608308,-1.4658771296608308,-1.4658771296608308,-1.4658771296608308,-1.4658771296608308,0.0,0.0,0.0,23.469992750978946
53,2012-06-30,24.88628133906461,18.69579973551046,29.309796595652976,24.88628133906461,24.88628133906461,-0.9784525973415678,-0.9784525973415678,-0.9784525973415678,-0.9784525973415678,-0.9784525973415678,-0.9784525973415678,0.0,0.0,0.0,23.90782874172304
54,2012-07-31,24.835039846103605,18.906432091016505,30.117414646941786,24.835039846103605,24.835039846103605,-0.3082297846939861,-0.3082297846939861,-0.3082297846939861,-0.3082297846939861,-0.3082297846939861,-0.3082297846939861,0.0,0.0,0.0,24.52681006140962
55,2012-08-31,24.7837983531426,19.49341122667759,30.399335794315313,24.7837983531426,24.7837983531426,0.03045108026850748,0.03045108026850748,0.03045108026850748,0.03045108026850748,0.03045108026850748,0.03045108026850748,0.0,0.0,0.0,24.814249433411106
56,2012-09-30,24.73420981111749,17.963976394705487,28.27953246933275,24.73420981111749,24.73420981111749,-1.4479394213403634,-1.4479394213403634,-1.4479394213403634,-1.4479394213403634,-1.4479394213403634,-1.4479394213403634,0.0,0.0,0.0,23.28627038977713
57,2012-10-31,24.68296831769154,22.081321398784866,32.519629010207844,24.68296831769154,24.68296831769154,2.672365883196665,2.672365883196665,2.672365883196665,2.672365883196665,2.672365883196665,2.672365883196665,0.0,0.0,0.0,27.355334200888205
58,2012-11-30,24.63337977566643,19.951334271160547,30.724244712322328,24.63337977566643,24.63337977566643,0.7039466916558806,0.7039466916558806,0.7039466916558806,0.7039466916558806,0.7039466916558806,0.7039466916558806,0.0,0.0,0.0,25.33732646732231
59,2012-12-31,24.58213828224048,19.118638473535807,29.71063185716973,24.58213828224048,24.58213828224048,-0.07273930008465422,-0.07273930008465422,-0.07273930008465422,-0.07273930008465422,-0.07273930008465422,-0.07273930008465422,0.0,0.0,0.0,24.509398982155826
60,2013-01-31,24.530896788814534,16.6095919864078,26.79637163925841,24.530896788814534,24.530896788814534,-2.6399309914308233,-2.6399309914308233,-2.6399309914308233,-2.6399309914308233,-2.6399309914308233,-2.6399309914308233,0.0,0.0,0.0,21.89096579738371
61,2013-02-28,24.484614149591092,19.717377125558055,30.03725088816998,24.484614149591092,24.484614149591092,0.40850831441003954,0.40850831441003954,0.40850831441003954,0.40850831441003954,0.40850831441003954,0.40850831441003954,0.0,0.0,0.0,24.89312246400113
62,2013-03-31,24.43337265814852,19.45028004937172,29.940500533143485,24.43337265814852,24.43337265814852,0.15965548153556816,0.15965548153556816,0.15965548153556816,0.15965548153556816,0.15965548153556816,0.15965548153556816,0.0,0.0,0.0,24.59302813968409
63,2013-04-30,24.383784118042808,17.30190870846892,27.126755605220527,24.383784118042808,24.383784118042808,-2.246082253159624,-2.246082253159624,-2.246082253159624,-2.246082253159624,-2.246082253159624,-2.246082253159624,0.0,0.0,0.0,22.137701864883184
64,2013-05-31,24.33254262660024,17.53073268011355,28.408891541004664,24.33254262660024,24.33254262660024,-1.3097321060336597,-1.3097321060336597,-1.3097321060336597,-1.3097321060336597,-1.3097321060336597,-1.3097321060336597,0.0,0.0,0.0,23.02281052056658
65,2013-06-30,24.282954086494524,18.272954898584533,28.39597238304264,24.282954086494524,24.282954086494524,-0.7971102880375202,-0.7971102880375202,-0.7971102880375202,-0.7971102880375202,-0.7971102880375202,-0.7971102880375202,0.0,0.0,0.0,23.485843798457005
66,2013-07-31,24.231712595051953,18.807861537903086,29.16439589655488,24.231712595051953,24.231712595051953,-0.425304403819707,-0.425304403819707,-0.425304403819707,-0.425304403819707,-0.425304403819707,-0.425304403819707,0.0,0.0,0.0,23.806408191232247
67,2013-08-31,24.180471103609385,18.433086487670348,29.443444415560638,24.180471103609385,24.180471103609385,-0.27140572074086505,-0.27140572074086505,-0.27140572074086505,-0.27140572074086505,-0.27140572074086505,-0.27140572074086505,0.0,0.0,0.0,23.90906538286852
68,2013-09-30,24.13088256390278,17.89347870187844,28.318005842312896,24.13088256390278,24.13088256390278,-1.0025983588054825,-1.0025983588054825,-1.0025983588054825,-1.0025983588054825,-1.0025983588054825,-1.0025983588054825,0.0,0.0,0.0,23.128284205097298
69,2013-10-31,24.079641072872615,20.25796494616749,31.027693275833187,24.079641072872615,24.079641072872615,1.9222795687703003,1.9222795687703003,1.9222795687703003,1.9222795687703003,1.9222795687703003,1.9222795687703003,0.0,0.0,0.0,26.001920641642915
70,2013-11-30,24.030052533166007,19.11259681388008,29.868839287046423,24.030052533166007,24.030052533166007,0.6289842297565466,0.6289842297565466,0.6289842297565466,0.6289842297565466,0.6289842297565466,0.6289842297565466,0.0,0.0,0.0,24.659036762922554
71,2013-12-31,23.97881104213585,19.487393940290097,30.013522990081402,23.97881104213585,23.97881104213585,0.6632890551275934,0.6632890551275934,0.6632890551275934,0.6632890551275934,0.6632890551275934,0.6632890551275934,0.0,0.0,0.0,24.64210009726344
72,2014-01-31,23.927569551105684,16.79968046826984,27.296814349649573,23.927569551105684,23.927569551105684,-1.9794014558669828,-1.9794014558669828,-1.9794014558669828,-1.9794014558669828,-1.9794014558669828,-1.9794014558669828,0.0,0.0,0.0,21.9481680952387
73,2014-02-28,23.88128691404618,18.43729354546976,28.607629822796707,23.88128691404618,23.88128691404618,-0.4839012487686777,-0.4839012487686777,-0.4839012487686777,-0.4839012487686777,-0.4839012487686777,-0.4839012487686777,0.0,0.0,0.0,23.3973856652775
74,2014-03-31,23.83004541968075,17.715533365873988,28.37175937270289,23.83004541968075,23.83004541968075,-0.4953066920199389,-0.4953066920199389,-0.4953066920199389,-0.4953066920199389,-0.4953066920199389,-0.4953066920199389,0.0,0.0,0.0,23.334738727660813
75,2014-04-30,23.78045687674647,17.33527436634817,27.645933498148803,23.78045687674647,23.78045687674647,-1.5461919089450542,-1.5461919089450542,-1.5461919089450542,-1.5461919089450542,-1.5461919089450542,-1.5461919089450542,0.0,0.0,0.0,22.234264967801415
76,2014-05-31,23.72921538238104,17.33290762178723,27.771702063999243,23.72921538238104,23.72921538238104,-1.1565524638797442,-1.1565524638797442,-1.1565524638797442,-1.1565524638797442,-1.1565524638797442,-1.1565524638797442,0.0,0.0,0.0,22.572662918501294
77,2014-06-30,23.67962683944675,18.084474446183705,28.06574032871888,23.67962683944675,23.67962683944675,-0.6232777834005788,-0.6232777834005788,-0.6232777834005788,-0.6232777834005788,-0.6232777834005788,-0.6232777834005788,0.0,0.0,0.0,23.056349056046173
78,2014-07-31,23.628385345081323,17.638416443865662,28.26966461894923,23.628385345081323,23.628385345081323,-0.5508725901096645,-0.5508725901096645,-0.5508725901096645,-0.5508725901096645,-0.5508725901096645,-0.5508725901096645,0.0,0.0,0.0,23.077512754971657
79,2014-08-31,23.5771438507159,17.572989546137293,28.306871449354034,23.5771438507159,23.5771438507159,-0.5709249769665095,-0.5709249769665095,-0.5709249769665095,-0.5709249769665095,-0.5709249769665095,-0.5709249769665095,0.0,0.0,0.0,23.00621887374939
80,2014-09-30,23.527555139719183,18.02622276354077,28.68135232939636,23.527555139719183,23.527555139719183,-0.5620586043902808,-0.5620586043902808,-0.5620586043902808,-0.5620586043902808,-0.5620586043902808,-0.5620586043902808,0.0,0.0,0.0,22.965496535328903
81,2014-10-31,23.47631347168924,19.153550885001838,29.855921449233012,23.47631347168924,23.47631347168924,1.169572100674481,1.169572100674481,1.169572100674481,1.169572100674481,1.169572100674481,1.169572100674481,0.0,0.0,0.0,24.645885572363724
82,2014-11-30,23.42672476069253,18.888145770798488,29.344767003484208,23.42672476069253,23.42672476069253,0.5760278001488123,0.5760278001488123,0.5760278001488123,0.5760278001488123,0.5760278001488123,0.5760278001488123,0.0,0.0,0.0,24.00275256084134
83,2014-12-31,23.37548309266259,19.475317795281423,29.94957884541732,23.37548309266259,23.37548309266259,1.408035577118912,1.408035577118912,1.408035577118912,1.408035577118912,1.408035577118912,1.408035577118912,0.0,0.0,0.0,24.783518669781504
84,2015-01-31,23.32424142463265,16.92885975491811,27.144951843623932,23.32424142463265,23.32424142463265,-1.3391026366720575,-1.3391026366720575,-1.3391026366720575,-1.3391026366720575,-1.3391026366720575,-1.3391026366720575,0.0,0.0,0.0,21.985138787960594
85,2015-02-28,23.277958627702382,16.822474082340772,27.13311786661443,23.277958627702382,23.277958627702382,-1.390574141636728,-1.390574141636728,-1.390574141636728,-1.390574141636728,-1.390574141636728,-1.390574141636728,0.0,0.0,0.0,21.887384486065656
86,2015-03-31,23.226301399072284,16.311355343689367,27.16051339922394,23.226301399072284,23.226301399072284,-1.1301644456404643,-1.1301644456404643,-1.1301644456404643,-1.1301644456404643,-1.1301644456404643,-1.1301644456404643,0.0,0.0,0.0,22.09613695343182
87,2015-04-30,23.176310532656053,16.79199899268953,27.567159364970646,23.176310532656053,23.176310532656053,-0.8306618375435443,-0.8306618375435443,-0.8306618375435443,-0.8306618375435443,-0.8306618375435443,-0.8306618375435443,0.0,0.0,0.0,22.34564869511251
88,2015-05-31,23.124653304025948,16.876386105985272,27.420307012731428,23.124653304025948,23.124653304025948,-1.0067925138026719,-1.0067925138026719,-1.0067925138026719,-1.0067925138026719,-1.0067925138026719,-1.0067925138026719,0.0,0.0,0.0,22.117860790223276
89,2015-06-30,23.074662437609717,17.40443187329244,28.263196867997035,23.074662437609717,23.074662437609717,-0.45720005336718306,-0.45720005336718306,-0.45720005336718306,-0.45720005336718306,-0.45720005336718306,-0.45720005336718306,0.0,0.0,0.0,22.617462384242533
90,2015-07-31,23.02300520897962,16.857196188992084,27.952029081251034,23.02300520897962,23.02300520897962,-0.6847712004001671,-0.6847712004001671,-0.6847712004001671,-0.6847712004001671,-0.6847712004001671,-0.6847712004001671,0.0,0.0,0.0,22.33823400857945
91,2015-08-31,22.971347980349517,16.82319941427479,27.166171304707273,22.971347980349517,22.971347980349517,-0.8678092199326748,-0.8678092199326748,-0.8678092199326748,-0.8678092199326748,-0.8678092199326748,-0.8678092199326748,0.0,0.0,0.0,22.103538760416843
92,2015-09-30,22.918315079446284,17.264672572241036,28.085064805390335,22.918315079446284,22.918315079446284,-0.12651929382582114,-0.12651929382582114,-0.12651929382582114,-0.12651929382582114,-0.12651929382582114,-0.12651929382582114,0.0,0.0,0.0,22.79179578562046
93,2015-10-31,22.863514415179612,17.654555632588092,28.218785305230654,22.863514415179612,22.863514415179612,0.4150298362281947,0.4150298362281947,0.4150298362281947,0.4150298362281947,0.4150298362281947,0.4150298362281947,0.0,0.0,0.0,23.278544251407805
94,2015-11-30,22.81048151427638,17.92827417484443,28.709986327746925,22.81048151427638,22.81048151427638,0.5450805556026137,0.5450805556026137,0.5450805556026137,0.5450805556026137,0.5450805556026137,0.5450805556026137,0.0,0.0,0.0,23.355562069878992
95,2015-12-31,22.75568085000971,19.432219741957923,29.989480602811476,22.75568085000971,22.75568085000971,2.1604685632098537,2.1604685632098537,2.1604685632098537,2.1604685632098537,2.1604685632098537,2.1604685632098537,0.0,0.0,0.0,24.916149413219564
96,2016-01-31,22.70088018574304,16.569869243686586,27.322579187692853,22.70088018574304,22.70088018574304,-0.7198515601091946,-0.7198515601091946,-0.7198515601091946,-0.7198515601091946,-0.7198515601091946,-0.7198515601091946,0.0,0.0,0.0,21.981028625633844
97,2016-02-29,22.649615048203245,18.582456527755653,29.08334064261342,22.649615048203245,22.649615048203245,1.2855012355399522,1.2855012355399522,1.2855012355399522,1.2855012355399522,1.2855012355399522,1.2855012355399522,0.0,0.0,0.0,23.9351162837432
98,2016-03-31,22.592806520663448,18.30133606145834,28.69296542134975,22.592806520663448,22.592806520663448,0.8338296224752224,0.8338296224752224,0.8338296224752224,0.8338296224752224,0.8338296224752224,0.8338296224752224,0.0,0.0,0.0,23.42663614313867
99,2016-04-30,22.537830526270096,14.074553013026973,24.88754375291239,22.537830526270096,22.537830526270096,-2.929642802108142,-2.929642802108142,-2.929642802108142,-2.929642802108142,-2.929642802108142,-2.929642802108142,0.0,0.0,0.0,19.608187724161954
100,2016-05-31,22.481021998730302,16.00248217647049,26.436259450736443,22.481021998730302,22.481021998730302,-1.4658771296626423,-1.4658771296626423,-1.4658771296626423,-1.4658771296626423,-1.4658771296626423,-1.4658771296626423,0.0,0.0,0.0,21.01514486906766
101,2016-06-30,22.426046004336953,16.13001297814239,26.628417851849274,22.426046004336953,22.426046004336953,-0.9784525973361564,-0.9784525973361564,-0.9784525973361564,-0.9784525973361564,-0.9784525973361564,-0.9784525973361564,0.0,0.0,0.0,21.447593407000795
102,2016-07-31,22.369237476797153,16.900420901420883,27.415288910356185,22.369237476797153,22.369237476797153,-0.3082297846957859,-0.3082297846957859,-0.3082297846957859,-0.3082297846957859,-0.3082297846957859,-0.3082297846957859,0.0,0.0,0.0,22.061007692101366
103,2016-08-31,22.31242894925736,16.811226260257214,27.667529538077822,22.31242894925736,22.31242894925736,0.0304510802662169,0.0304510802662169,0.0304510802662169,0.0304510802662169,0.0304510802662169,0.0304510802662169,0.0,0.0,0.0,22.342880029523577
104,2016-09-30,22.250144828158074,15.712653740474284,26.07308176197688,22.250144828158074,22.250144828158074,-1.4479394213380299,-1.4479394213380299,-1.4479394213380299,-1.4479394213380299,-1.4479394213380299,-1.4479394213380299,0.0,0.0,0.0,20.802205406820043
105,2016-10-31,22.185784569688817,19.645926331309443,30.11062415460292,22.185784569688817,22.185784569688817,2.672365883199615,2.672365883199615,2.672365883199615,2.672365883199615,2.672365883199615,2.672365883199615,0.0,0.0,0.0,24.85815045288843
106,2016-11-30,22.12350044858953,17.07063822876873,27.977778539126742,22.12350044858953,22.12350044858953,0.703946691654259,0.703946691654259,0.703946691654259,0.703946691654259,0.703946691654259,0.703946691654259,0.0,0.0,0.0,22.82744714024379
107,2016-12-31,22.05914019012027,16.749254897579743,27.470692830015444,22.05914019012027,22.05914019012027,-0.0727393000842478,-0.0727393000842478,-0.0727393000842478,-0.0727393000842478,-0.0727393000842478,-0.0727393000842478,0.0,0.0,0.0,21.986400890036023
108,2017-01-31,21.994779931651014,14.083499092248925,24.606410628091584,21.994779931651014,21.994779931651014,-2.6399309914337588,-2.6399309914337588,-2.6399309914337588,-2.6399309914337588,-2.6399309914337588,-2.6399309914337588,0.0,0.0,0.0,19.354848940217256
109,2017-02-28,21.936648085291687,16.869968009458326,27.809003485813516,21.936648085291687,21.936648085291687,0.4085083144071507,0.4085083144071507,0.4085083144071507,0.4085083144071507,0.4085083144071507,0.4085083144071507,0.0,0.0,0.0,22.345156399698837
110,2017-03-31,21.871971313312844,16.622808920065346,27.520067945169433,21.871971313312844,21.871971313312844,0.15965548153525785,0.15965548153525785,0.15965548153525785,0.15965548153525785,0.15965548153525785,0.15965548153525785,0.0,0.0,0.0,22.0316267948481
111,2017-04-30,21.809380888817184,14.30130384503756,24.66642946569917,21.809380888817184,21.809380888817184,-2.2460822531594804,-2.2460822531594804,-2.2460822531594804,-2.2460822531594804,-2.2460822531594804,-2.2460822531594804,0.0,0.0,0.0,19.563298635657702
112,2017-05-31,21.744704116838342,15.131665907788381,25.568856347721134,21.744704116838342,21.744704116838342,-1.3097321060354312,-1.3097321060354312,-1.3097321060354312,-1.3097321060354312,-1.3097321060354312,-1.3097321060354312,0.0,0.0,0.0,20.434972010802912
113,2017-06-30,21.68211369234269,15.680708721787973,25.99322709575168,21.68211369234269,21.68211369234269,-0.7971102880411065,-0.7971102880411065,-0.7971102880411065,-0.7971102880411065,-0.7971102880411065,-0.7971102880411065,0.0,0.0,0.0,20.88500340430158
114,2017-07-31,21.617436920363847,16.084182002505912,26.67132913180995,21.617436920363847,21.617436920363847,-0.42530440381844364,-0.42530440381844364,-0.42530440381844364,-0.42530440381844364,-0.42530440381844364,-0.42530440381844364,0.0,0.0,0.0,21.192132516545403
115,2017-08-31,21.552760148385005,16.23117331087404,26.109371995157243,21.552760148385005,21.552760148385005,-0.2714057207424063,-0.2714057207424063,-0.2714057207424063,-0.2714057207424063,-0.2714057207424063,-0.2714057207424063,0.0,0.0,0.0,21.281354427642597
116,2017-09-30,21.490169723889352,14.839038530656627,25.928343621799183,21.490169723889352,21.490169723889352,-1.0025983588064218,-1.0025983588064218,-1.0025983588064218,-1.0025983588064218,-1.0025983588064218,-1.0025983588064218,0.0,0.0,0.0,20.48757136508293
117,2017-10-31,21.424991936013413,18.337686709142087,28.710150742333497,21.424991936013413,21.424991936013413,1.9222795687684975,1.9222795687684975,1.9222795687684975,1.9222795687684975,1.9222795687684975,1.9222795687684975,0.0,0.0,0.0,23.34727150478191
118,2017-11-30,21.361916657423787,16.672390937421902,27.26809336888791,21.361916657423787,21.361916657423787,0.6289842297551711,0.6289842297551711,0.6289842297551711,0.6289842297551711,0.6289842297551711,0.6289842297551711,0.0,0.0,0.0,21.99090088717896
119,2017-12-31,21.296738869547845,16.697540797270896,27.04346309749085,21.296738869547845,21.296738869547845,0.663289055128608,0.663289055128608,0.663289055128608,0.663289055128608,0.663289055128608,0.663289055128608,0.0,0.0,0.0,21.960027924676453
120,2018-01-31,21.231561081671902,14.280829028831027,24.90844773704145,21.231561081671902,21.231561081671902,-1.9794014558701363,-1.9794014558701363,-1.9794014558701363,-1.9794014558701363,-1.9794014558701363,-1.9794014558701363,0.0,0.0,0.0,19.252159625801767
121,2018-02-28,21.17269082165492,15.617816259972455,25.656347152964734,21.17269082165492,21.17269082165492,-0.4839012487701402,-0.4839012487701402,-0.4839012487701402,-0.4839012487701402,-0.4839012487701402,-0.4839012487701402,0.0,0.0,0.0,20.68878957288478
122,2018-03-31,21.10751303377898,15.195983258053321,25.63728398384899,21.10751303377898,21.10751303377898,-0.4953066920166686,-0.4953066920166686,-0.4953066920166686,-0.4953066920166686,-0.4953066920166686,-0.4953066920166686,0.0,0.0,0.0,20.61220634176231
123,2018-04-30,21.04443773929474,14.360201047963338,24.93525270741832,21.04443773929474,21.04443773929474,-1.5461919089467064,-1.5461919089467064,-1.5461919089467064,-1.5461919089467064,-1.5461919089467064,-1.5461919089467064,0.0,0.0,0.0,19.498245830348033
124,2018-05-31,20.97925993499436,14.548168217377217,25.25581629274944,20.97925993499436,20.97925993499436,-1.1565524638813551,-1.1565524638813551,-1.1565524638813551,-1.1565524638813551,-1.1565524638813551,-1.1565524638813551,0.0,0.0,0.0,19.822707471113006
125,2018-06-30,20.916184640510117,15.287165633908847,25.429214382175104,20.916184640510117,20.916184640510117,-0.6232777834018909,-0.6232777834018909,-0.6232777834018909,-0.6232777834018909,-0.6232777834018909,-0.6232777834018909,0.0,0.0,0.0,20.292906857108225
126,2018-07-31,20.851006836209738,14.838848926984626,24.86141141802081,20.851006836209738,20.851006836209738,-0.550872590108919,-0.550872590108919,-0.550872590108919,-0.550872590108919,-0.550872590108919,-0.550872590108919,0.0,0.0,0.0,20.300134246100818
127,2018-08-31,20.78582903190936,14.949416961044744,25.21612207982793,20.78582903190936,20.78582903190936,-0.5709249769633009,-0.5709249769633009,-0.5709249769633009,-0.5709249769633009,-0.5709249769633009,-0.5709249769633009,0.0,0.0,0.0,20.214904054946057
128,2018-09-30,20.72275373742512,14.91306333928757,25.31064590859382,20.72275373742512,20.72275373742512,-0.5620586043906445,-0.5620586043906445,-0.5620586043906445,-0.5620586043906445,-0.5620586043906445,-0.5620586043906445,0.0,0.0,0.0,20.160695133034476
129,2018-10-31,20.65757592638986,16.68484958277356,27.233857253582233,20.65757592638986,20.65757592638986,1.1695721006753754,1.1695721006753754,1.1695721006753754,1.1695721006753754,1.1695721006753754,1.1695721006753754,0.0,0.0,0.0,21.827148027065235
130,2018-11-30,20.594500625387994,16.26815028609239,26.672011745572078,20.594500625387994,20.594500625387994,0.5760278001497302,0.5760278001497302,0.5760278001497302,0.5760278001497302,0.5760278001497302,0.5760278001497302,0.0,0.0,0.0,21.170528425537725
131,2018-12-31,20.529322814352735,16.457807040633302,27.376778863423635,20.529322814352735,20.529322814352735,1.408035577118443,1.408035577118443,1.408035577118443,1.408035577118443,1.408035577118443,1.408035577118443,0.0,0.0,0.0,21.93735839147118
132,2019-01-31,20.464145003317473,14.115038708819458,24.07539055802123,20.464145003317473,20.464145003317473,-1.3391026366709262,-1.3391026366709262,-1.3391026366709262,-1.3391026366709262,-1.3391026366709262,-1.3391026366709262,0.0,0.0,0.0,19.125042366646547
133,2019-02-28,20.4052747223824,13.555274506944752,24.39510064739613,20.4052747223824,20.4052747223824,-1.3905741416340773,-1.3905741416340773,-1.3905741416340773,-1.3905741416340773,-1.3905741416340773,-1.3905741416340773,0.0,0.0,0.0,19.014700580748325
134,2019-03-31,20.34009691134714,14.057735720031657,24.184352791841864,20.34009691134714,20.34009691134714,-1.1301644456425342,-1.1301644456425342,-1.1301644456425342,-1.1301644456425342,-1.1301644456425342,-1.1301644456425342,0.0,0.0,0.0,19.209932465704604
135,2019-04-30,20.27702161100984,14.639794782069417,24.690583370896167,20.27702161100984,20.27702161100984,-0.8306618375413436,-0.8306618375413436,-0.8306618375413436,-0.8306618375413436,-0.8306618375413436,-0.8306618375413436,0.0,0.0,0.0,19.446359773468497
136,2019-05-31,20.211843800661295,13.81980220110609,24.222348105067145,20.211843800661295,20.211843800661295,-1.0067925138010443,-1.0067925138010443,-1.0067925138010443,-1.0067925138010443,-1.0067925138010443,-1.0067925138010443,0.0,0.0,0.0,19.20505128686025
137,2019-06-30,20.148768500324,14.614836065247218,24.838537361836476,20.148768500324,20.148768500324,-0.45720005337060393,-0.45720005337060393,-0.45720005337060393,-0.45720005337060393,-0.45720005337060393,-0.45720005337060393,0.0,0.0,0.0,19.691568446953397
138,2019-07-31,20.083590689975455,13.982508984355302,24.789633263125108,20.083590689975455,20.083590689975455,-0.684771200399005,-0.684771200399005,-0.684771200399005,-0.684771200399005,-0.684771200399005,-0.684771200399005,0.0,0.0,0.0,19.39881948957645
139,2019-08-31,20.01841287962691,13.780184408771007,24.02836262021189,20.01841287962691,20.01841287962691,-0.8678092199318711,-0.8678092199318711,-0.8678092199318711,-0.8678092199318711,-0.8678092199318711,-0.8678092199318711,0.0,0.0,0.0,19.15060365969504
140,2019-09-30,19.955337579289612,14.752790219033942,25.055823053728293,19.955337579289612,19.955337579289612,-0.12651929382937355,-0.12651929382937355,-0.12651929382937355,-0.12651929382937355,-0.12651929382937355,-0.12651929382937355,0.0,0.0,0.0,19.828818285460237
141,2019-10-31,19.890159767041776,15.02405975783222,25.59902917413121,19.890159767041776,19.890159767041776,0.4150298362291423,0.4150298362291423,0.4150298362291423,0.4150298362291423,0.4150298362291423,0.4150298362291423,0.0,0.0,0.0,20.305189603270918
142,2019-11-30,19.82708446486645,15.273993147358448,25.51195690224453,19.82708446486645,19.82708446486645,0.545080555602558,0.545080555602558,0.545080555602558,0.545080555602558,0.545080555602558,0.545080555602558,0.0,0.0,0.0,20.372165020469005
143,2019-12-31,19.76190665261861,16.80738739942805,27.186419118966548,19.76190665261861,19.76190665261861,2.16046856320492,2.16046856320492,2.16046856320492,2.16046856320492,2.16046856320492,2.16046856320492,0.0,0.0,0.0,21.92237521582353
144,2020-01-31,19.69672884037077,13.774336228590414,23.879723122601337,19.69672884037077,19.69672884037077,-0.719851560108165,-0.719851560108165,-0.719851560108165,-0.719851560108165,-0.719851560108165,-0.719851560108165,0.0,0.0,0.0,18.976877280262606
145,2020-02-29,19.635756048267957,15.755703167630795,25.978370515459115,19.635756048267957,19.635756048267957,1.285501235543136,1.285501235543136,1.285501235543136,1.285501235543136,1.285501235543136,1.285501235543136,0.0,0.0,0.0,20.921257283811094
146,2020-03-31,19.570578236020115,15.288393569172813,25.687612767925163,19.570578236020115,19.570578236020115,0.833829622477759,0.833829622477759,0.833829622477759,0.833829622477759,0.833829622477759,0.833829622477759,0.0,0.0,0.0,20.404407858497873
147,2020-04-30,19.507502932807874,11.64243748123993,21.91389319477414,19.507502932807874,19.507502932807874,-2.929642802110642,-2.929642802110642,-2.929642802110642,-2.929642802110642,-2.929642802110642,-2.929642802110642,0.0,0.0,0.0,16.577860130697232
148,2020-05-31,19.442325119488554,12.632855759115342,23.284412912952693,19.442325119488554,19.442325119488554,-1.4658771296630084,-1.4658771296630084,-1.4658771296630084,-1.4658771296630084,-1.4658771296630084,-1.4658771296630084,0.0,0.0,0.0,17.976447989825544
149,2020-06-30,19.379249816276314,13.295556831582774,23.588912685538727,19.379249816276314,19.379249816276314,-0.9784525973437381,-0.9784525973437381,-0.9784525973437381,-0.9784525973437381,-0.9784525973437381,-0.9784525973437381,0.0,0.0,0.0,18.400797218932574
150,2020-07-31,19.314072002956998,13.882004409156547,24.369259579104142,19.314072002956998,19.314072002956998,-0.3082297846957532,-0.3082297846957532,-0.3082297846957532,-0.3082297846957532,-0.3082297846957532,-0.3082297846957532,0.0,0.0,0.0,19.005842218261243
151,2020-08-31,19.248894189637678,14.003501257374786,24.39163046731978,19.248894189637678,19.248894189637678,0.0304510802606024,0.0304510802606024,0.0304510802606024,0.0304510802606024,0.0304510802606024,0.0304510802606024,0.0,0.0,0.0,19.27934526989828
152,2020-09-30,19.185818886425437,12.25687546497321,22.77913389070153,19.185818886425437,19.185818886425437,-1.447939421340903,-1.447939421340903,-1.447939421340903,-1.447939421340903,-1.447939421340903,-1.447939421340903,0.0,0.0,0.0,17.737879465084536
153,2020-10-31,19.120641063972357,16.693420403304525,27.23739935960394,19.120641063972357,19.120641063972357,2.672365883194374,2.672365883194374,2.672365883194374,2.672365883194374,2.672365883194374,2.672365883194374,0.0,0.0,0.0,21.79300694716673
154,2020-11-30,19.05756575192099,14.474723314551229,24.961331578483648,19.05756575192099,19.05756575192099,0.7039466916580793,0.7039466916580793,0.7039466916580793,0.7039466916580793,0.7039466916580793,0.7039466916580793,0.0,0.0,0.0,19.76151244357907
155,2020-12-31,18.99238792946791,13.365263008160587,24.195089432693987,18.99238792946791,18.99238792946791,-0.07273930008097201,-0.07273930008097201,-0.07273930008097201,-0.07273930008097201,-0.07273930008097201,-0.07273930008097201,0.0,0.0,0.0,18.919648629386938
156,2021-01-31,18.92721010701483,11.105590468415894,21.65192716867517,18.92721010701483,18.92721010701483,-2.6399309914317755,-2.6399309914317755,-2.6399309914317755,-2.6399309914317755,-2.6399309914317755,-2.6399309914317755,0.0,0.0,0.0,16.287279115583054
157,2021-02-28,18.868339815766888,13.986256184067178,24.27215606460172,18.868339815766888,18.868339815766888,0.4085083144100922,0.4085083144100922,0.4085083144100922,0.4085083144100922,0.4085083144100922,0.4085083144100922,0.0,0.0,0.0,19.27684813017698
158,2021-03-31,18.803161993313804,13.50623281507956,24.18964090367118,18.803161993313804,18.803161993313804,0.15965548153101408,0.15965548153101408,0.15965548153101408,0.15965548153101408,0.15965548153101408,0.15965548153101408,0.0,0.0,0.0,18.96281747484482
159,2021-04-30,18.74008668126244,10.950894263183,21.246915288633193,18.74008668126244,18.74008668126244,-2.24608225316266,-2.24608225316266,-2.24608225316266,-2.24608225316266,-2.24608225316266,-2.24608225316266,0.0,0.0,0.0,16.494004428099778
160,2021-05-31,18.67490885880936,12.097622907175422,22.195455435759442,18.67490885880936,18.67490885880936,-1.3097321060304565,-1.3097321060304565,-1.3097321060304565,-1.3097321060304565,-1.3097321060304565,-1.3097321060304565,0.0,0.0,0.0,17.365176752778904
161,2021-06-30,18.61183354675799,12.305249823655231,23.18862841010013,18.61183354675799,18.61183354675799,-0.7971102880389705,-0.7971102880389705,-0.7971102880389705,-0.7971102880389705,-0.7971102880389705,-0.7971102880389705,0.0,0.0,0.0,17.814723258719017
162,2021-07-31,18.546655724304912,13.09952993089866,23.387153624065647,18.546655724304912,18.546655724304912,-0.42530440382046186,-0.42530440382046186,-0.42530440382046186,-0.42530440382046186,-0.42530440382046186,-0.42530440382046186,0.0,0.0,0.0,18.12135132048445
163,2021-08-31,18.481477901851832,12.762542217624908,23.56864498689173,18.481477901851832,18.481477901851832,-0.27140572073894886,-0.27140572073894886,-0.27140572073894886,-0.27140572073894886,-0.27140572073894886,-0.27140572073894886,0.0,0.0,0.0,18.210072181112885
164,2021-09-30,18.41840258980046,12.373550969610724,22.800217485117084,18.41840258980046,18.41840258980046,-1.0025983588091008,-1.0025983588091008,-1.0025983588091008,-1.0025983588091008,-1.0025983588091008,-1.0025983588091008,0.0,0.0,0.0,17.41580423099136
165,2021-10-31,18.35322476734738,15.36202558072691,25.376273052702434,18.35322476734738,18.35322476734738,1.9222795687703187,1.9222795687703187,1.9222795687703187,1.9222795687703187,1.9222795687703187,1.9222795687703187,0.0,0.0,0.0,20.2755043361177
166,2021-11-30,18.290149455296017,14.042923241070698,24.05098756536927,18.290149455296017,18.290149455296017,0.6289842297549073,0.6289842297549073,0.6289842297549073,0.6289842297549073,0.6289842297549073,0.6289842297549073,0.0,0.0,0.0,18.919133685050923
167,2021-12-31,18.224971632842934,13.624583713131475,24.37401058856205,18.224971632842934,18.224971632842934,0.663289055131691,0.663289055131691,0.663289055131691,0.663289055131691,0.663289055131691,0.663289055131691,0.0,0.0,0.0,18.888260687974626
168,2022-01-31,18.159793810389857,11.022125473339145,21.307757094101714,18.159793810389857,18.159793810389857,-1.9794014558663018,-1.9794014558663018,-1.9794014558663018,-1.9794014558663018,-1.9794014558663018,-1.9794014558663018,0.0,0.0,0.0,16.180392354523555
169,2022-02-28,18.10092351914191,12.429900401723925,23.23253538852738,18.10092351914191,18.10092351914191,-0.4839012487686683,-0.4839012487686683,-0.4839012487686683,-0.4839012487686683,-0.4839012487686683,-0.4839012487686683,0.0,0.0,0.0,17.617022270373244
170,2022-03-31,18.03574569668883,12.429762080290702,22.478053455968695,18.03574569668883,18.03574569668883,-0.49530669201986494,-0.49530669201986494,-0.49530669201986494,-0.49530669201986494,-0.49530669201986494,-0.49530669201986494,0.0,0.0,0.0,17.540439004668965
171,2022-04-30,17.972670384637464,11.439487180707449,21.66663224596735,17.972670384637464,17.972670384637464,-1.5461919089491964,-1.5461919089491964,-1.5461919089491964,-1.5461919089491964,-1.5461919089491964,-1.5461919089491964,0.0,0.0,0.0,16.426478475688267
172,2022-05-31,17.907492562184384,11.88672322246873,21.902824137476852,17.907492562184384,17.907492562184384,-1.156552463880939,-1.156552463880939,-1.156552463880939,-1.156552463880939,-1.156552463880939,-1.156552463880939,0.0,0.0,0.0,16.750940098303445
173,2022-06-30,17.844417250133016,11.965209356457677,22.21916356006517,17.844417250133016,17.844417250133016,-0.6232777833958683,-0.6232777833958683,-0.6232777833958683,-0.6232777833958683,-0.6232777833958683,-0.6232777833958683,0.0,0.0,0.0,17.22113946673715
174,2022-07-31,17.779239427679936,11.890773394566544,22.35999309246759,17.779239427679936,17.779239427679936,-0.5508725901110522,-0.5508725901110522,-0.5508725901110522,-0.5508725901110522,-0.5508725901110522,-0.5508725901110522,0.0,0.0,0.0,17.228366837568885
175,2022-08-31,17.714061605226856,11.747043118867646,22.710797765263546,17.714061605226856,17.714061605226856,-0.5709249769614094,-0.5709249769614094,-0.5709249769614094,-0.5709249769614094,-0.5709249769614094,-0.5709249769614094,0.0,0.0,0.0,17.143136628265445
176,2022-09-30,17.65098629317549,11.825338314935825,22.446318008559626,17.65098629317549,17.65098629317549,-0.5620586043864919,-0.5620586043864919,-0.5620586043864919,-0.5620586043864919,-0.5620586043864919,-0.5620586043864919,0.0,0.0,0.0,17.088927688788996
177,2022-10-31,17.58580847072241,13.257433933385915,23.528364559830745,17.58580847072241,17.58580847072241,1.169572100672898,1.169572100672898,1.169572100672898,1.169572100672898,1.169572100672898,1.169572100672898,0.0,0.0,0.0,18.755380571395307
178,2022-11-30,17.52273315867104,12.998149817387619,23.521625997515486,17.52273315867104,17.52273315867104,0.5760278001488763,0.5760278001488763,0.5760278001488763,0.5760278001488763,0.5760278001488763,0.5760278001488763,0.0,0.0,0.0,18.098760958819916
179,2022-12-31,17.457555336217958,14.08725149563654,24.35726565571254,17.457555336217958,17.457555336217958,1.4080355771191533,1.4080355771191533,1.4080355771191533,1.4080355771191533,1.4080355771191533,1.4080355771191533,0.0,0.0,0.0,18.865590913337112
180,2023-01-31,17.39237751376488,11.18313800333585,21.58520205223318,17.39237751376488,17.39237751376488,-1.3391026366701093,-1.3391026366701093,-1.3391026366701093,-1.3391026366701093,-1.3391026366701093,-1.3391026366701093,0.0,0.0,0.0,16.053274877094772
181,2023-02-28,17.33350722251694,10.926898048210935,21.109810922805977,17.33350722251694,17.33350722251694,-1.3905741416332025,-1.3905741416332025,-1.3905741416332025,-1.3905741416332025,-1.3905741416332025,-1.3905741416332025,0.0,0.0,0.0,15.942933080883737
182,2023-03-31,17.268329400063855,10.85892319380425,21.439205657541162,17.268329400063855,17.268329400063855,-1.13016444564226,-1.13016444564226,-1.13016444564226,-1.13016444564226,-1.13016444564226,-1.13016444564226,0.0,0.0,0.0,16.138164954421594
183,2023-04-30,17.20525408801249,10.943338387820457,21.498460724277344,17.20525408801249,17.20525408801249,-0.8306618375387388,-0.8306618375387388,-0.8306618375387388,-0.8306618375387388,-0.8306618375387388,-0.8306618375387388,0.0,0.0,0.0,16.374592250473754
184,2023-05-31,17.140076265559408,10.734986314788351,21.680401710517586,17.140076265559408,17.140076265559408,-1.0067925138054727,-1.0067925138054727,-1.0067925138054727,-1.0067925138054727,-1.0067925138054727,-1.0067925138054727,0.0,0.0,0.0,16.133283751753936
185,2023-06-30,17.07700095350804,11.279023835270793,21.846306986437057,17.07700095350804,17.07700095350804,-0.4572000533645868,-0.4572000533645868,-0.4572000533645868,-0.4572000533645868,-0.4572000533645868,-0.4572000533645868,0.0,0.0,0.0,16.619800900143453
186,2023-07-31,17.01182313105496,11.208414437341188,21.148031069757486,17.01182313105496,17.01182313105496,-0.6847712003988279,-0.6847712003988279,-0.6847712003988279,-0.6847712003988279,-0.6847712003988279,-0.6847712003988279,0.0,0.0,0.0,16.327051930656133
187,2023-08-31,16.94664530860188,10.918220118271744,20.99407127860273,16.94664530860188,16.94664530860188,-0.867809219936418,-0.867809219936418,-0.867809219936418,-0.867809219936418,-0.867809219936418,-0.867809219936418,0.0,0.0,0.0,16.07883608866546
188,2023-09-30,16.883569996550513,11.631639798163576,22.144161082336044,16.883569996550513,16.883569996550513,-0.12651929382742266,-0.12651929382742266,-0.12651929382742266,-0.12651929382742266,-0.12651929382742266,-0.12651929382742266,0.0,0.0,0.0,16.75705070272309
189,2023-10-31,16.818392174097433,11.832743349427355,22.433630560149776,16.818392174097433,16.818392174097433,0.41502983622601447,0.41502983622601447,0.41502983622601447,0.41502983622601447,0.41502983622601447,0.41502983622601447,0.0,0.0,0.0,17.233422010323448
190,2023-11-30,16.755316862046065,12.046609617788206,22.913551035523966,16.755316862046065,16.755316862046065,0.5450805556037561,0.5450805556037561,0.5450805556037561,0.5450805556037561,0.5450805556037561,0.5450805556037561,0.0,0.0,0.0,17.300397417649823
191,2023-12-31,16.690139039592985,13.707197452403673,24.062613127201903,16.690139039592985,16.690139039592985,2.1604685632091023,2.1604685632091023,2.1604685632091023,2.1604685632091023,2.1604685632091023,2.1604685632091023,0.0,0.0,0.0,18.850607602802086
192,2024-01-01,16.688036529191272,10.933793856554969,20.40845852420477,16.688036529191272,16.688036529191272,-0.7990321164618074,-0.7990321164618074,-0.7990321164618074,-0.7990321164618074,-0.7990321164618074,-0.7990321164618074,0.0,0.0,0.0,15.889004412729465
193,2024-01-02,16.685934018789563,7.494993855400812,18.25239692916674,16.685934018789563,16.685934018789563,-3.5870977551376524,-3.5870977551376524,-3.5870977551376524,-3.5870977551376524,-3.5870977551376524,-3.5870977551376524,0.0,0.0,0.0,13.098836263651911
194,2024-01-03,16.683831508387847,5.0838108942890905,15.730792196064472,16.683831508387847,16.683831508387847,-6.142877719745058,-6.142877719745058,-6.142877719745058,-6.142877719745058,-6.142877719745058,-6.142877719745058,0.0,0.0,0.0,10.540953788642788
195,2024-01-04,16.681728997986138,3.045967772738755,13.521205819018205,16.681728997986138,16.681728997986138,-8.411701859399946,-8.411701859399946,-8.411701859399946,-8.411701859399946,-8.411701859399946,-8.411701859399946,0.0,0.0,0.0,8.270027138586192
196,2024-01-05,16.679626487584425,1.237638163472381,11.810536419756755,16.679626487584425,16.679626487584425,-10.346580650105338,-10.346580650105338,-10.346580650105338,-10.346580650105338,-10.346580650105338,-10.346580650105338,0.0,0.0,0.0,6.333045837479087
197,2024-01-06,16.677523977182712,-0.349549350361592,10.419866576279475,16.677523977182712,16.677523977182712,-11.909509276902256,-11.909509276902256,-11.909509276902256,-11.909509276902256,-11.909509276902256,-11.909509276902256,0.0,0.0,0.0,4.768014700280457
198,2024-01-07,16.675421466781,-1.2674442210409183,8.976280087793903,16.675421466781,16.675421466781,-13.07253872846323,-13.07253872846323,-13.07253872846323,-13.07253872846323,-13.07253872846323,-13.07253872846323,0.0,0.0,0.0,3.602882738317769
199,2024-01-08,16.673318956379287,-2.3774206748789775,7.974258557689278,16.673318956379287,16.673318956379287,-13.818583003226724,-13.818583003226724,-13.818583003226724,-13.818583003226724,-13.818583003226724,-13.818583003226724,0.0,0.0,0.0,2.854735953152563
200,2024-01-09,16.671216445977578,-2.6366983691103534,7.673169803480067,16.671216445977578,16.671216445977578,-14.141938442898137,-14.141938442898137,-14.141938442898137,-14.141938442898137,-14.141938442898137,-14.141938442898137,0.0,0.0,0.0,2.5292780030794404
201,2024-01-10,16.669113935575865,-2.186353204941942,7.884501211083622,16.669113935575865,16.669113935575865,-14.048498836060448,-14.048498836060448,-14.048498836060448,-14.048498836060448,-14.048498836060448,-14.048498836060448,0.0,0.0,0.0,2.620615099515417
202,2024-01-11,16.667011425174152,-2.2242665939182773,8.49321975579427,16.667011425174152,16.667011425174152,-13.555658068145473,-13.555658068145473,-13.555658068145473,-13.555658068145473,-13.555658068145473,-13.555658068145473,0.0,0.0,0.0,3.1113533570286798
203,2024-01-12,16.66490891477244,-1.1888481933279686,8.953565806021844,16.66490891477244,16.66490891477244,-12.691900514944734,-12.691900514944734,-12.691900514944734,-12.691900514944734,-12.691900514944734,-12.691900514944734,0.0,0.0,0.0,3.9730083998277053
204,2024-01-13,16.662806404370727,-0.18685806043673978,10.25857690804118,16.662806404370727,16.662806404370727,-11.496087856531506,-11.496087856531506,-11.496087856531506,-11.496087856531506,-11.496087856531506,-11.496087856531506,0.0,0.0,0.0,5.166718547839221
205,2024-01-14,16.660703893969014,1.3627790201974783,11.812658252619942,16.660703893969014,16.660703893969014,-10.016459295475329,-10.016459295475329,-10.016459295475329,-10.016459295475329,-10.016459295475329,-10.016459295475329,0.0,0.0,0.0,6.644244598493685
206,2024-01-15,16.6586013835673,2.9289770423383157,13.323004580753464,16.6586013835673,16.6586013835673,-8.30937006785089,-8.30937006785089,-8.30937006785089,-8.30937006785089,-8.30937006785089,-8.30937006785089,0.0,0.0,0.0,8.34923131571641
207,2024-01-16,16.65649887316559,5.38924526266895,15.725554658968639,16.65649887316559,16.65649887316559,-6.437800419902613,-6.437800419902613,-6.437800419902613,-6.437800419902613,-6.437800419902613,-6.437800419902613,0.0,0.0,0.0,10.218698453262975
208,2024-01-17,16.654396362763876,6.930199721472628,17.615987090380546,16.654396362763876,16.654396362763876,-4.469673681880874,-4.469673681880874,-4.469673681880874,-4.469673681880874,-4.469673681880874,-4.469673681880874,0.0,0.0,0.0,12.184722680883002
209,2024-01-18,16.652293852362163,9.235529305240952,19.511777262630332,16.652293852362163,16.652293852362163,-2.476027523081355,-2.476027523081355,-2.476027523081355,-2.476027523081355,-2.476027523081355,-2.476027523081355,0.0,0.0,0.0,14.176266329280809
210,2024-01-19,16.650191341960454,10.86245332640579,21.55451102758954,16.650191341960454,16.650191341960454,-0.5290867611221253,-0.5290867611221253,-0.5290867611221253,-0.5290867611221253,-0.5290867611221253,-0.5290867611221253,0.0,0.0,0.0,16.121104580838328
211,2024-01-20,16.648088831558738,12.903498824104997,23.404310688482187,16.648088831558738,16.648088831558738,1.2997108999988962,1.2997108999988962,1.2997108999988962,1.2997108999988962,1.2997108999988962,1.2997108999988962,0.0,0.0,0.0,17.947799731557634
212,2024-01-21,16.64598632115703,14.469653790106104,24.714775331859048,16.64598632115703,16.64598632115703,2.9416832044117975,2.9416832044117975,2.9416832044117975,2.9416832044117975,2.9416832044117975,2.9416832044117975,0.0,0.0,0.0,19.587669525568828
213,2024-01-22,16.643883810755316,15.897629918600243,26.399053880237595,16.643883810755316,16.643883810755316,4.33281256013582,4.33281256013582,4.33281256013582,4.33281256013582,4.33281256013582,4.33281256013582,0.0,0.0,0.0,20.976696370891137
214,2024-01-23,16.641781300353603,17.25756085050191,27.206189526710087,16.641781300353603,16.641781300353603,5.415544195899666,5.415544195899666,5.415544195899666,5.415544195899666,5.415544195899666,5.415544195899666,0.0,0.0,0.0,22.05732549625327
215,2024-01-24,16.63967878995189,17.255495664103876,27.906605978778973,16.63967878995189,16.63967878995189,6.140423989127946,6.140423989127946,6.140423989127946,6.140423989127946,6.140423989127946,6.140423989127946,0.0,0.0,0.0,22.780102779079836
