,ds,trend,yhat_lower,yhat_upper,trend_lower,trend_upper,additive_terms,additive_terms_lower,additive_terms_upper,yearly,yearly_lower,yearly_upper,multiplicative_terms,multiplicative_terms_lower,multiplicative_terms_upper,yhat
0,2009-01-31,21.46240822442855,16.282218186422046,23.93446640074995,21.46240822442855,21.46240822442855,-1.4154187310018447,-1.4154187310018447,-1.4154187310018447,-1.4154187310018447,-1.4154187310018447,-1.4154187310018447,0.0,0.0,0.0,20.046989493426707
1,2009-02-28,21.364485141088853,19.210583642058573,27.00122904731166,21.364485141088853,21.364485141088853,1.611600360642429,1.611600360642429,1.611600360642429,1.611600360642429,1.611600360642429,1.611600360642429,0.0,0.0,0.0,22.976085501731284
2,2009-03-31,21.256070298819903,17.51923976918745,25.302772387383385,21.256070298819903,21.256070298819903,0.048250489346380133,0.048250489346380133,0.048250489346380133,0.048250489346380133,0.048250489346380133,0.048250489346380133,0.0,0.0,0.0,21.304320788166283
3,2009-04-30,21.151152709527373,15.862135490446743,23.349087153702154,21.151152709527373,21.151152709527373,-1.6336024491194687,-1.6336024491194687,-1.6336024491194687,-1.6336024491194687,-1.6336024491194687,-1.6336024491194687,0.0,0.0,0.0,19.517550260407905
4,2009-05-31,21.042737867258424,16.620065391399873,24.378675966655045,21.042737867258424,21.042737867258424,-0.38763975569479686,-0.38763975569479686,-0.38763975569479686,-0.38763975569479686,-0.38763975569479686,-0.38763975569479686,0.0,0.0,0.0,20.65509811156363
5,2009-06-30,20.93782027796589,18.892526255684338,26.787713009894382,20.93782027796589,20.93782027796589,2.058941410207334,2.058941410207334,2.058941410207334,2.058941410207334,2.058941410207334,2.058941410207334,0.0,0.0,0.0,22.996761688173223
6,2009-07-31,20.829405435696945,19.554085207567198,27.358796728896554,20.829405435696945,20.829405435696945,2.7899128521996652,2.7899128521996652,2.7899128521996652,2.7899128521996652,2.7899128521996652,2.7899128521996652,0.0,0.0,0.0,23.61931828789661
7,2009-08-31,20.72099059338325,17.637192935189052,25.424757948197854,20.72099059338325,20.72099059338325,0.8942293592674276,0.8942293592674276,0.8942293592674276,0.8942293592674276,0.8942293592674276,0.8942293592674276,0.0,0.0,0.0,21.615219952650676
8,2009-09-30,20.616073004047415,15.722156301253161,23.27764259274564,20.616073004047415,20.616073004047415,-1.1308795209132765,-1.1308795209132765,-1.1308795209132765,-1.1308795209132765,-1.1308795209132765,-1.1308795209132765,0.0,0.0,0.0,19.48519348313414
9,2009-10-31,20.507658161733715,17.30781383244368,25.05784140933899,20.507658161733715,20.507658161733715,0.7547272728142053,0.7547272728142053,0.7547272728142053,0.7547272728142053,0.7547272728142053,0.7547272728142053,0.0,0.0,0.0,21.26238543454792
10,2009-11-30,20.40274057239788,15.587522946165155,23.327537818016197,20.40274057239788,20.40274057239788,-0.8022483294011898,-0.8022483294011898,-0.8022483294011898,-0.8022483294011898,-0.8022483294011898,-0.8022483294011898,0.0,0.0,0.0,19.60049224299669
11,2009-12-31,20.294325730084182,15.351431489853287,23.10331836571153,20.294325730084182,20.294325730084182,-1.049778818261923,-1.049778818261923,-1.049778818261923,-1.049778818261923,-1.049778818261923,-1.049778818261923,0.0,0.0,0.0,19.24454691182226
12,2010-01-31,20.185910892298523,14.526991619168362,22.453053986204,20.185910892298523,20.185910892298523,-1.7280759861732335,-1.7280759861732335,-1.7280759861732335,-1.7280759861732335,-1.7280759861732335,-1.7280759861732335,0.0,0.0,0.0,18.45783490612529
13,2010-02-28,20.087987813008244,17.008986231691512,25.22148160022429,20.087987813008244,20.087987813008244,1.1004760566179956,1.1004760566179956,1.1004760566179956,1.1004760566179956,1.1004760566179956,1.1004760566179956,0.0,0.0,0.0,21.18846386962624
14,2010-03-31,19.979572975222585,16.484301276773515,24.015109390573294,19.979572975222585,19.979572975222585,0.2606677857486587,0.2606677857486587,0.2606677857486587,0.2606677857486587,0.2606677857486587,0.2606677857486587,0.0,0.0,0.0,20.240240760971243
15,2010-04-30,19.874655390268718,14.972963507779465,22.665227569150808,19.874655390268718,19.874655390268718,-1.1499260557622257,-1.1499260557622257,-1.1499260557622257,-1.1499260557622257,-1.1499260557622257,-1.1499260557622257,0.0,0.0,0.0,18.724729334506492
16,2010-05-31,19.766240552483055,15.406126020455572,22.90384997978103,19.766240552483055,19.766240552483055,-0.5082124262637812,-0.5082124262637812,-0.5082124262637812,-0.5082124262637812,-0.5082124262637812,-0.5082124262637812,0.0,0.0,0.0,19.258028126219273
17,2010-06-30,19.66132296752919,17.519497754411553,25.695178621621,19.66132296752919,19.66132296752919,2.004907073824051,2.004907073824051,2.004907073824051,2.004907073824051,2.004907073824051,2.004907073824051,0.0,0.0,0.0,21.66623004135324
18,2010-07-31,19.55290813434305,18.241925259743848,26.194054676706195,19.55290813434305,19.55290813434305,2.771641030795592,2.771641030795592,2.771641030795592,2.771641030795592,2.771641030795592,2.771641030795592,0.0,0.0,0.0,22.32454916513864
19,2010-08-31,19.44449330115691,16.01912988754294,23.94791337376081,19.44449330115691,19.44449330115691,0.6091037907896539,0.6091037907896539,0.6091037907896539,0.6091037907896539,0.6091037907896539,0.6091037907896539,0.0,0.0,0.0,20.053597091946564
20,2010-09-30,19.339575720654196,14.610474434585898,22.56572765748213,19.339575720654196,19.339575720654196,-0.8569971913184151,-0.8569971913184151,-0.8569971913184151,-0.8569971913184151,-0.8569971913184151,-0.8569971913184151,0.0,0.0,0.0,18.482578529335782
21,2010-10-31,19.231160887468054,15.692606526133481,23.39848587766501,19.231160887468054,19.231160887468054,0.37037945284720925,0.37037945284720925,0.37037945284720925,0.37037945284720925,0.37037945284720925,0.37037945284720925,0.0,0.0,0.0,19.601540340315264
22,2010-11-30,19.12624330696534,14.852060747983062,22.763298465263446,19.12624330696534,19.12624330696534,-0.3802381491309158,-0.3802381491309158,-0.3802381491309158,-0.3802381491309158,-0.3802381491309158,-0.3802381491309158,0.0,0.0,0.0,18.746005157834425
23,2010-12-31,19.017828473779197,14.54549696857012,22.09315080155447,19.017828473779197,19.017828473779197,-0.6339624143846007,-0.6339624143846007,-0.6339624143846007,-0.6339624143846007,-0.6339624143846007,-0.6339624143846007,0.0,0.0,0.0,18.383866059394595
24,2011-01-31,18.909413644717066,12.985229544430599,21.012077113606487,18.909413644717066,18.909413644717066,-2.0545516868637534,-2.0545516868637534,-2.0545516868637534,-2.0545516868637534,-2.0545516868637534,-2.0545516868637534,0.0,0.0,0.0,16.854861957853313
25,2011-02-28,18.811490573306106,15.432358944586307,23.41102115102994,18.811490573306106,18.811490573306106,0.5983174478638583,0.5983174478638583,0.5983174478638583,0.5983174478638583,0.5983174478638583,0.5983174478638583,0.0,0.0,0.0,19.409808021169965
26,2011-03-31,18.703075744243975,15.182121580231684,22.980337164038914,18.703075744243975,18.703075744243975,0.4884451879289115,0.4884451879289115,0.4884451879289115,0.4884451879289115,0.4884451879289115,0.4884451879289115,0.0,0.0,0.0,19.191520932172885
27,2011-04-30,18.59815816773223,14.125885111235746,21.815611107535364,18.59815816773223,18.59815816773223,-0.6684909807758119,-0.6684909807758119,-0.6684909807758119,-0.6684909807758119,-0.6684909807758119,-0.6684909807758119,0.0,0.0,0.0,17.92966718695642
28,2011-05-31,18.4897433386701,13.87548370731704,21.4783982847545,18.4897433386701,18.4897433386701,-0.6368824208479146,-0.6368824208479146,-0.6368824208479146,-0.6368824208479146,-0.6368824208479146,-0.6368824208479146,0.0,0.0,0.0,17.852860917822184
29,2011-06-30,18.384825762158354,16.59791314689962,24.235573179809215,18.384825762158354,18.384825762158354,1.9479389967707976,1.9479389967707976,1.9479389967707976,1.9479389967707976,1.9479389967707976,1.9479389967707976,0.0,0.0,0.0,20.33276475892915
30,2011-07-31,18.276410933501083,17.14897267698023,24.925247117174465,18.276410933501083,18.276410933501083,2.7495769676677804,2.7495769676677804,2.7495769676677804,2.7495769676677804,2.7495769676677804,2.7495769676677804,0.0,0.0,0.0,21.025987901168865
31,2011-08-31,18.16799610484381,14.775419542219758,22.39484933912803,18.16799610484381,18.16799610484381,0.3273279868046589,0.3273279868046589,0.3273279868046589,0.3273279868046589,0.3273279868046589,0.3273279868046589,0.0,0.0,0.0,18.495324091648467
32,2011-09-30,18.063078528723867,13.489819145825624,21.547382237406033,18.063078528723867,18.063078528723867,-0.5809342154031244,-0.5809342154031244,-0.5809342154031244,-0.5809342154031244,-0.5809342154031244,-0.5809342154031244,0.0,0.0,0.0,17.48214431332074
33,2011-10-31,17.954663700066597,13.922025774446729,21.61317977015654,17.954663700066597,17.954663700066597,-0.009536102724211145,-0.009536102724211145,-0.009536102724211145,-0.009536102724211145,-0.009536102724211145,-0.009536102724211145,0.0,0.0,0.0,17.945127597342385
34,2011-11-30,17.84974612394665,13.934905637807393,21.923514614879515,17.84974612394665,17.84974612394665,0.04902436204334795,0.04902436204334795,0.04902436204334795,0.04902436204334795,0.04902436204334795,0.04902436204334795,0.0,0.0,0.0,17.89877048599
35,2011-12-31,17.741331295245132,13.3789893700217,21.449228242422663,17.741331295245132,17.741331295245132,-0.2305697089714355,-0.2305697089714355,-0.2305697089714355,-0.2305697089714355,-0.2305697089714355,-0.2305697089714355,0.0,0.0,0.0,17.510761586273695
36,2012-01-31,17.63291646654361,11.327178603195065,19.085775893994338,17.63291646654361,17.63291646654361,-2.3944677725163035,-2.3944677725163035,-2.3944677725163035,-2.3944677725163035,-2.3944677725163035,-2.3944677725163035,0.0,0.0,0.0,15.238448694027305
37,2012-02-29,17.531496142919604,15.717448042019955,23.50299925914397,17.531496142919604,17.531496142919604,2.13105836734329,2.13105836734329,2.13105836734329,2.13105836734329,2.13105836734329,2.13105836734329,0.0,0.0,0.0,19.662554510262893
38,2012-03-31,17.42308131421808,13.410395434523558,21.12414831474482,17.42308131421808,17.42308131421808,-0.1486053584632616,-0.1486053584632616,-0.1486053584632616,-0.1486053584632616,-0.1486053584632616,-0.1486053584632616,0.0,0.0,0.0,17.27447595575482
39,2012-04-30,17.31816373805532,11.397986882669237,19.078684190359105,17.31816373805532,17.31816373805532,-2.118910915116554,-2.118910915116554,-2.118910915116554,-2.118910915116554,-2.118910915116554,-2.118910915116554,0.0,0.0,0.0,15.199252822938764
40,2012-05-31,17.2097489093538,13.331685106379714,21.037717894856435,17.2097489093538,17.2097489093538,-0.2751293453857659,-0.2751293453857659,-0.2751293453857659,-0.2751293453857659,-0.2751293453857659,-0.2751293453857659,0.0,0.0,0.0,16.934619563968035
41,2012-06-30,17.106172852251838,15.277223159984981,23.065621631931485,17.106172852251838,17.106172852251838,2.109956163377064,2.109956163377064,2.109956163377064,2.109956163377064,2.109956163377064,2.109956163377064,0.0,0.0,0.0,19.2161290156289
42,2012-07-31,16.999144259913148,15.94706950454044,23.729307252432413,16.999144259913148,16.999144259913148,2.8042515856818353,2.8042515856818353,2.8042515856818353,2.8042515856818353,2.8042515856818353,2.8042515856818353,0.0,0.0,0.0,19.803395845594984
43,2012-08-31,16.892115667574455,14.00026108481172,22.0123720597092,16.892115667574455,16.892115667574455,1.182382341908088,1.182382341908088,1.182382341908088,1.182382341908088,1.182382341908088,1.182382341908088,0.0,0.0,0.0,18.074498009482543
44,2012-09-30,16.788539610472494,11.751048546931363,19.39203973763681,16.788539610472494,16.788539610472494,-1.4024421112211318,-1.4024421112211318,-1.4024421112211318,-1.4024421112211318,-1.4024421112211318,-1.4024421112211318,0.0,0.0,0.0,15.386097499251361
45,2012-10-31,16.681511018133804,13.90170384830019,21.649165627911803,16.681511018133804,16.681511018133804,1.1432582060060634,1.1432582060060634,1.1432582060060634,1.1432582060060634,1.1432582060060634,1.1432582060060634,0.0,0.0,0.0,17.824769224139867
46,2012-11-30,16.57793496103184,11.661811143555825,19.41546415326586,16.57793496103184,16.57793496103184,-1.2164781002041831,-1.2164781002041831,-1.2164781002041831,-1.2164781002041831,-1.2164781002041831,-1.2164781002041831,0.0,0.0,0.0,15.361456860827657
47,2012-12-31,16.477047927437606,11.018775853217512,18.7299375569649,16.477047927437606,16.477047927437606,-1.4775242067272059,-1.4775242067272059,-1.4775242067272059,-1.4775242067272059,-1.4775242067272059,-1.4775242067272059,0.0,0.0,0.0,14.9995237207104
48,2013-01-31,16.37616089384337,11.177067689042175,18.99887997046992,16.37616089384337,16.37616089384337,-1.4154187310018196,-1.4154187310018196,-1.4154187310018196,-1.4154187310018196,-1.4154187310018196,-1.4154187310018196,0.0,0.0,0.0,14.96074216284155
49,2013-02-28,16.285037121564706,13.896801082273985,21.42635426029724,16.285037121564706,16.285037121564706,1.611600360641578,1.611600360641578,1.611600360641578,1.611600360641578,1.611600360641578,1.611600360641578,0.0,0.0,0.0,17.896637482206284
50,2013-03-31,16.184150087970472,12.149394811833133,19.962053656915234,16.184150087970472,16.184150087970472,0.04825048934674494,0.04825048934674494,0.04825048934674494,0.04825048934674494,0.04825048934674494,0.04825048934674494,0.0,0.0,0.0,16.232400577317218
51,2013-04-30,16.08651747481476,10.174747276151805,18.128638659177437,16.08651747481476,16.08651747481476,-1.6336024491180248,-1.6336024491180248,-1.6336024491180248,-1.6336024491180248,-1.6336024491180248,-1.6336024491180248,0.0,0.0,0.0,14.452915025696734
52,2013-05-31,16.011102186518865,11.758076173019314,19.669887306295568,16.011102186518865,16.011102186518865,-0.3876397556968297,-0.3876397556968297,-0.3876397556968297,-0.3876397556968297,-0.3876397556968297,-0.3876397556968297,0.0,0.0,0.0,15.623462430822036
53,2013-06-30,15.938119649458326,14.206625171586799,21.80902144378228,15.938119649458326,15.938119649458326,2.058941410209049,2.058941410209049,2.058941410209049,2.058941410209049,2.058941410209049,2.058941410209049,0.0,0.0,0.0,17.997061059667374
54,2013-07-31,15.862704361162436,14.661285756872433,22.87986775933082,15.862704361162436,15.862704361162436,2.7899128522007364,2.7899128522007364,2.7899128522007364,2.7899128522007364,2.7899128522007364,2.7899128522007364,0.0,0.0,0.0,18.652617213363172
55,2013-08-31,15.787289072866546,12.722216124793427,20.597044123765038,15.787289072866546,15.787289072866546,0.8942293592715943,0.8942293592715943,0.8942293592715943,0.8942293592715943,0.8942293592715943,0.8942293592715943,0.0,0.0,0.0,16.68151843213814
56,2013-09-30,15.714306535806005,10.366629782585044,18.503195433565825,15.714306535806005,15.714306535806005,-1.1308795209118732,-1.1308795209118732,-1.1308795209118732,-1.1308795209118732,-1.1308795209118732,-1.1308795209118732,0.0,0.0,0.0,14.58342701489413
57,2013-10-31,15.638891247510115,12.41690042347195,20.271778042094272,15.638891247510115,15.638891247510115,0.7547272728138825,0.7547272728138825,0.7547272728138825,0.7547272728138825,0.7547272728138825,0.7547272728138825,0.0,0.0,0.0,16.393618520323997
58,2013-11-30,15.595788288357713,11.072231828326133,18.57645076992375,15.595788288357713,15.595788288357713,-0.8022483294017033,-0.8022483294017033,-0.8022483294017033,-0.8022483294017033,-0.8022483294017033,-0.8022483294017033,0.0,0.0,0.0,14.79353995895601
59,2013-12-31,15.551248563900238,10.528195016122647,18.713324879407587,15.551248563900238,15.551248563900238,-1.0497788182635055,-1.0497788182635055,-1.0497788182635055,-1.0497788182635055,-1.0497788182635055,-1.0497788182635055,0.0,0.0,0.0,14.501469745636733
60,2014-01-31,15.506708839442759,9.857534201347795,17.67777202964212,15.506708839442759,15.506708839442759,-1.7280759861734465,-1.7280759861734465,-1.7280759861734465,-1.7280759861734465,-1.7280759861734465,-1.7280759861734465,0.0,0.0,0.0,13.778632853269311
61,2014-02-28,15.46647941090052,12.955962234849732,20.555762874451137,15.46647941090052,15.46647941090052,1.1004760566181326,1.1004760566181326,1.1004760566181326,1.1004760566181326,1.1004760566181326,1.1004760566181326,0.0,0.0,0.0,16.566955467518653
62,2014-03-31,15.42193968644304,11.84494919739269,19.60293979216002,15.42193968644304,15.42193968644304,0.2606677857515197,0.2606677857515197,0.2606677857515197,0.2606677857515197,0.2606677857515197,0.2606677857515197,0.0,0.0,0.0,15.68260747219456
63,2014-04-30,15.378836727290642,10.41701075654528,18.38879857745346,15.378836727290642,15.378836727290642,-1.149926055760835,-1.149926055760835,-1.149926055760835,-1.149926055760835,-1.149926055760835,-1.149926055760835,0.0,0.0,0.0,14.228910671529807
64,2014-05-31,15.355509490774239,10.930948149327872,18.899894345743288,15.355509490774239,15.355509490774239,-0.5082124262618031,-0.5082124262618031,-0.5082124262618031,-0.5082124262618031,-0.5082124262618031,-0.5082124262618031,0.0,0.0,0.0,14.847297064512436
65,2014-06-30,15.332934745758367,13.440647306223523,21.289157841476385,15.332934745758367,15.332934745758367,2.0049070738255117,2.0049070738255117,2.0049070738255117,2.0049070738255117,2.0049070738255117,2.0049070738255117,0.0,0.0,0.0,17.33784181958388
66,2014-07-31,15.309607509241964,14.143450247763056,21.837127911222343,15.309607509241964,15.309607509241964,2.7716410307957804,2.7716410307957804,2.7716410307957804,2.7716410307957804,2.7716410307957804,2.7716410307957804,0.0,0.0,0.0,18.081248540037745
67,2014-08-31,15.286280272725561,11.681965349955323,19.46916652211982,15.286280272725561,15.286280272725561,0.6091037907859468,0.6091037907859468,0.6091037907859468,0.6091037907859468,0.6091037907859468,0.6091037907859468,0.0,0.0,0.0,15.895384063511507
68,2014-09-30,15.26370552770969,10.378867589232437,18.081865557005553,15.26370552770969,15.26370552770969,-0.8569971913169907,-0.8569971913169907,-0.8569971913169907,-0.8569971913169907,-0.8569971913169907,-0.8569971913169907,0.0,0.0,0.0,14.406708336392699
69,2014-10-31,15.240378291193286,11.82792833904181,19.95985322018592,15.240378291193286,15.240378291193286,0.3703794528453081,0.3703794528453081,0.3703794528453081,0.3703794528453081,0.3703794528453081,0.3703794528453081,0.0,0.0,0.0,15.610757744038594
70,2014-11-30,15.22365337970512,11.10387126267465,19.026174361526824,15.22365337970512,15.22365337970512,-0.3802381491307702,-0.3802381491307702,-0.3802381491307702,-0.3802381491307702,-0.3802381491307702,-0.3802381491307702,0.0,0.0,0.0,14.84341523057435
71,2014-12-31,15.20637097116735,10.699676114827563,18.22711078813292,15.20637097116735,15.20637097116735,-0.6339624143869981,-0.6339624143869981,-0.6339624143869981,-0.6339624143869981,-0.6339624143869981,-0.6339624143869981,0.0,0.0,0.0,14.572408556780353
72,2015-01-31,15.189088562629578,9.322158741819539,16.9828229776439,15.189088562629578,15.189088562629578,-2.0545516868633373,-2.0545516868633373,-2.0545516868633373,-2.0545516868633373,-2.0545516868633373,-2.0545516868633373,0.0,0.0,0.0,13.13453687576624
73,2015-02-28,15.173478645240623,11.586583948975733,19.648571885266104,15.173478645240623,15.173478645240623,0.5983174478630723,0.5983174478630723,0.5983174478630723,0.5983174478630723,0.5983174478630723,0.5983174478630723,0.0,0.0,0.0,15.771796093103696
74,2015-03-31,15.15619623670285,11.719785514982163,19.764007267656144,15.15619623670285,15.15619623670285,0.4884451879295715,0.4884451879295715,0.4884451879295715,0.4884451879295715,0.4884451879295715,0.4884451879295715,0.0,0.0,0.0,15.644641424632422
75,2015-04-30,15.141559671865608,10.50560827312335,18.347801917906363,15.141559671865608,15.141559671865608,-0.6684909807784243,-0.6684909807784243,-0.6684909807784243,-0.6684909807784243,-0.6684909807784243,-0.6684909807784243,0.0,0.0,0.0,14.473068691087184
76,2015-05-31,15.126435221533788,10.88677166800602,18.44656720650715,15.126435221533788,15.126435221533788,-0.6368824208493116,-0.6368824208493116,-0.6368824208493116,-0.6368824208493116,-0.6368824208493116,-0.6368824208493116,0.0,0.0,0.0,14.489552800684477
77,2015-06-30,15.111798656696541,13.135131033578269,20.974215436736433,15.111798656696541,15.111798656696541,1.9479389967703136,1.9479389967703136,1.9479389967703136,1.9479389967703136,1.9479389967703136,1.9479389967703136,0.0,0.0,0.0,17.059737653466854
78,2015-07-31,15.096674206364721,13.813376368003862,21.82060478540522,15.096674206364721,15.096674206364721,2.749576967668485,2.749576967668485,2.749576967668485,2.749576967668485,2.749576967668485,2.749576967668485,0.0,0.0,0.0,17.846251174033206
79,2015-08-31,15.081549756032901,11.923942251452777,19.245355963829873,15.081549756032901,15.081549756032901,0.3273279868049822,0.3273279868049822,0.3273279868049822,0.3273279868049822,0.3273279868049822,0.3273279868049822,0.0,0.0,0.0,15.408877742837884
80,2015-09-30,15.066913191195658,10.689539091589781,18.331557878377954,15.066913191195658,15.066913191195658,-0.5809342154055767,-0.5809342154055767,-0.5809342154055767,-0.5809342154055767,-0.5809342154055767,-0.5809342154055767,0.0,0.0,0.0,14.485978975790081
81,2015-10-31,15.051788815670342,11.265261485266883,19.226563168901162,15.051788815670342,15.051788815670342,-0.009536102722738228,-0.009536102722738228,-0.009536102722738228,-0.009536102722738228,-0.009536102722738228,-0.009536102722738228,0.0,0.0,0.0,15.042252712947604
82,2015-11-30,15.03715232322649,11.235085349701075,18.784184953380983,15.03715232322649,15.03715232322649,0.049024362042848026,0.049024362042848026,0.049024362042848026,0.049024362042848026,0.049024362042848026,0.049024362042848026,0.0,0.0,0.0,15.086176685269338
83,2015-12-31,15.022027947701176,11.10758502162214,18.736107798847158,15.022027947701176,15.022027947701176,-0.23056970896859902,-0.23056970896859902,-0.23056970896859902,-0.23056970896859902,-0.23056970896859902,-0.23056970896859902,0.0,0.0,0.0,14.791458238732577
84,2016-01-31,15.00690357217586,8.702083803692338,16.59602765291548,15.00690357217586,15.00690357217586,-2.3944677725165313,-2.3944677725165313,-2.3944677725165313,-2.3944677725165313,-2.3944677725165313,-2.3944677725165313,0.0,0.0,0.0,12.612435799659329
85,2016-02-29,14.99275496281347,13.088790258886213,20.92860747795415,14.99275496281347,14.99275496281347,2.1310583673456946,2.1310583673456946,2.1310583673456946,2.1310583673456946,2.1310583673456946,2.1310583673456946,0.0,0.0,0.0,17.123813330159166
86,2016-03-31,14.977630587288154,10.898273289923111,18.795180564691485,14.977630587288154,14.977630587288154,-0.1486053584614477,-0.1486053584614477,-0.1486053584614477,-0.1486053584614477,-0.1486053584614477,-0.1486053584614477,0.0,0.0,0.0,14.829025228826707
87,2016-04-30,14.963012244419371,8.858227387350563,16.78732583716719,14.963012244419371,14.963012244419371,-2.1189109151130543,-2.1189109151130543,-2.1189109151130543,-2.1189109151130543,-2.1189109151130543,-2.1189109151130543,0.0,0.0,0.0,12.844101329306316
88,2016-05-31,14.947906623454962,10.89389868393026,18.64029121356223,14.947906623454962,14.947906623454962,-0.27512934538605155,-0.27512934538605155,-0.27512934538605155,-0.27512934538605155,-0.27512934538605155,-0.27512934538605155,0.0,0.0,0.0,14.67277727806891
89,2016-06-30,14.93328828058618,13.151603016093912,21.03436681899631,14.93328828058618,14.93328828058618,2.1099561633788935,2.1099561633788935,2.1099561633788935,2.1099561633788935,2.1099561633788935,2.1099561633788935,0.0,0.0,0.0,17.043244443965072
90,2016-07-31,14.91818265962177,13.774730161900855,21.628950562024546,14.91818265962177,14.91818265962177,2.8042515856821537,2.8042515856821537,2.8042515856821537,2.8042515856821537,2.8042515856821537,2.8042515856821537,0.0,0.0,0.0,17.722434245303923
91,2016-08-31,14.90307703865736,12.210140913324052,19.976363083511878,14.90307703865736,14.90307703865736,1.182382341906866,1.182382341906866,1.182382341906866,1.182382341906866,1.182382341906866,1.182382341906866,0.0,0.0,0.0,16.085459380564224
92,2016-09-30,14.888458695788577,9.371216566306092,17.179256963168445,14.888458695788577,14.888458695788577,-1.4024421112179621,-1.4024421112179621,-1.4024421112179621,-1.4024421112179621,-1.4024421112179621,-1.4024421112179621,0.0,0.0,0.0,13.486016584570615
93,2016-10-31,14.879460493298334,12.144699848087862,19.940781156591687,14.879460493298334,14.879460493298334,1.143258206007292,1.143258206007292,1.143258206007292,1.143258206007292,1.143258206007292,1.143258206007292,0.0,0.0,0.0,16.022718699305624
94,2016-11-30,14.870752555404549,9.876303936882385,17.249761204264203,14.870752555404549,14.870752555404549,-1.216478100203134,-1.216478100203134,-1.216478100203134,-1.216478100203134,-1.216478100203134,-1.216478100203134,0.0,0.0,0.0,13.654274455201415
95,2016-12-31,14.861754352914305,9.446959369342343,17.172709917468783,14.861754352914305,14.861754352914305,-1.477524206726504,-1.477524206726504,-1.477524206726504,-1.477524206726504,-1.477524206726504,-1.477524206726504,0.0,0.0,0.0,13.384230146187802
96,2017-01-31,14.852756150424062,9.605647001894521,17.130059716201146,14.852756150424062,14.852756150424062,-1.4154187310012643,-1.4154187310012643,-1.4154187310012643,-1.4154187310012643,-1.4154187310012643,-1.4154187310012643,0.0,0.0,0.0,13.437337419422798
97,2017-02-28,14.844628741723197,12.441511852833738,20.459485027032496,14.844628741723197,14.844628741723197,1.611600360639941,1.611600360639941,1.611600360639941,1.611600360639941,1.611600360639941,1.611600360639941,0.0,0.0,0.0,16.45622910236314
98,2017-03-31,14.84171349051341,11.028306948823255,18.732787066060073,14.84171349051341,14.84171349051341,0.04825048934956182,0.04825048934956182,0.04825048934956182,0.04825048934956182,0.04825048934956182,0.04825048934956182,0.0,0.0,0.0,14.889963979862971
99,2017-04-30,14.838892279665227,9.317732568928669,17.163156593032742,14.838892279665227,14.838892279665227,-1.6336024491154704,-1.6336024491154704,-1.6336024491154704,-1.6336024491154704,-1.6336024491154704,-1.6336024491154704,0.0,0.0,0.0,13.205289830549757
100,2017-05-31,14.835977028455439,10.576559903543544,18.544659498935278,14.835977028455439,14.835977028455439,-0.3876397556970621,-0.3876397556970621,-0.3876397556970621,-0.3876397556970621,-0.3876397556970621,-0.3876397556970621,0.0,0.0,0.0,14.448337272758376
101,2017-06-30,14.833155817607258,12.945045474125271,20.85028128489938,14.833155817607258,14.833155817607258,2.0589414102089076,2.0589414102089076,2.0589414102089076,2.0589414102089076,2.0589414102089076,2.0589414102089076,0.0,0.0,0.0,16.892097227816166
102,2017-07-31,14.830240566397471,13.774838177840355,21.566450867340677,14.830240566397471,14.830240566397471,2.789912852200041,2.789912852200041,2.789912852200041,2.789912852200041,2.789912852200041,2.789912852200041,0.0,0.0,0.0,17.62015341859751
103,2017-08-31,14.82732531518768,12.107314866927094,19.54177758169317,14.82732531518768,14.82732531518768,0.8942293592710717,0.8942293592710717,0.8942293592710717,0.8942293592710717,0.8942293592710717,0.8942293592710717,0.0,0.0,0.0,15.721554674458751
104,2017-09-30,14.83002786991913,9.884240577521616,17.605156005770482,14.83002786991913,14.83002786991913,-1.1308795209098346,-1.1308795209098346,-1.1308795209098346,-1.1308795209098346,-1.1308795209098346,-1.1308795209098346,0.0,0.0,0.0,13.699148349009295
105,2017-10-31,14.832820509808295,11.359436109082692,19.63217795010982,14.832820509808295,14.832820509808295,0.7547272728142267,0.7547272728142267,0.7547272728142267,0.7547272728142267,0.7547272728142267,0.7547272728142267,0.0,0.0,0.0,15.587547782622522
106,2017-11-30,14.835523064539743,9.843376287762911,18.023339843910495,14.835523064539743,14.835523064539743,-0.8022483294028511,-0.8022483294028511,-0.8022483294028511,-0.8022483294028511,-0.8022483294028511,-0.8022483294028511,0.0,0.0,0.0,14.033274735136892
107,2017-12-31,14.838315704428908,9.861896742640775,17.793000938680304,14.838315704428908,14.838315704428908,-1.0497788182626273,-1.0497788182626273,-1.0497788182626273,-1.0497788182626273,-1.0497788182626273,-1.0497788182626273,0.0,0.0,0.0,13.78853688616628
108,2018-01-31,14.841108344318071,9.05526194406021,17.02957582475375,14.841108344318071,14.841108344318071,-1.7280759861732018,-1.7280759861732018,-1.7280759861732018,-1.7280759861732018,-1.7280759861732018,-1.7280759861732018,0.0,0.0,0.0,13.113032358144869
109,2018-02-28,14.843630728734091,12.041322269835293,19.942165712803337,14.843630728734091,14.843630728734091,1.1004760566173193,1.1004760566173193,1.1004760566173193,1.1004760566173193,1.1004760566173193,1.1004760566173193,0.0,0.0,0.0,15.94410678535141
110,2018-03-31,14.858088961041352,10.926998605922387,19.034710410009772,14.858088961041352,14.858088961041352,0.26066778574930755,0.26066778574930755,0.26066778574930755,0.26066778574930755,0.26066778574930755,0.26066778574930755,0.0,0.0,0.0,15.118756746790659
111,2018-04-30,14.872080798758056,9.67848030326476,17.42551124174179,14.872080798758056,14.872080798758056,-1.1499260557609645,-1.1499260557609645,-1.1499260557609645,-1.1499260557609645,-1.1499260557609645,-1.1499260557609645,0.0,0.0,0.0,13.722154742997091
112,2018-05-31,14.886539031065317,10.318009369152875,18.06226343664917,14.886539031065317,14.886539031065317,-0.5082124262653912,-0.5082124262653912,-0.5082124262653912,-0.5082124262653912,-0.5082124262653912,-0.5082124262653912,0.0,0.0,0.0,14.378326604799925
113,2018-06-30,14.900530868782022,12.944167352560985,20.844844204783204,14.900530868782022,14.900530868782022,2.004907073824364,2.004907073824364,2.004907073824364,2.004907073824364,2.004907073824364,2.004907073824364,0.0,0.0,0.0,16.905437942606387
114,2018-07-31,14.914989101089281,13.610353019693367,21.579838500960832,14.914989101089281,14.914989101089281,2.7716410307949544,2.7716410307949544,2.7716410307949544,2.7716410307949544,2.7716410307949544,2.7716410307949544,0.0,0.0,0.0,17.686630131884236
115,2018-08-31,14.938215382450299,11.492295803608345,19.62034543888393,14.938215382450299,14.938215382450299,0.609103790788104,0.609103790788104,0.609103790788104,0.609103790788104,0.609103790788104,0.609103790788104,0.0,0.0,0.0,15.547319173238403
116,2018-09-30,14.960692428928702,9.972602462473565,18.214846074667317,14.960692428928702,14.960692428928702,-0.8569971913173937,-0.8569971913173937,-0.8569971913173937,-0.8569971913173937,-0.8569971913173937,-0.8569971913173937,0.0,0.0,0.0,14.103695237611308
117,2018-10-31,14.983918710289716,11.581872728908907,19.28532351700031,14.983918710289716,14.983918710289716,0.3703794528460301,0.3703794528460301,0.3703794528460301,0.3703794528460301,0.3703794528460301,0.3703794528460301,0.0,0.0,0.0,15.354298163135747
118,2018-11-30,15.00639575676812,10.709905400191099,18.558672685253907,15.00639575676812,15.00639575676812,-0.38023814913013104,-0.38023814913013104,-0.38023814913013104,-0.38023814913013104,-0.38023814913013104,-0.38023814913013104,0.0,0.0,0.0,14.626157607637989
119,2018-12-31,15.029622038129137,10.509640652345537,18.130631577728135,15.029622038129137,15.029622038129137,-0.63396241438655,-0.63396241438655,-0.63396241438655,-0.63396241438655,-0.63396241438655,-0.63396241438655,0.0,0.0,0.0,14.395659623742587
120,2019-01-31,15.052848319490153,8.843369573930111,16.934875714551058,15.052848319490153,15.052848319490153,-2.054551686865347,-2.054551686865347,-2.054551686865347,-2.054551686865347,-2.054551686865347,-2.054551686865347,0.0,0.0,0.0,12.998296632624806
121,2019-02-28,15.077475135053511,11.548845094749952,19.560558439659705,15.077475135053511,15.077475135053511,0.5983174478641602,0.5983174478641602,0.5983174478641602,0.5983174478641602,0.5983174478641602,0.5983174478641602,0.0,0.0,0.0,15.675792582917671
122,2019-03-31,15.104740537998659,12.008329975890607,19.950251482746754,15.104740537998659,15.104740537998659,0.48844518792777614,0.48844518792777614,0.48844518792777614,0.48844518792777614,0.48844518792777614,0.48844518792777614,0.0,0.0,0.0,15.593185725926435
123,2019-04-30,15.131126411816544,10.477761989060346,18.5890412913702,15.131126411816544,15.131126411816544,-0.6684909807772527,-0.6684909807772527,-0.6684909807772527,-0.6684909807772527,-0.6684909807772527,-0.6684909807772527,0.0,0.0,0.0,14.46263543103929
124,2019-05-31,15.158391814761691,10.501318959098006,18.3606376994691,15.158391814761691,15.158391814761691,-0.6368824208474179,-0.6368824208474179,-0.6368824208474179,-0.6368824208474179,-0.6368824208474179,-0.6368824208474179,0.0,0.0,0.0,14.521509393914274
125,2019-06-30,15.184777688579578,13.166873875971437,21.108144704575423,15.184777688579578,15.184777688579578,1.9479389967703677,1.9479389967703677,1.9479389967703677,1.9479389967703677,1.9479389967703677,1.9479389967703677,0.0,0.0,0.0,17.132716685349944
126,2019-07-31,15.212043091524722,14.235252667039783,22.017128665039763,15.212043091524722,15.212043091524722,2.749576967667559,2.749576967667559,2.749576967667559,2.749576967667559,2.749576967667559,2.749576967667559,0.0,0.0,0.0,17.96162005919228
127,2019-08-31,15.241149913745513,11.465096619477656,19.28442681658313,15.241149913745513,15.241149913745513,0.3273279868052143,0.3273279868052143,0.3273279868052143,0.3273279868052143,0.3273279868052143,0.3273279868052143,0.0,0.0,0.0,15.568477900550727
128,2019-09-30,15.269317806217247,10.669428216186569,18.552166085517083,15.269317806217247,15.269317806217247,-0.5809342154056761,-0.5809342154056761,-0.5809342154056761,-0.5809342154056761,-0.5809342154056761,-0.5809342154056761,0.0,0.0,0.0,14.68838359081157
129,2019-10-31,15.298424628438035,11.063107476662898,19.042386407558965,15.298424628438035,15.298424628438035,-0.009536102722016031,-0.009536102722016031,-0.009536102722016031,-0.009536102722016031,-0.009536102722016031,-0.009536102722016031,0.0,0.0,0.0,15.288888525716018
130,2019-11-30,15.326592520909768,11.316843113980108,19.28809550429903,15.326592520909768,15.326592520909768,0.04902436204374027,0.04902436204374027,0.04902436204374027,0.04902436204374027,0.04902436204374027,0.04902436204374027,0.0,0.0,0.0,15.375616882953508
131,2019-12-31,15.355699343130562,11.090992591242912,18.97597592859518,15.355699343130562,15.355699343130562,-0.23056970897071036,-0.23056970897071036,-0.23056970897071036,-0.23056970897071036,-0.23056970897071036,-0.23056970897071036,0.0,0.0,0.0,15.125129634159851
132,2020-01-31,15.38480616535135,9.061090899818872,17.05265817470423,15.38480616535135,15.38480616535135,-2.39446777251859,-2.39446777251859,-2.39446777251859,-2.39446777251859,-2.39446777251859,-2.39446777251859,0.0,0.0,0.0,12.99033839283276
133,2020-02-29,15.412035175973761,13.70832647910125,21.398701075754992,15.412035175973761,15.412035175973761,2.1310583673474737,2.1310583673474737,2.1310583673474737,2.1310583673474737,2.1310583673474737,2.1310583673474737,0.0,0.0,0.0,17.543093543321234
134,2020-03-31,15.441142049397715,11.415195024939113,19.19673093765772,15.441142049397715,15.441142049397715,-0.14860535846315934,-0.14860535846315934,-0.14860535846315934,-0.14860535846315934,-0.14860535846315934,-0.14860535846315934,0.0,0.0,0.0,15.292536690934556
135,2020-04-30,15.469309991420896,9.323927757023844,17.471721012217426,15.469309991420896,15.469309991420896,-2.1189109151162513,-2.1189109151162513,-2.1189109151162513,-2.1189109151162513,-2.1189109151162513,-2.1189109151162513,0.0,0.0,0.0,13.350399076304646
136,2020-05-31,15.498416864844849,11.522690635747244,19.441604134136192,15.498416864844849,15.498416864844849,-0.2751293453866056,-0.2751293453866056,-0.2751293453866056,-0.2751293453866056,-0.2751293453866056,-0.2751293453866056,0.0,0.0,0.0,15.223287519458243
137,2020-06-30,15.526584806868028,13.641517066523805,21.692004321316183,15.526584806868028,15.526584806868028,2.1099561633759105,2.1099561633759105,2.1099561633759105,2.1099561633759105,2.1099561633759105,2.1099561633759105,0.0,0.0,0.0,17.63654097024394
138,2020-07-31,15.55569168053156,14.574628977220753,22.566079597013797,15.55569168053156,15.55569168053156,2.804251585682594,2.804251585682594,2.804251585682594,2.804251585682594,2.804251585682594,2.804251585682594,0.0,0.0,0.0,18.359943266214152
139,2020-08-31,15.584798554195089,12.810245632006628,21.19915466355627,15.584798554195089,15.584798554195089,1.1823823419023958,1.1823823419023958,1.1823823419023958,1.1823823419023958,1.1823823419023958,1.1823823419023958,0.0,0.0,0.0,16.767180896097486
140,2020-09-30,15.61296649645012,10.28040035670154,18.12053477795045,15.61296649645012,15.61296649645012,-1.402442111221079,-1.402442111221079,-1.402442111221079,-1.402442111221079,-1.402442111221079,-1.402442111221079,0.0,0.0,0.0,14.210524385229041
141,2020-10-31,15.64207337011365,12.978880825657823,20.734116145423766,15.64207337011365,15.64207337011365,1.1432582060028273,1.1432582060028273,1.1432582060028273,1.1432582060028273,1.1432582060028273,1.1432582060028273,0.0,0.0,0.0,16.785331576116477
142,2020-11-30,15.67024131236868,10.454767387951842,18.237344956914047,15.67024131236868,15.67024131236868,-1.2164781002010645,-1.2164781002010645,-1.2164781002010645,-1.2164781002010645,-1.2164781002010645,-1.2164781002010645,0.0,0.0,0.0,14.453763212167615
143,2020-12-31,15.699348186032214,10.237560792801737,18.29896299221233,15.699348186032214,15.699348186032214,-1.477524206723665,-1.477524206723665,-1.477524206723665,-1.477524206723665,-1.477524206723665,-1.477524206723665,0.0,0.0,0.0,14.22182397930855
144,2021-01-31,15.72845506030389,10.170698124363371,18.258383361545757,15.72845506030389,15.72845506030389,-1.4154187310023802,-1.4154187310023802,-1.4154187310023802,-1.4154187310023802,-1.4154187310023802,-1.4154187310023802,0.0,0.0,0.0,14.31303632930151
145,2021-02-28,15.754745140291211,13.687459017259359,21.32896812342333,15.754745140291211,15.754745140291211,1.6116003606422806,1.6116003606422806,1.6116003606422806,1.6116003606422806,1.6116003606422806,1.6116003606422806,0.0,0.0,0.0,17.36634550093349
146,2021-03-31,15.783852014562889,11.958837512472163,19.911785173180483,15.783852014562889,15.783852014562889,0.04825048934591092,0.04825048934591092,0.04825048934591092,0.04825048934591092,0.04825048934591092,0.04825048934591092,0.0,0.0,0.0,15.8321025039088
147,2021-04-30,15.812019957406449,10.144524348289998,18.146818696676768,15.812019957406449,15.812019957406449,-1.6336024491202765,-1.6336024491202765,-1.6336024491202765,-1.6336024491202765,-1.6336024491202765,-1.6336024491202765,0.0,0.0,0.0,14.178417508286172
148,2021-05-31,15.841126831678126,11.321725937965159,19.12994762796018,15.841126831678126,15.841126831678126,-0.3876397556964561,-0.3876397556964561,-0.3876397556964561,-0.3876397556964561,-0.3876397556964561,-0.3876397556964561,0.0,0.0,0.0,15.45348707598167
149,2021-06-30,15.869294774521686,14.030430917495773,22.15620410989258,15.869294774521686,15.869294774521686,2.0589414102088934,2.0589414102088934,2.0589414102088934,2.0589414102088934,2.0589414102088934,2.0589414102088934,0.0,0.0,0.0,17.92823618473058
150,2021-07-31,15.898401648793364,14.726815695434027,22.798477066841144,15.898401648793364,15.898401648793364,2.7899128522005503,2.7899128522005503,2.7899128522005503,2.7899128522005503,2.7899128522005503,2.7899128522005503,0.0,0.0,0.0,18.688314500993915
151,2021-08-31,15.927508523065042,12.526130439501168,20.419288095526333,15.927508523065042,15.927508523065042,0.8942293592738193,0.8942293592738193,0.8942293592738193,0.8942293592738193,0.8942293592738193,0.8942293592738193,0.0,0.0,0.0,16.821737882338862
152,2021-09-30,15.955676465908597,10.800724938301123,18.363156794360652,15.955676465908597,15.955676465908597,-1.1308795209120235,-1.1308795209120235,-1.1308795209120235,-1.1308795209120235,-1.1308795209120235,-1.1308795209120235,0.0,0.0,0.0,14.824796944996574
153,2021-10-31,15.984783340180279,12.954858426628402,20.51664834051778,15.984783340180279,15.984783340180279,0.7547272728132057,0.7547272728132057,0.7547272728132057,0.7547272728132057,0.7547272728132057,0.7547272728132057,0.0,0.0,0.0,16.739510612993485
154,2021-11-30,16.012951283023835,11.123642913711711,19.027926632092694,16.012951283023835,16.012951283023835,-0.8022483294020898,-0.8022483294020898,-0.8022483294020898,-0.8022483294020898,-0.8022483294020898,-0.8022483294020898,0.0,0.0,0.0,15.210702953621745
155,2021-12-31,16.042058157295514,10.814203553677443,18.92148813783705,16.042058157295514,16.042058157295514,-1.0497788182619605,-1.0497788182619605,-1.0497788182619605,-1.0497788182619605,-1.0497788182619605,-1.0497788182619605,0.0,0.0,0.0,14.992279339033553
156,2022-01-31,16.071165031567194,10.60305890113124,18.340820004415857,16.071165031567194,16.071165031567194,-1.7280759861735806,-1.7280759861735806,-1.7280759861735806,-1.7280759861735806,-1.7280759861735806,-1.7280759861735806,0.0,0.0,0.0,14.343089045393613
157,2022-02-28,16.097455111554513,13.234262353857165,21.09131387061706,16.097455111554513,16.097455111554513,1.1004760566176282,1.1004760566176282,1.1004760566176282,1.1004760566176282,1.1004760566176282,1.1004760566176282,0.0,0.0,0.0,17.19793116817214
158,2022-03-31,16.126561985826193,12.520320564317975,20.71724024229031,16.126561985826193,16.126561985826193,0.26066778574868843,0.26066778574868843,0.26066778574868843,0.26066778574868843,0.26066778574868843,0.26066778574868843,0.0,0.0,0.0,16.38722977157488
159,2022-04-30,16.154729928669752,11.32911536722001,18.72804668225682,16.154729928669752,16.154729928669752,-1.1499260557633484,-1.1499260557633484,-1.1499260557633484,-1.1499260557633484,-1.1499260557633484,-1.1499260557633484,0.0,0.0,0.0,15.004803872906404
160,2022-05-31,16.18383680294143,11.528129849719432,19.374791095026392,16.18383680294143,16.18383680294143,-0.5082124262636166,-0.5082124262636166,-0.5082124262636166,-0.5082124262636166,-0.5082124262636166,-0.5082124262636166,0.0,0.0,0.0,15.675624376677812
161,2022-06-30,16.212004745784988,14.095319013332423,22.098240978653624,16.212004745784988,16.212004745784988,2.0049070738262915,2.0049070738262915,2.0049070738262915,2.0049070738262915,2.0049070738262915,2.0049070738262915,0.0,0.0,0.0,18.21691181961128
162,2022-07-31,16.241111620056664,14.927677132872594,22.59868957846086,16.241111620056664,16.241111620056664,2.771641030797111,2.771641030797111,2.771641030797111,2.771641030797111,2.771641030797111,2.771641030797111,0.0,0.0,0.0,19.012752650853773
163,2022-08-31,16.270218494328343,12.98565248735469,21.048317406244024,16.270218494328343,16.270218494328343,0.6091037907897632,0.6091037907897632,0.6091037907897632,0.6091037907897632,0.6091037907897632,0.6091037907897632,0.0,0.0,0.0,16.879322285118107
164,2022-09-30,16.2983864371719,11.458642619747684,19.209139637434735,16.2983864371719,16.2983864371719,-0.8569971913161993,-0.8569971913161993,-0.8569971913161993,-0.8569971913161993,-0.8569971913161993,-0.8569971913161993,0.0,0.0,0.0,15.4413892458557
165,2022-10-31,16.32749331144358,12.80523593301929,20.66272838205822,16.32749331144358,16.32749331144358,0.3703794528468233,0.3703794528468233,0.3703794528468233,0.3703794528468233,0.3703794528468233,0.3703794528468233,0.0,0.0,0.0,16.697872764290402
166,2022-11-30,16.35566125428714,11.857943098681634,19.90735662155993,16.35566125428714,16.35566125428714,-0.3802381491318697,-0.3802381491318697,-0.3802381491318697,-0.3802381491318697,-0.3802381491318697,-0.3802381491318697,0.0,0.0,0.0,15.975423105155269
167,2022-12-31,16.384768128558814,11.987924595871963,19.680087572102277,16.384768128558814,16.384768128558814,-0.6339624143878486,-0.6339624143878486,-0.6339624143878486,-0.6339624143878486,-0.6339624143878486,-0.6339624143878486,0.0,0.0,0.0,15.750805714170966
168,2023-01-31,16.413875002830494,10.321634001218527,18.266492813835818,16.413875002830494,16.413875002830494,-2.054551686863061,-2.054551686863061,-2.054551686863061,-2.054551686863061,-2.054551686863061,-2.054551686863061,0.0,0.0,0.0,14.359323315967433
169,2023-02-28,16.440165082817813,13.094794989064093,21.08959911494658,16.440165082817813,16.440165082817813,0.5983174478650924,0.5983174478650924,0.5983174478650924,0.5983174478650924,0.5983174478650924,0.5983174478650924,0.0,0.0,0.0,17.038482530682906
170,2023-03-31,16.469271957089493,12.877640320830492,20.923638077050953,16.469271957089493,16.469271957089493,0.4884451879318247,0.4884451879318247,0.4884451879318247,0.4884451879318247,0.4884451879318247,0.4884451879318247,0.0,0.0,0.0,16.957717145021316
171,2023-04-30,16.497439899933052,11.942990938346245,19.826207686951086,16.497439899933052,16.497439899933052,-0.6684909807752277,-0.6684909807752277,-0.6684909807752277,-0.6684909807752277,-0.6684909807752277,-0.6684909807752277,0.0,0.0,0.0,15.828948919157824
172,2023-05-31,16.52654677420473,11.876290750215583,19.747366536299708,16.52654677420473,16.52654677420473,-0.6368824208497491,-0.6368824208497491,-0.6368824208497491,-0.6368824208497491,-0.6368824208497491,-0.6368824208497491,0.0,0.0,0.0,15.889664353354979
173,2023-06-30,16.554714717048288,14.39993125067743,22.307636293668335,16.554714717048288,16.554714717048288,1.9479389967721985,1.9479389967721985,1.9479389967721985,1.9479389967721985,1.9479389967721985,1.9479389967721985,0.0,0.0,0.0,18.502653713820486
174,2023-07-31,16.583821591319968,15.35818406417915,23.36387224810289,16.583821591319968,16.583821591319968,2.74957696766844,2.74957696766844,2.74957696766844,2.74957696766844,2.74957696766844,2.74957696766844,0.0,0.0,0.0,19.333398558988407
175,2023-08-31,16.612928465591644,13.196063540991354,21.06400876417381,16.612928465591644,16.612928465591644,0.327327986802191,0.327327986802191,0.327327986802191,0.327327986802191,0.327327986802191,0.327327986802191,0.0,0.0,0.0,16.940256452393836
176,2023-09-30,16.641096408435203,12.273936903675525,19.868610788657122,16.641096408435203,16.641096408435203,-0.5809342154041126,-0.5809342154041126,-0.5809342154041126,-0.5809342154041126,-0.5809342154041126,-0.5809342154041126,0.0,0.0,0.0,16.06016219303109
177,2023-10-31,16.670203282706883,13.063782257620733,20.708797802857045,16.670203282706883,16.670203282706883,-0.009536102724799782,-0.009536102724799782,-0.009536102724799782,-0.009536102724799782,-0.009536102724799782,-0.009536102724799782,0.0,0.0,0.0,16.660667179982084
178,2023-11-30,16.69837122555044,12.993730500627274,20.48545495329305,16.69837122555044,16.69837122555044,0.04902436204335258,0.04902436204335258,0.04902436204335258,0.04902436204335258,0.04902436204335258,0.04902436204335258,0.0,0.0,0.0,16.74739558759379
179,2023-12-31,16.727478099822115,12.604245223738692,20.15614276323521,16.727478099822115,16.727478099822115,-0.23056970896985082,-0.23056970896985082,-0.23056970896985082,-0.23056970896985082,-0.23056970896985082,-0.23056970896985082,0.0,0.0,0.0,16.496908390852266
180,2024-01-01,16.728417031250235,10.864339489487646,18.905803088581923,16.728417031250235,16.728417031250235,-1.9166827779376825,-1.9166827779376825,-1.9166827779376825,-1.9166827779376825,-1.9166827779376825,-1.9166827779376825,0.0,0.0,0.0,14.811734253312553
181,2024-01-02,16.729355962678355,9.036083707407817,17.47645082289983,16.729355962678355,16.729355962678355,-3.7764393279709867,-3.7764393279709867,-3.7764393279709867,-3.7764393279709867,-3.7764393279709867,-3.7764393279709867,0.0,0.0,0.0,12.952916634707368
182,2024-01-03,16.73029489410647,6.933775654423923,14.903913799020348,16.73029489410647,16.73029489410647,-5.772618248706333,-5.772618248706333,-5.772618248706333,-5.772618248706333,-5.772618248706333,-5.772618248706333,0.0,0.0,0.0,10.957676645400138
183,2024-01-04,16.73123382553459,4.655302200685099,12.705659645870096,16.73123382553459,16.73123382553459,-7.863940028555665,-7.863940028555665,-7.863940028555665,-7.863940028555665,-7.863940028555665,-7.863940028555665,0.0,0.0,0.0,8.867293796978927
184,2024-01-05,16.73217275696271,3.1907876736154095,10.546580022048145,16.73217275696271,16.73217275696271,-10.006091212111059,-10.006091212111059,-10.006091212111059,-10.006091212111059,-10.006091212111059,-10.006091212111059,0.0,0.0,0.0,6.726081544851652
185,2024-01-06,16.733111688390828,0.11719872362379173,8.74481208485338,16.733111688390828,16.733111688390828,-12.152835713413227,-12.152835713413227,-12.152835713413227,-12.152835713413227,-12.152835713413227,-12.152835713413227,0.0,0.0,0.0,4.580275974977601
186,2024-01-07,16.734050619818948,-1.6754681514984604,6.3755358658380175,16.734050619818948,16.734050619818948,-14.257184129860015,-14.257184129860015,-14.257184129860015,-14.257184129860015,-14.257184129860015,-14.257184129860015,0.0,0.0,0.0,2.476866489958933
187,2024-01-08,16.734989551247065,-3.433949821023697,4.323354324922487,16.734989551247065,16.734989551247065,-16.272590424052943,-16.272590424052943,-16.272590424052943,-16.272590424052943,-16.272590424052943,-16.272590424052943,0.0,0.0,0.0,0.46239912719412146
188,2024-01-09,16.735928482675185,-5.208448514532794,2.447760238675474,16.735928482675185,16.735928482675185,-18.15414438118168,-18.15414438118168,-18.15414438118168,-18.15414438118168,-18.15414438118168,-18.15414438118168,0.0,0.0,0.0,-1.4182158985064959
189,2024-01-10,16.7368674141033,-7.012936537893132,0.6368020710075305,16.7368674141033,16.7368674141033,-19.859728141042677,-19.859728141042677,-19.859728141042677,-19.859728141042677,-19.859728141042677,-19.859728141042677,0.0,0.0,0.0,-3.1228607269393756
190,2024-01-11,16.73780634553142,-8.564375229852264,-0.8555362347625602,16.73780634553142,16.73780634553142,-21.351105854957144,-21.351105854957144,-21.351105854957144,-21.351105854957144,-21.351105854957144,-21.351105854957144,0.0,0.0,0.0,-4.6132995094257225
191,2024-01-12,16.738745276959538,-9.523648771689016,-2.0730573631517206,16.738745276959538,16.738745276959538,-22.594917115144312,-22.594917115144312,-22.594917115144312,-22.594917115144312,-22.594917115144312,-22.594917115144312,0.0,0.0,0.0,-5.856171838184775
192,2024-01-13,16.739684208387658,-10.749942630899662,-2.8644067742490096,16.739684208387658,16.739684208387658,-23.563547209105423,-23.563547209105423,-23.563547209105423,-23.563547209105423,-23.563547209105423,-23.563547209105423,0.0,0.0,0.0,-6.823863000717765
193,2024-01-14,16.740623139815778,-11.477978739629519,-3.7210436855766624,16.740623139815778,16.740623139815778,-24.23585040416695,-24.23585040416695,-24.23585040416695,-24.23585040416695,-24.23585040416695,-24.23585040416695,0.0,0.0,0.0,-7.495227264351172
194,2024-01-15,16.741562071243894,-11.648951097684392,-3.860088409696617,16.741562071243894,16.741562071243894,-24.59770628606811,-24.59770628606811,-24.59770628606811,-24.59770628606811,-24.59770628606811,-24.59770628606811,0.0,0.0,0.0,-7.856144214824216
195,2024-01-16,16.742501002672014,-11.736535972071204,-4.096584624695504,16.742501002672014,16.742501002672014,-24.64239355973287,-24.64239355973287,-24.64239355973287,-24.64239355973287,-24.64239355973287,-24.64239355973287,0.0,0.0,0.0,-7.899892557060856
196,2024-01-17,16.74343993410013,-11.535672269876132,-3.7164429299338555,16.74343993410013,16.74343993410013,-24.37077055370094,-24.37077055370094,-24.37077055370094,-24.37077055370094,-24.37077055370094,-24.37077055370094,0.0,0.0,0.0,-7.627330619600809
197,2024-01-18,16.74437886552825,-11.012716254555345,-3.2009536652477575,16.74437886552825,16.74437886552825,-23.791256822368084,-23.791256822368084,-23.791256822368084,-23.791256822368084,-23.791256822368084,-23.791256822368084,0.0,0.0,0.0,-7.0468779568398325
198,2024-01-19,16.74531779695637,-9.962845117926136,-2.2817679045028685,16.74531779695637,16.74531779695637,-22.919615572654102,-22.919615572654102,-22.919615572654102,-22.919615572654102,-22.919615572654102,-22.919615572654102,0.0,0.0,0.0,-6.174297775697731
199,2024-01-20,16.746256728384488,-9.162945239798647,-1.2176115248089827,16.746256728384488,16.746256728384488,-21.778542009189298,-21.778542009189298,-21.778542009189298,-21.778542009189298,-21.778542009189298,-21.778542009189298,0.0,0.0,0.0,-5.03228528080481
200,2024-01-21,16.747195659812608,-7.501488638906842,0.08181357286515595,16.747195659812608,16.747195659812608,-20.397067947663235,-20.397067947663235,-20.397067947663235,-20.397067947663235,-20.397067947663235,-20.397067947663235,0.0,0.0,0.0,-3.649872287850627
201,2024-01-22,16.748134591240724,-6.087693613447733,1.9349236329757227,16.748134591240724,16.748134591240724,-18.80979804487927,-18.80979804487927,-18.80979804487927,-18.80979804487927,-18.80979804487927,-18.80979804487927,0.0,0.0,0.0,-2.0616634536385448
202,2024-01-23,16.749073522668844,-4.2629053652262305,3.6104938440903105,16.749073522668844,16.749073522668844,-17.055997598592473,-17.055997598592473,-17.055997598592473,-17.055997598592473,-17.055997598592473,-17.055997598592473,0.0,0.0,0.0,-0.3069240759236287
203,2024-01-24,16.75001245409696,-2.6009004403338047,5.460805032118012,16.75001245409696,16.75001245409696,-15.178555951999169,-15.178555951999169,-15.178555951999169,-15.178555951999169,-15.178555951999169,-15.178555951999169,0.0,0.0,0.0,1.5714565020977922
