,ds,trend,yhat_lower,yhat_upper,trend_lower,trend_upper,additive_terms,additive_terms_lower,additive_terms_upper,yearly,yearly_lower,yearly_upper,multiplicative_terms,multiplicative_terms_lower,multiplicative_terms_upper,yhat
0,2009-01-31,22.422504125,15.78521053693943,23.870933813646804,22.422504125,22.422504125,-2.647876398620855,-2.647876398620855,-2.647876398620855,-2.647876398620855,-2.647876398620855,-2.647876398620855,0.0,0.0,0.0,19.774627726379144
1,2009-02-28,22.394219727349917,20.382186557408613,27.929772795781034,22.394219727349917,22.394219727349917,1.7680939713949937,1.7680939713949937,1.7680939713949937,1.7680939713949937,1.7680939713949937,1.7680939713949937,0.0,0.0,0.0,24.16231369874491
2,2009-03-31,22.362904858523038,18.6647435605865,26.6082523271791,22.362904858523038,22.362904858523038,0.4359922876868617,0.4359922876868617,0.4359922876868617,0.4359922876868617,0.4359922876868617,0.4359922876868617,0.0,0.0,0.0,22.7988971462099
3,2009-04-30,22.33260014675509,16.68834361826648,24.3207125164683,22.33260014675509,22.33260014675509,-1.827642387355622,-1.827642387355622,-1.827642387355622,-1.827642387355622,-1.827642387355622,-1.827642387355622,0.0,0.0,0.0,20.50495775939947
4,2009-05-31,22.301285277928216,17.62874307615225,25.286974922896245,22.301285277928216,22.301285277928216,-0.7229027536784395,-0.7229027536784395,-0.7229027536784395,-0.7229027536784395,-0.7229027536784395,-0.7229027536784395,0.0,0.0,0.0,21.578382524249776
5,2009-06-30,22.27098056616027,19.699517810419632,27.568907791286065,22.27098056616027,22.27098056616027,1.1295443070886952,1.1295443070886952,1.1295443070886952,1.1295443070886952,1.1295443070886952,1.1295443070886952,0.0,0.0,0.0,23.400524873248965
6,2009-07-31,22.239665697333397,18.967351784822476,26.764948380162934,22.239665697333397,22.239665697333397,0.7234672391561976,0.7234672391561976,0.7234672391561976,0.7234672391561976,0.7234672391561976,0.7234672391561976,0.0,0.0,0.0,22.963132936489593
7,2009-08-31,22.208350824705143,17.595760155471517,25.053180236087695,22.208350824705143,22.208350824705143,-0.8188380563416647,-0.8188380563416647,-0.8188380563416647,-0.8188380563416647,-0.8188380563416647,-0.8188380563416647,0.0,0.0,0.0,21.389512768363478
8,2009-09-30,22.178046109258446,16.349270602892453,24.01911041020956,22.178046109258446,22.178046109258446,-1.9660232110175595,-1.9660232110175595,-1.9660232110175595,-1.9660232110175595,-1.9660232110175595,-1.9660232110175595,0.0,0.0,0.0,20.212022898240885
9,2009-10-31,22.146731236630195,19.29876246188176,26.753905738352497,22.146731236630195,22.146731236630195,0.7913063467278184,0.7913063467278184,0.7913063467278184,0.7913063467278184,0.7913063467278184,0.7913063467278184,0.0,0.0,0.0,22.938037583358014
10,2009-11-30,22.116426521183502,17.914808879628204,25.910042482333008,22.116426521183502,22.116426521183502,-0.12485572627133697,-0.12485572627133697,-0.12485572627133697,-0.12485572627133697,-0.12485572627133697,-0.12485572627133697,0.0,0.0,0.0,21.991570794912164
11,2009-12-31,22.085111648555245,16.82772967634796,24.80776244616174,22.085111648555245,22.085111648555245,-1.398910862663739,-1.398910862663739,-1.398910862663739,-1.398910862663739,-1.398910862663739,-1.398910862663739,0.0,0.0,0.0,20.686200785891504
12,2010-01-31,22.053796778303084,16.09908981453696,23.945243386751855,22.053796778303084,22.053796778303084,-2.1582449224879716,-2.1582449224879716,-2.1582449224879716,-2.1582449224879716,-2.1582449224879716,-2.1582449224879716,0.0,0.0,0.0,19.895551855815114
13,2010-02-28,22.025512379365644,18.965088083020216,26.426500782132585,22.025512379365644,22.025512379365644,0.5925666208930352,0.5925666208930352,0.5925666208930352,0.5925666208930352,0.5925666208930352,0.5925666208930352,0.0,0.0,0.0,22.61807900025868
14,2010-03-31,21.99419750911348,18.164097879888068,26.07570362850559,21.99419750911348,21.99419750911348,0.08101306107309277,0.08101306107309277,0.08101306107309277,0.08101306107309277,0.08101306107309277,0.08101306107309277,0.0,0.0,0.0,22.075210570186574
15,2010-04-30,21.96389279596622,16.896310265108124,25.015955310208025,21.96389279596622,21.96389279596622,-0.9705013585282086,-0.9705013585282086,-0.9705013585282086,-0.9705013585282086,-0.9705013585282086,-0.9705013585282086,0.0,0.0,0.0,20.99339143743801
16,2010-05-31,21.93257792571406,17.849967320071784,25.433511293794055,21.93257792571406,21.93257792571406,-0.43234457096300477,-0.43234457096300477,-0.43234457096300477,-0.43234457096300477,-0.43234457096300477,-0.43234457096300477,0.0,0.0,0.0,21.500233354751057
17,2010-06-30,21.9022732125668,19.504679458541023,27.18193475819261,21.9022732125668,21.9022732125668,1.3513827451759037,1.3513827451759037,1.3513827451759037,1.3513827451759037,1.3513827451759037,1.3513827451759037,0.0,0.0,0.0,23.253655957742705
18,2010-07-31,21.870958352075448,18.424157986824248,25.656645637805685,21.870958352075448,21.870958352075448,0.20886907774584046,0.20886907774584046,0.20886907774584046,0.20886907774584046,0.20886907774584046,0.20886907774584046,0.0,0.0,0.0,22.07982742982129
19,2010-08-31,21.83964349158409,16.699921732258893,24.535034564141025,21.83964349158409,21.83964349158409,-1.220008028990746,-1.220008028990746,-1.220008028990746,-1.220008028990746,-1.220008028990746,-1.220008028990746,0.0,0.0,0.0,20.619635462593344
20,2010-09-30,21.809338787882783,15.920658399756666,23.659943661108,21.809338787882783,21.809338787882783,-1.799028164397118,-1.799028164397118,-1.799028164397118,-1.799028164397118,-1.799028164397118,-1.799028164397118,0.0,0.0,0.0,20.010310623485665
21,2010-10-31,21.778023927391427,18.722559512171514,26.463331856669935,21.778023927391427,21.778023927391427,0.7506746707031253,0.7506746707031253,0.7506746707031253,0.7506746707031253,0.7506746707031253,0.7506746707031253,0.0,0.0,0.0,22.528698598094554
22,2010-11-30,21.74771922369012,17.845044443056896,25.75116755689546,21.74771922369012,21.74771922369012,-0.015354946604138095,-0.015354946604138095,-0.015354946604138095,-0.015354946604138095,-0.015354946604138095,-0.015354946604138095,0.0,0.0,0.0,21.73236427708598
23,2010-12-31,21.716404363198762,16.842659676906948,24.847305965172815,21.716404363198762,21.716404363198762,-0.9280894200969985,-0.9280894200969985,-0.9280894200969985,-0.9280894200969985,-0.9280894200969985,-0.9280894200969985,0.0,0.0,0.0,20.788314943101764
24,2011-01-31,21.685089506841138,15.947585363257327,23.826305473295232,21.685089506841138,21.685089506841138,-1.6909488498395853,-1.6909488498395853,-1.6909488498395853,-1.6909488498395853,-1.6909488498395853,-1.6909488498395853,0.0,0.0,0.0,19.99414065700155
25,2011-02-28,21.656805120453605,16.83825406151552,25.03892868919434,21.656805120453605,21.656805120453605,-0.5880752579707447,-0.5880752579707447,-0.5880752579707447,-0.5880752579707447,-0.5880752579707447,-0.5880752579707447,0.0,0.0,0.0,21.06872986248286
26,2011-03-31,21.62549026409598,17.364731686770586,25.395032532095392,21.62549026409598,21.62549026409598,-0.24488941825454402,-0.24488941825454402,-0.24488941825454402,-0.24488941825454402,-0.24488941825454402,-0.24488941825454402,0.0,0.0,0.0,21.380600845841435
27,2011-04-30,21.595185564395052,17.4240719679581,25.42030235311921,21.595185564395052,21.595185564395052,-0.09909648278763895,-0.09909648278763895,-0.09909648278763895,-0.09909648278763895,-0.09909648278763895,-0.09909648278763895,0.0,0.0,0.0,21.496089081607412
28,2011-05-31,21.56387070803743,17.421789001069563,25.415135394415362,21.56387070803743,21.56387070803743,-0.15000639738035426,-0.15000639738035426,-0.15000639738035426,-0.15000639738035426,-0.15000639738035426,-0.15000639738035426,0.0,0.0,0.0,21.413864310657075
29,2011-06-30,21.533566008336507,19.47036823522364,27.220131947412266,21.533566008336507,21.533566008336507,1.5550901479279902,1.5550901479279902,1.5550901479279902,1.5550901479279902,1.5550901479279902,1.5550901479279902,0.0,0.0,0.0,23.0886561562645
30,2011-07-31,21.502251151638905,17.560829073802292,24.985865478571217,21.502251151638905,21.502251151638905,-0.31762198223697324,-0.31762198223697324,-0.31762198223697324,-0.31762198223697324,-0.31762198223697324,-0.31762198223697324,0.0,0.0,0.0,21.184629169401934
31,2011-08-31,21.4709362949413,16.01861369464265,23.887677212165052,21.4709362949413,21.4709362949413,-1.6135003315388912,-1.6135003315388912,-1.6135003315388912,-1.6135003315388912,-1.6135003315388912,-1.6135003315388912,0.0,0.0,0.0,19.85743596340241
32,2011-09-30,21.440631594911366,15.84489680038757,23.999168703341553,21.440631594911366,21.440631594911366,-1.6222549311033476,-1.6222549311033476,-1.6222549311033476,-1.6222549311033476,-1.6222549311033476,-1.6222549311033476,0.0,0.0,0.0,19.818376663808017
33,2011-10-31,21.409316738213764,17.890309361363634,26.088060842164168,21.409316738213764,21.409316738213764,0.7144485902437125,0.7144485902437125,0.7144485902437125,0.7144485902437125,0.7144485902437125,0.7144485902437125,0.0,0.0,0.0,22.123765328457477
34,2011-11-30,21.379012038183824,17.790407993213037,25.209028891608643,21.379012038183824,21.379012038183824,0.1012089685130341,0.1012089685130341,0.1012089685130341,0.1012089685130341,0.1012089685130341,0.1012089685130341,0.0,0.0,0.0,21.48022100669686
35,2011-12-31,21.347697190868466,17.019655996328275,24.810865198235348,21.347697190868466,21.347697190868466,-0.4586135997249076,-0.4586135997249076,-0.4586135997249076,-0.4586135997249076,-0.4586135997249076,-0.4586135997249076,0.0,0.0,0.0,20.88908359114356
36,2012-01-31,21.31638234355311,15.956284557499256,23.928725359532788,21.31638234355311,21.31638234355311,-1.2464437859867168,-1.2464437859867168,-1.2464437859867168,-1.2464437859867168,-1.2464437859867168,-1.2464437859867168,0.0,0.0,0.0,20.069938557566392
37,2012-02-29,21.287087808967772,20.35433606138686,28.040203197390582,21.287087808967772,21.287087808967772,2.937058931314061,2.937058931314061,2.937058931314061,2.937058931314061,2.937058931314061,2.937058931314061,0.0,0.0,0.0,24.22414674028183
38,2012-03-31,21.255772961652415,18.27925506215297,26.04969589104317,21.255772961652415,21.255772961652415,0.8194745889169593,0.8194745889169593,0.8194745889169593,0.8194745889169593,0.8194745889169593,0.8194745889169593,0.0,0.0,0.0,22.075247550569376
39,2012-04-30,21.22546827070207,14.464695106575304,22.265190573659083,21.22546827070207,21.22546827070207,-2.6694915597479936,-2.6694915597479936,-2.6694915597479936,-2.6694915597479936,-2.6694915597479936,-2.6694915597479936,0.0,0.0,0.0,18.555976710954077
40,2012-05-31,21.194153423386712,16.48535778425258,23.85716964531822,21.194153423386712,21.194153423386712,-1.0209700247705766,-1.0209700247705766,-1.0209700247705766,-1.0209700247705766,-1.0209700247705766,-1.0209700247705766,0.0,0.0,0.0,20.173183398616136
41,2012-06-30,21.16384873245946,18.068942540787145,25.643080197552518,21.16384873245946,21.16384873245946,0.8897853497453693,0.8897853497453693,0.8897853497453693,0.8897853497453693,0.8897853497453693,0.8897853497453693,0.0,0.0,0.0,22.05363408220483
42,2012-07-31,21.13253388516797,18.45734095439143,25.97973296790015,21.13253388516797,21.13253388516797,1.2254893945641019,1.2254893945641019,1.2254893945641019,1.2254893945641019,1.2254893945641019,1.2254893945641019,0.0,0.0,0.0,22.358023279732073
43,2012-08-31,21.101219037876476,16.580442377687188,24.931200356863144,21.101219037876476,21.101219037876476,-0.41062600835590246,-0.41062600835590246,-0.41062600835590246,-0.41062600835590246,-0.41062600835590246,-0.41062600835590246,0.0,0.0,0.0,20.690593029520574
44,2012-09-30,21.070914346949223,14.665051409829925,22.66725204651069,21.070914346949223,21.070914346949223,-2.1231738481569957,-2.1231738481569957,-2.1231738481569957,-2.1231738481569957,-2.1231738481569957,-2.1231738481569957,0.0,0.0,0.0,18.94774049879223
45,2012-10-31,21.039599499657733,17.92902311046528,25.557549576104577,21.039599499657733,21.039599499657733,0.8363924197781829,0.8363924197781829,0.8363924197781829,0.8363924197781829,0.8363924197781829,0.8363924197781829,0.0,0.0,0.0,21.875991919435915
46,2012-11-30,21.00929480873048,17.165900325315295,24.59777934150141,21.00929480873048,21.00929480873048,-0.2269893127365781,-0.2269893127365781,-0.2269893127365781,-0.2269893127365781,-0.2269893127365781,-0.2269893127365781,0.0,0.0,0.0,20.782305495993903
47,2012-12-31,20.978278064043636,15.18990664246633,22.867399696799968,20.978278064043636,20.978278064043636,-1.8703629075410961,-1.8703629075410961,-1.8703629075410961,-1.8703629075410961,-1.8703629075410961,-1.8703629075410961,0.0,0.0,0.0,19.10791515650254
48,2013-01-31,20.947261319356784,14.598457389114538,22.067164188053866,20.947261319356784,20.947261319356784,-2.6478763986212734,-2.6478763986212734,-2.6478763986212734,-2.6478763986212734,-2.6478763986212734,-2.6478763986212734,0.0,0.0,0.0,18.29938492073551
49,2013-02-28,20.919246195123502,18.50372028708072,26.768637741472283,20.919246195123502,20.919246195123502,1.768093971393826,1.768093971393826,1.768093971393826,1.768093971393826,1.768093971393826,1.768093971393826,0.0,0.0,0.0,22.687340166517327
50,2013-03-31,20.888229450436654,17.630153074335418,25.354757566881176,20.888229450436654,20.888229450436654,0.43599228768777826,0.43599228768777826,0.43599228768777826,0.43599228768777826,0.43599228768777826,0.43599228768777826,0.0,0.0,0.0,21.324221738124432
51,2013-04-30,20.858213245900995,15.214661548273934,22.773205906658422,20.858213245900995,20.858213245900995,-1.8276423873521244,-1.8276423873521244,-1.8276423873521244,-1.8276423873521244,-1.8276423873521244,-1.8276423873521244,0.0,0.0,0.0,19.03057085854887
52,2013-05-31,20.828438954693123,16.092851329290276,24.122905327242187,20.828438954693123,20.828438954693123,-0.7229027536783065,-0.7229027536783065,-0.7229027536783065,-0.7229027536783065,-0.7229027536783065,-0.7229027536783065,0.0,0.0,0.0,20.105536201014818
53,2013-06-30,20.799625124491957,17.98062646661745,25.80978775782615,20.799625124491957,20.799625124491957,1.1295443070926456,1.1295443070926456,1.1295443070926456,1.1295443070926456,1.1295443070926456,1.1295443070926456,0.0,0.0,0.0,21.929169431584604
54,2013-07-31,20.76985083328409,17.478879053072994,25.126762048346748,20.76985083328409,20.76985083328409,0.723467239154804,0.723467239154804,0.723467239154804,0.723467239154804,0.723467239154804,0.723467239154804,0.0,0.0,0.0,21.493318072438893
55,2013-08-31,20.74007654207622,16.183701136889386,23.92131442736616,20.74007654207622,20.74007654207622,-0.8188380563349344,-0.8188380563349344,-0.8188380563349344,-0.8188380563349344,-0.8188380563349344,-0.8188380563349344,0.0,0.0,0.0,19.921238485741284
56,2013-09-30,20.711262711875055,14.779633060549095,22.492509811510562,20.711262711875055,20.711262711875055,-1.9660232110174236,-1.9660232110174236,-1.9660232110174236,-1.9660232110174236,-1.9660232110174236,-1.9660232110174236,0.0,0.0,0.0,18.745239500857632
57,2013-10-31,20.681488420667186,17.567928499654478,25.37152744655912,20.681488420667186,20.681488420667186,0.7913063467255768,0.7913063467255768,0.7913063467255768,0.7913063467255768,0.7913063467255768,0.7913063467255768,0.0,0.0,0.0,21.472794767392763
58,2013-11-30,20.65292594040865,16.551956188428658,24.09535886291413,20.65292594040865,20.65292594040865,-0.1248557262720505,-0.1248557262720505,-0.1248557262720505,-0.1248557262720505,-0.1248557262720505,-0.1248557262720505,0.0,0.0,0.0,20.5280702141366
59,2013-12-31,20.62341137747483,15.37234047864398,23.180659965160974,20.62341137747483,20.62341137747483,-1.3989108626639377,-1.3989108626639377,-1.3989108626639377,-1.3989108626639377,-1.3989108626639377,-1.3989108626639377,0.0,0.0,0.0,19.22450051481089
60,2014-01-31,20.593896814541015,14.438891542023418,22.316950173436446,20.593896814541015,20.593896814541015,-2.1582449224862237,-2.1582449224862237,-2.1582449224862237,-2.1582449224862237,-2.1582449224862237,-2.1582449224862237,0.0,0.0,0.0,18.435651892054793
61,2014-02-28,20.56723849963305,17.335603139269367,24.826483693399673,20.56723849963305,20.56723849963305,0.5925666208942341,0.5925666208942341,0.5925666208942341,0.5925666208942341,0.5925666208942341,0.5925666208942341,0.0,0.0,0.0,21.159805120527285
62,2014-03-31,20.53772393669923,16.876636002794633,24.662947259158603,20.53772393669923,20.53772393669923,0.08101306107225802,0.08101306107225802,0.08101306107225802,0.08101306107225802,0.08101306107225802,0.08101306107225802,0.0,0.0,0.0,20.61873699777149
63,2014-04-30,20.509161456440694,15.580858187438064,23.386260286390065,20.509161456440694,20.509161456440694,-0.9705013585247138,-0.9705013585247138,-0.9705013585247138,-0.9705013585247138,-0.9705013585247138,-0.9705013585247138,0.0,0.0,0.0,19.53866009791598
64,2014-05-31,20.479646895641057,16.303342955049636,23.817187390281145,20.479646895641057,20.479646895641057,-0.4323445709601612,-0.4323445709601612,-0.4323445709601612,-0.4323445709601612,-0.4323445709601612,-0.4323445709601612,0.0,0.0,0.0,20.047302324680896
65,2014-06-30,20.45108441744786,18.11105229789204,25.96419317717775,20.45108441744786,20.45108441744786,1.3513827451771698,1.3513827451771698,1.3513827451771698,1.3513827451771698,1.3513827451771698,1.3513827451771698,0.0,0.0,0.0,21.802467162625028
66,2014-07-31,20.421569856648222,16.624984741161807,24.24775572023103,20.421569856648222,20.421569856648222,0.20886907774492117,0.20886907774492117,0.20886907774492117,0.20886907774492117,0.20886907774492117,0.20886907774492117,0.0,0.0,0.0,20.630438934393144
67,2014-08-31,20.392055295848586,15.189832041573954,23.052901679756218,20.392055295848586,20.392055295848586,-1.2200080289972026,-1.2200080289972026,-1.2200080289972026,-1.2200080289972026,-1.2200080289972026,-1.2200080289972026,0.0,0.0,0.0,19.172047266851383
68,2014-09-30,20.363492817655388,14.60045528913574,22.597060570717108,20.363492817655388,20.363492817655388,-1.7990281643969326,-1.7990281643969326,-1.7990281643969326,-1.7990281643969326,-1.7990281643969326,-1.7990281643969326,0.0,0.0,0.0,18.564464653258455
69,2014-10-31,20.33397825685575,17.229786723836238,25.094830715571376,20.33397825685575,20.33397825685575,0.7506746707026699,0.7506746707026699,0.7506746707026699,0.7506746707026699,0.7506746707026699,0.7506746707026699,0.0,0.0,0.0,21.08465292755842
70,2014-11-30,20.305415779969803,16.607326552081634,24.26579741160331,20.305415779969803,20.305415779969803,-0.015354946604056454,-0.015354946604056454,-0.015354946604056454,-0.015354946604056454,-0.015354946604056454,-0.015354946604056454,0.0,0.0,0.0,20.290060833365747
71,2014-12-31,20.27590122052099,15.448642563054992,23.361197757076408,20.27590122052099,20.27590122052099,-0.9280894201008827,-0.9280894201008827,-0.9280894201008827,-0.9280894201008827,-0.9280894201008827,-0.9280894201008827,0.0,0.0,0.0,19.347811800420107
72,2015-01-31,20.246386661072176,14.674042363078351,22.584449685045545,20.246386661072176,20.246386661072176,-1.6909488498382985,-1.6909488498382985,-1.6909488498382985,-1.6909488498382985,-1.6909488498382985,-1.6909488498382985,0.0,0.0,0.0,18.555437811233876
73,2015-02-28,20.219728349311954,15.635716179450695,23.716163954491126,20.219728349311954,20.219728349311954,-0.5880752579702048,-0.5880752579702048,-0.5880752579702048,-0.5880752579702048,-0.5880752579702048,-0.5880752579702048,0.0,0.0,0.0,19.63165309134175
74,2015-03-31,20.190213789863144,16.112022700223545,23.603124771516143,20.190213789863144,20.190213789863144,-0.24488941825261648,-0.24488941825261648,-0.24488941825261648,-0.24488941825261648,-0.24488941825261648,-0.24488941825261648,0.0,0.0,0.0,19.94532437161053
75,2015-04-30,20.161651315643184,16.259121672835015,24.024312104115698,20.161651315643184,20.161651315643184,-0.09909648279075182,-0.09909648279075182,-0.09909648279075182,-0.09909648279075182,-0.09909648279075182,-0.09909648279075182,0.0,0.0,0.0,20.06255483285243
76,2015-05-31,20.132136758949226,16.068120003910185,24.046826324133985,20.132136758949226,20.132136758949226,-0.1500063973800413,-0.1500063973800413,-0.1500063973800413,-0.1500063973800413,-0.1500063973800413,-0.1500063973800413,0.0,0.0,0.0,19.982130361569183
77,2015-06-30,20.103574284729266,17.931464908960187,25.738126904868825,20.103574284729266,20.103574284729266,1.555090147926395,1.555090147926395,1.555090147926395,1.555090147926395,1.555090147926395,1.555090147926395,0.0,0.0,0.0,21.658664432655662
78,2015-07-31,20.07405972803531,15.756179443726749,23.69569112554564,20.07405972803531,20.07405972803531,-0.31762198223648697,-0.31762198223648697,-0.31762198223648697,-0.31762198223648697,-0.31762198223648697,-0.31762198223648697,0.0,0.0,0.0,19.75643774579882
79,2015-08-31,20.044545171341348,14.618660559258252,22.623593426721275,20.044545171341348,20.044545171341348,-1.6135003315387724,-1.6135003315387724,-1.6135003315387724,-1.6135003315387724,-1.6135003315387724,-1.6135003315387724,0.0,0.0,0.0,18.431044839802574
80,2015-09-30,20.015982697121387,14.42316538357176,22.259928868007716,20.015982697121387,20.015982697121387,-1.6222549311019412,-1.6222549311019412,-1.6222549311019412,-1.6222549311019412,-1.6222549311019412,-1.6222549311019412,0.0,0.0,0.0,18.393727766019445
81,2015-10-31,19.98646814029814,16.9161487080594,24.541926033680564,19.98646814029814,19.98646814029814,0.7144485902463541,0.7144485902463541,0.7144485902463541,0.7144485902463541,0.7144485902463541,0.7144485902463541,0.0,0.0,0.0,20.700916730544495
82,2015-11-30,19.957905665953067,16.304637891227014,23.793805226507708,19.957905665953067,19.957905665953067,0.10120896851223843,0.10120896851223843,0.10120896851223843,0.10120896851223843,0.10120896851223843,0.10120896851223843,0.0,0.0,0.0,20.059114634465306
83,2015-12-31,19.928391109129823,15.747524943627733,23.454907285675304,19.928391109129823,19.928391109129823,-0.45861359972199794,-0.45861359972199794,-0.45861359972199794,-0.45861359972199794,-0.45861359972199794,-0.45861359972199794,0.0,0.0,0.0,19.469777509407827
84,2016-01-31,19.898876552306582,14.44665926411446,22.729990419190607,19.898876552306582,19.898876552306582,-1.2464437859871893,-1.2464437859871893,-1.2464437859871893,-1.2464437859871893,-1.2464437859871893,-1.2464437859871893,0.0,0.0,0.0,18.652432766319393
85,2016-02-29,19.871266160439674,18.98430447743933,26.49424311875768,19.871266160439674,19.871266160439674,2.937058931317987,2.937058931317987,2.937058931317987,2.937058931317987,2.937058931317987,2.937058931317987,0.0,0.0,0.0,22.808325091757663
86,2016-03-31,19.84175160361643,16.825681308608328,24.521646247251695,19.84175160361643,19.84175160361643,0.81947458891376,0.81947458891376,0.81947458891376,0.81947458891376,0.81947458891376,0.81947458891376,0.0,0.0,0.0,20.66122619253019
87,2016-04-30,19.813189128677255,12.9566401933456,20.927858455585465,19.813189128677255,19.813189128677255,-2.669491559745507,-2.669491559745507,-2.669491559745507,-2.669491559745507,-2.669491559745507,-2.669491559745507,0.0,0.0,0.0,17.14369756893175
88,2016-05-31,19.783674571240105,14.655432331405338,22.566376717182358,19.783674571240105,19.783674571240105,-1.0209700247726832,-1.0209700247726832,-1.0209700247726832,-1.0209700247726832,-1.0209700247726832,-1.0209700247726832,0.0,0.0,0.0,18.762704546467422
89,2016-06-30,19.75511209630093,16.77386242689903,24.502580806608336,19.75511209630093,19.75511209630093,0.8897853497494116,0.8897853497494116,0.8897853497494116,0.8897853497494116,0.8897853497494116,0.8897853497494116,0.0,0.0,0.0,20.644897446050344
90,2016-07-31,19.72559753886378,16.861050691838628,24.773787269580364,19.72559753886378,19.72559753886378,1.2254893945633802,1.2254893945633802,1.2254893945633802,1.2254893945633802,1.2254893945633802,1.2254893945633802,0.0,0.0,0.0,20.95108693342716
91,2016-08-31,19.69608298142663,15.603658680011158,23.464247653724495,19.69608298142663,19.69608298142663,-0.4106260083584489,-0.4106260083584489,-0.4106260083584489,-0.4106260083584489,-0.4106260083584489,-0.4106260083584489,0.0,0.0,0.0,19.285456973068182
92,2016-09-30,19.667520506487456,13.795156108956467,21.424314843848784,19.667520506487456,19.667520506487456,-2.1231738481564966,-2.1231738481564966,-2.1231738481564966,-2.1231738481564966,-2.1231738481564966,-2.1231738481564966,0.0,0.0,0.0,17.54434665833096
93,2016-10-31,19.63800595416957,16.857783062458783,24.4625850357718,19.63800595416957,19.63800595416957,0.83639241978077,0.83639241978077,0.83639241978077,0.83639241978077,0.83639241978077,0.83639241978077,0.0,0.0,0.0,20.47439837395034
94,2016-11-30,19.609443484184517,15.449244232025263,23.055217297761935,19.609443484184517,19.609443484184517,-0.22698931273812925,-0.22698931273812925,-0.22698931273812925,-0.22698931273812925,-0.22698931273812925,-0.22698931273812925,0.0,0.0,0.0,19.382454171446387
95,2016-12-31,19.57992893186663,13.985877484318829,21.627129787898298,19.57992893186663,19.57992893186663,-1.8703629075403863,-1.8703629075403863,-1.8703629075403863,-1.8703629075403863,-1.8703629075403863,-1.8703629075403863,0.0,0.0,0.0,17.709566024326243
96,2017-01-31,19.55041437954874,13.008520789308493,20.83044602478667,19.55041437954874,19.55041437954874,-2.6478763986229223,-2.6478763986229223,-2.6478763986229223,-2.6478763986229223,-2.6478763986229223,-2.6478763986229223,0.0,0.0,0.0,16.902537980925818
97,2017-02-28,19.523756074229357,17.464677017913804,25.273036224735854,19.523756074229357,19.523756074229357,1.7680939713894077,1.7680939713894077,1.7680939713894077,1.7680939713894077,1.7680939713894077,1.7680939713894077,0.0,0.0,0.0,21.291850045618766
98,2017-03-31,19.49424151562888,15.916313223266306,23.771750346914253,19.49424151562888,19.49424151562888,0.43599228768686527,0.43599228768686527,0.43599228768686527,0.43599228768686527,0.43599228768686527,0.43599228768686527,0.0,0.0,0.0,19.930233803315744
99,2017-04-30,19.46567903956389,13.927419269196227,21.361473025045314,19.46567903956389,19.46567903956389,-1.827642387351001,-1.827642387351001,-1.827642387351001,-1.827642387351001,-1.827642387351001,-1.827642387351001,0.0,0.0,0.0,17.63803665221289
100,2017-05-31,19.436164480963406,15.06216580082292,23.017652703773877,19.436164480963406,19.436164480963406,-0.722902753680391,-0.722902753680391,-0.722902753680391,-0.722902753680391,-0.722902753680391,-0.722902753680391,0.0,0.0,0.0,18.713261727283015
101,2017-06-30,19.407602004898422,16.515219150374996,24.644287190224162,19.407602004898422,19.407602004898422,1.1295443070895423,1.1295443070895423,1.1295443070895423,1.1295443070895423,1.1295443070895423,1.1295443070895423,0.0,0.0,0.0,20.537146311987964
102,2017-07-31,19.37808744629794,16.50619932859622,24.040819791398746,19.37808744629794,19.37808744629794,0.7234672391567489,0.7234672391567489,0.7234672391567489,0.7234672391567489,0.7234672391567489,0.7234672391567489,0.0,0.0,0.0,20.101554685454687
103,2017-08-31,19.348572887697454,14.628138115870058,22.40288244189756,19.348572887697454,19.348572887697454,-0.818838056337763,-0.818838056337763,-0.818838056337763,-0.818838056337763,-0.818838056337763,-0.818838056337763,0.0,0.0,0.0,18.52973483135969
104,2017-09-30,19.320012460119436,13.433921589574355,21.305374533945063,19.320012460119436,19.320012460119436,-1.9660232110179912,-1.9660232110179912,-1.9660232110179912,-1.9660232110179912,-1.9660232110179912,-1.9660232110179912,0.0,0.0,0.0,17.353989249101446
105,2017-10-31,19.290500018288814,16.27108205369572,23.59992694045947,19.290500018288814,19.290500018288814,0.7913063467281028,0.7913063467281028,0.7913063467281028,0.7913063467281028,0.7913063467281028,0.7913063467281028,0.0,0.0,0.0,20.081806365016917
106,2017-11-30,19.261939590710796,15.135599228213016,23.018415447231067,19.261939590710796,19.261939590710796,-0.12485572627360801,-0.12485572627360801,-0.12485572627360801,-0.12485572627360801,-0.12485572627360801,-0.12485572627360801,0.0,0.0,0.0,19.137083864437187
107,2017-12-31,19.232427148880177,13.881771715837925,21.544626169826742,19.232427148880177,19.232427148880177,-1.398910862662492,-1.398910862662492,-1.398910862662492,-1.398910862662492,-1.398910862662492,-1.398910862662492,0.0,0.0,0.0,17.833516286217684
108,2018-01-31,19.202914707049555,13.276358127173188,20.71266368028631,19.202914707049555,19.202914707049555,-2.15824492248723,-2.15824492248723,-2.15824492248723,-2.15824492248723,-2.15824492248723,-2.15824492248723,0.0,0.0,0.0,17.044669784562323
109,2018-02-28,19.17625830797674,15.910006965652883,23.61555363505525,19.17625830797674,19.17625830797674,0.5925666208948297,0.5925666208948297,0.5925666208948297,0.5925666208948297,0.5925666208948297,0.5925666208948297,0.0,0.0,0.0,19.76882492887157
110,2018-03-31,19.146749238138185,15.430117317734732,23.032674982110084,19.146749238138185,19.146749238138185,0.08101306107480555,0.08101306107480555,0.08101306107480555,0.08101306107480555,0.08101306107480555,0.08101306107480555,0.0,0.0,0.0,19.22776229921299
111,2018-04-30,19.11819207377829,14.089689747167156,22.069850384750197,19.11819207377829,19.11819207377829,-0.9705013585278667,-0.9705013585278667,-0.9705013585278667,-0.9705013585278667,-0.9705013585278667,-0.9705013585278667,0.0,0.0,0.0,18.147690715250423
112,2018-05-31,19.08868300393973,14.834206789971436,22.587719899521037,19.08868300393973,19.08868300393973,-0.43234457096415807,-0.43234457096415807,-0.43234457096415807,-0.43234457096415807,-0.43234457096415807,-0.43234457096415807,0.0,0.0,0.0,18.656338432975573
113,2018-06-30,19.060125839579833,16.40266204545639,24.436914341789493,19.060125839579833,19.060125839579833,1.3513827451761082,1.3513827451761082,1.3513827451761082,1.3513827451761082,1.3513827451761082,1.3513827451761082,0.0,0.0,0.0,20.41150858475594
114,2018-07-31,19.030616769741275,15.497235209063154,22.931002666609306,19.030616769741275,19.030616769741275,0.20886907774242974,0.20886907774242974,0.20886907774242974,0.20886907774242974,0.20886907774242974,0.20886907774242974,0.0,0.0,0.0,19.239485847483706
115,2018-08-31,19.007983903836074,13.926377378083098,21.742096888000226,19.007983903836074,19.007983903836074,-1.2200080289938546,-1.2200080289938546,-1.2200080289938546,-1.2200080289938546,-1.2200080289938546,-1.2200080289938546,0.0,0.0,0.0,17.787975874842218
116,2018-09-30,18.98608113037943,13.210921216923198,20.92266469245696,18.98608113037943,18.98608113037943,-1.799028164397817,-1.799028164397817,-1.799028164397817,-1.799028164397817,-1.799028164397817,-1.799028164397817,0.0,0.0,0.0,17.18705296598161
117,2018-10-31,18.96344826447423,15.815360185932564,23.699780409385486,18.96344826447423,18.96344826447423,0.7506746707019575,0.7506746707019575,0.7506746707019575,0.7506746707019575,0.7506746707019575,0.7506746707019575,0.0,0.0,0.0,19.71412293517619
118,2018-11-30,18.941545491017585,14.842628408885117,23.23481659302668,18.941545491017585,18.941545491017585,-0.015354946601443955,-0.015354946601443955,-0.015354946601443955,-0.015354946601443955,-0.015354946601443955,-0.015354946601443955,0.0,0.0,0.0,18.92619054441614
119,2018-12-31,18.918912625112387,14.248521113471652,21.941710252568512,18.918912625112387,18.918912625112387,-0.9280894201018232,-0.9280894201018232,-0.9280894201018232,-0.9280894201018232,-0.9280894201018232,-0.9280894201018232,0.0,0.0,0.0,17.990823205010564
120,2019-01-31,18.896279759207186,13.297230765009246,21.074735546864126,18.896279759207186,18.896279759207186,-1.690948849838264,-1.690948849838264,-1.690948849838264,-1.690948849838264,-1.690948849838264,-1.690948849838264,0.0,0.0,0.0,17.20533090936892
121,2019-02-28,18.882238105777077,14.12555621451711,21.77656100449195,18.882238105777077,18.882238105777077,-0.5880752579666502,-0.5880752579666502,-0.5880752579666502,-0.5880752579666502,-0.5880752579666502,-0.5880752579666502,0.0,0.0,0.0,18.294162847810426
122,2019-03-31,18.866691989479463,14.827560389069918,22.612623748216905,18.866691989479463,18.866691989479463,-0.24488941825383234,-0.24488941825383234,-0.24488941825383234,-0.24488941825383234,-0.24488941825383234,-0.24488941825383234,0.0,0.0,0.0,18.62180257122563
123,2019-04-30,18.85164736080435,14.860404887214939,22.785342345565134,18.85164736080435,18.85164736080435,-0.09909648279011579,-0.09909648279011579,-0.09909648279011579,-0.09909648279011579,-0.09909648279011579,-0.09909648279011579,0.0,0.0,0.0,18.752550878014233
124,2019-05-31,18.83610124450673,14.900018918381031,22.583625077392607,18.83610124450673,18.83610124450673,-0.1500063973766613,-0.1500063973766613,-0.1500063973766613,-0.1500063973766613,-0.1500063973766613,-0.1500063973766613,0.0,0.0,0.0,18.686094847130068
125,2019-06-30,18.821056615831615,16.63597471517605,24.422376566992465,18.821056615831615,18.821056615831615,1.5550901479236545,1.5550901479236545,1.5550901479236545,1.5550901479236545,1.5550901479236545,1.5550901479236545,0.0,0.0,0.0,20.37614676375527
126,2019-07-31,18.805510499533998,14.686869570072238,22.342572159852256,18.805510499533998,18.805510499533998,-0.31762198223390586,-0.31762198223390586,-0.31762198223390586,-0.31762198223390586,-0.31762198223390586,-0.31762198223390586,0.0,0.0,0.0,18.487888517300092
127,2019-08-31,18.789975026028173,13.443301561557393,20.936799930889677,18.789975026028173,18.789975026028173,-1.6135003315364653,-1.6135003315364653,-1.6135003315364653,-1.6135003315364653,-1.6135003315364653,-1.6135003315364653,0.0,0.0,0.0,17.17647469449171
128,2019-09-30,18.774940696828985,13.462567274072605,21.338549271633347,18.774940696828985,18.774940696828985,-1.622254931105339,-1.622254931105339,-1.622254931105339,-1.622254931105339,-1.622254931105339,-1.622254931105339,0.0,0.0,0.0,17.152685765723646
129,2019-10-31,18.759405223323157,15.832935314541558,23.2848454542437,18.759405223323157,18.759405223323157,0.714448590245674,0.714448590245674,0.714448590245674,0.714448590245674,0.714448590245674,0.714448590245674,0.0,0.0,0.0,19.47385381356883
130,2019-11-30,18.74437089412397,14.793462893158654,22.6611788824311,18.74437089412397,18.74437089412397,0.10120896851212186,0.10120896851212186,0.10120896851212186,0.10120896851212186,0.10120896851212186,0.10120896851212186,0.0,0.0,0.0,18.845579862636093
131,2019-12-31,18.728835420618147,14.288368716726055,22.17079528732518,18.728835420618147,18.728835420618147,-0.45861359972491816,-0.45861359972491816,-0.45861359972491816,-0.45861359972491816,-0.45861359972491816,-0.45861359972491816,0.0,0.0,0.0,18.27022182089323
132,2020-01-31,18.71329994711232,13.708231589536467,21.53840970178961,18.71329994711232,18.71329994711232,-1.2464437859873034,-1.2464437859873034,-1.2464437859873034,-1.2464437859873034,-1.2464437859873034,-1.2464437859873034,0.0,0.0,0.0,17.466856161125015
133,2020-02-29,18.698776941369115,17.650140115144147,25.31293342402633,18.698776941369115,18.698776941369115,2.937058931321106,2.937058931321106,2.937058931321106,2.937058931321106,2.937058931321106,2.937058931321106,0.0,0.0,0.0,21.635835872690222
134,2020-03-31,18.683252349022922,15.373625862479741,23.258457291266062,18.683252349022922,18.683252349022922,0.8194745889159609,0.8194745889159609,0.8194745889159609,0.8194745889159609,0.8194745889159609,0.8194745889159609,0.0,0.0,0.0,19.50272693793888
135,2020-04-30,18.668228549978227,12.030837499301997,19.97457827091964,18.668228549978227,18.668228549978227,-2.6694915597505875,-2.6694915597505875,-2.6694915597505875,-2.6694915597505875,-2.6694915597505875,-2.6694915597505875,0.0,0.0,0.0,15.99873699022764
136,2020-05-31,18.65270395763204,13.555686496766914,21.451082628037106,18.65270395763204,18.65270395763204,-1.0209700247757179,-1.0209700247757179,-1.0209700247757179,-1.0209700247757179,-1.0209700247757179,-1.0209700247757179,0.0,0.0,0.0,17.63173393285632
137,2020-06-30,18.637680158587337,15.514622334224805,23.19824300249889,18.637680158587337,18.637680158587337,0.8897853497444786,0.8897853497444786,0.8897853497444786,0.8897853497444786,0.8897853497444786,0.8897853497444786,0.0,0.0,0.0,19.527465508331815
138,2020-07-31,18.622155575248865,15.873778872059397,23.867683131266713,18.622155575248865,18.622155575248865,1.22548939456449,1.22548939456449,1.22548939456449,1.22548939456449,1.22548939456449,1.22548939456449,0.0,0.0,0.0,19.847644969813356
139,2020-08-31,18.60663099191039,14.461878044732464,21.921194934991977,18.60663099191039,18.60663099191039,-0.41062600836452323,-0.41062600836452323,-0.41062600836452323,-0.41062600836452323,-0.41062600836452323,-0.41062600836452323,0.0,0.0,0.0,18.196004983545865
140,2020-09-30,18.591607201582832,12.33415363915991,20.399948469072935,18.591607201582832,18.591607201582832,-2.123173848157981,-2.123173848157981,-2.123173848157981,-2.123173848157981,-2.123173848157981,-2.123173848157981,0.0,0.0,0.0,16.46843335342485
141,2020-10-31,18.57608261824436,15.703541824241997,23.403910093270174,18.57608261824436,18.57608261824436,0.836392419778611,0.836392419778611,0.836392419778611,0.836392419778611,0.836392419778611,0.836392419778611,0.0,0.0,0.0,19.412475038022972
142,2020-11-30,18.561058827916806,14.328701562789252,22.189108575537425,18.561058827916806,18.561058827916806,-0.2269893127327503,-0.2269893127327503,-0.2269893127327503,-0.2269893127327503,-0.2269893127327503,-0.2269893127327503,0.0,0.0,0.0,18.334069515184055
143,2020-12-31,18.54553424457833,12.638445629352843,20.52717974051381,18.54553424457833,18.54553424457833,-1.8703629075385684,-1.8703629075385684,-1.8703629075385684,-1.8703629075385684,-1.8703629075385684,-1.8703629075385684,0.0,0.0,0.0,16.675171337039764
144,2021-01-31,18.530009661256415,11.938178922141221,19.71857086333788,18.530009661256415,18.530009661256415,-2.6478763986236955,-2.6478763986236955,-2.6478763986236955,-2.6478763986236955,-2.6478763986236955,-2.6478763986236955,0.0,0.0,0.0,15.882133262632719
145,2021-02-28,18.515987456965654,16.362639296093228,24.286268576954914,18.515987456965654,18.515987456965654,1.7680939713932982,1.7680939713932982,1.7680939713932982,1.7680939713932982,1.7680939713932982,1.7680939713932982,0.0,0.0,0.0,20.284081428358952
146,2021-03-31,18.500462873643738,15.469437271280524,22.728793612975117,18.500462873643738,18.500462873643738,0.43599228768526954,0.43599228768526954,0.43599228768526954,0.43599228768526954,0.43599228768526954,0.43599228768526954,0.0,0.0,0.0,18.936455161329008
147,2021-04-30,18.485439083332203,12.820605241160056,20.341683508147135,18.485439083332203,18.485439083332203,-1.8276423873542806,-1.8276423873542806,-1.8276423873542806,-1.8276423873542806,-1.8276423873542806,-1.8276423873542806,0.0,0.0,0.0,16.657796695977922
148,2021-05-31,18.469914500010287,13.930536518792081,21.759449473811486,18.469914500010287,18.469914500010287,-0.722902753676431,-0.722902753676431,-0.722902753676431,-0.722902753676431,-0.722902753676431,-0.722902753676431,0.0,0.0,0.0,17.747011746333854
149,2021-06-30,18.454890709698756,15.343111476319294,23.71811557841753,18.454890709698756,18.454890709698756,1.1295443070916182,1.1295443070916182,1.1295443070916182,1.1295443070916182,1.1295443070916182,1.1295443070916182,0.0,0.0,0.0,19.584435016790373
150,2021-07-31,18.43936612637684,15.364879616978888,23.350792598297872,18.43936612637684,18.43936612637684,0.7234672391511259,0.7234672391511259,0.7234672391511259,0.7234672391511259,0.7234672391511259,0.7234672391511259,0.0,0.0,0.0,19.162833365527966
151,2021-08-31,18.423841543054923,13.657172331113467,21.43971494447124,18.423841543054923,18.423841543054923,-0.818838056331664,-0.818838056331664,-0.818838056331664,-0.818838056331664,-0.818838056331664,-0.818838056331664,0.0,0.0,0.0,17.60500348672326
152,2021-09-30,18.408817752743392,12.723625943462064,20.354977483752254,18.408817752743392,18.408817752743392,-1.966023211019203,-1.966023211019203,-1.966023211019203,-1.966023211019203,-1.966023211019203,-1.966023211019203,0.0,0.0,0.0,16.44279454172419
153,2021-10-31,18.393293169421476,15.46845189296369,23.00699218141118,18.393293169421476,18.393293169421476,0.7913063467254858,0.7913063467254858,0.7913063467254858,0.7913063467254858,0.7913063467254858,0.7913063467254858,0.0,0.0,0.0,19.18459951614696
154,2021-11-30,18.378269379109945,14.472584708181135,22.29560283356971,18.378269379109945,18.378269379109945,-0.12485572627387133,-0.12485572627387133,-0.12485572627387133,-0.12485572627387133,-0.12485572627387133,-0.12485572627387133,0.0,0.0,0.0,18.253413652836073
155,2021-12-31,18.36274479578803,12.836662085647834,20.943049449776495,18.36274479578803,18.36274479578803,-1.3989108626604922,-1.3989108626604922,-1.3989108626604922,-1.3989108626604922,-1.3989108626604922,-1.3989108626604922,0.0,0.0,0.0,16.963833933127535
156,2022-01-31,18.347220212466112,12.126693559079357,19.983143768764297,18.347220212466112,18.347220212466112,-2.1582449224848186,-2.1582449224848186,-2.1582449224848186,-2.1582449224848186,-2.1582449224848186,-2.1582449224848186,0.0,0.0,0.0,16.188975289981293
157,2022-02-28,18.333198008175348,15.350154300402098,22.763046617973636,18.333198008175348,18.333198008175348,0.5925666208915743,0.5925666208915743,0.5925666208915743,0.5925666208915743,0.5925666208915743,0.5925666208915743,0.0,0.0,0.0,18.925764629066922
158,2022-03-31,18.31767342485343,14.413018070511031,22.344990757905222,18.31767342485343,18.31767342485343,0.08101306107245151,0.08101306107245151,0.08101306107245151,0.08101306107245151,0.08101306107245151,0.08101306107245151,0.0,0.0,0.0,18.398686485925882
159,2022-04-30,18.302649634541897,13.459468808776844,20.889985829806143,18.302649634541897,18.302649634541897,-0.9705013585282664,-0.9705013585282664,-0.9705013585282664,-0.9705013585282664,-0.9705013585282664,-0.9705013585282664,0.0,0.0,0.0,17.33214827601363
160,2022-05-31,18.287125051219984,13.852421263936657,21.570819559198906,18.287125051219984,18.287125051219984,-0.4323445709612634,-0.4323445709612634,-0.4323445709612634,-0.4323445709612634,-0.4323445709612634,-0.4323445709612634,0.0,0.0,0.0,17.85478048025872
161,2022-06-30,18.272101260908453,15.830430076577684,23.573924820795458,18.272101260908453,18.272101260908453,1.3513827451808482,1.3513827451808482,1.3513827451808482,1.3513827451808482,1.3513827451808482,1.3513827451808482,0.0,0.0,0.0,19.623484006089303
162,2022-07-31,18.256576677586537,14.855929226306719,22.281566200386155,18.256576677586537,18.256576677586537,0.20886907774412972,0.20886907774412972,0.20886907774412972,0.20886907774412972,0.20886907774412972,0.20886907774412972,0.0,0.0,0.0,18.465445755330666
163,2022-08-31,18.24105209426462,13.240918439374019,20.783597087435002,18.24105209426462,18.24105209426462,-1.2200080289943394,-1.2200080289943394,-1.2200080289943394,-1.2200080289943394,-1.2200080289943394,-1.2200080289943394,0.0,0.0,0.0,17.02104406527028
164,2022-09-30,18.22602830395309,12.123633063308304,20.407613583137607,18.22602830395309,18.22602830395309,-1.799028164394929,-1.799028164394929,-1.799028164394929,-1.799028164394929,-1.799028164394929,-1.799028164394929,0.0,0.0,0.0,16.42700013955816
165,2022-10-31,18.210503720631174,15.04152760716817,23.032423575569968,18.210503720631174,18.210503720631174,0.7506746707020241,0.7506746707020241,0.7506746707020241,0.7506746707020241,0.7506746707020241,0.7506746707020241,0.0,0.0,0.0,18.9611783913332
166,2022-11-30,18.19547993031964,14.223457964894166,22.138509948141483,18.19547993031964,18.19547993031964,-0.015354946604461503,-0.015354946604461503,-0.015354946604461503,-0.015354946604461503,-0.015354946604461503,-0.015354946604461503,0.0,0.0,0.0,18.180124983715178
167,2022-12-31,18.179955346997723,13.099716360458737,21.296100339142157,18.179955346997723,18.179955346997723,-0.9280894201005098,-0.9280894201005098,-0.9280894201005098,-0.9280894201005098,-0.9280894201005098,-0.9280894201005098,0.0,0.0,0.0,17.251865926897214
168,2023-01-31,18.164430763675806,12.647280177893048,20.283598517339186,18.164430763675806,18.164430763675806,-1.690948849837078,-1.690948849837078,-1.690948849837078,-1.690948849837078,-1.690948849837078,-1.690948849837078,0.0,0.0,0.0,16.47348191383873
169,2023-02-28,18.150408559385042,13.502356228981046,21.722315925474756,18.150408559385042,18.150408559385042,-0.5880752579674511,-0.5880752579674511,-0.5880752579674511,-0.5880752579674511,-0.5880752579674511,-0.5880752579674511,0.0,0.0,0.0,17.562333301417592
170,2023-03-31,18.134883976063126,14.155283816606753,21.828083321881937,18.134883976063126,18.134883976063126,-0.24488941825518176,-0.24488941825518176,-0.24488941825518176,-0.24488941825518176,-0.24488941825518176,-0.24488941825518176,0.0,0.0,0.0,17.889994557807945
171,2023-04-30,18.119860185751595,14.270945164157451,21.75990769435393,18.119860185751595,18.119860185751595,-0.09909648278432448,-0.09909648278432448,-0.09909648278432448,-0.09909648278432448,-0.09909648278432448,-0.09909648278432448,0.0,0.0,0.0,18.02076370296727
172,2023-05-31,18.10433560242968,14.332574103926687,21.71182830297356,18.10433560242968,18.10433560242968,-0.15000639738304472,-0.15000639738304472,-0.15000639738304472,-0.15000639738304472,-0.15000639738304472,-0.15000639738304472,0.0,0.0,0.0,17.954329205046633
173,2023-06-30,18.089311812118147,15.750866729313994,23.430748588281492,18.089311812118147,18.089311812118147,1.5550901479283,1.5550901479283,1.5550901479283,1.5550901479283,1.5550901479283,1.5550901479283,0.0,0.0,0.0,19.644401960046448
174,2023-07-31,18.07378722879623,13.720722223932121,21.756062262055462,18.07378722879623,18.07378722879623,-0.3176219822341225,-0.3176219822341225,-0.3176219822341225,-0.3176219822341225,-0.3176219822341225,-0.3176219822341225,0.0,0.0,0.0,17.75616524656211
175,2023-08-31,18.058262645474315,12.689472045265298,20.48043102465184,18.058262645474315,18.058262645474315,-1.6135003315432765,-1.6135003315432765,-1.6135003315432765,-1.6135003315432765,-1.6135003315432765,-1.6135003315432765,0.0,0.0,0.0,16.444762313931037
176,2023-09-30,18.043238855162784,12.446662631998855,20.217590675015106,18.043238855162784,18.043238855162784,-1.6222549311045593,-1.6222549311045593,-1.6222549311045593,-1.6222549311045593,-1.6222549311045593,-1.6222549311045593,0.0,0.0,0.0,16.420983924058223
177,2023-10-31,18.027714271840864,14.94105838939406,22.87440006859726,18.027714271840864,18.027714271840864,0.7144485902445029,0.7144485902445029,0.7144485902445029,0.7144485902445029,0.7144485902445029,0.7144485902445029,0.0,0.0,0.0,18.742162862085365
178,2023-11-30,18.012690481529336,14.233448688974708,22.179893122699795,18.012690481529336,18.012690481529336,0.10120896851510958,0.10120896851510958,0.10120896851510958,0.10120896851510958,0.10120896851510958,0.10120896851510958,0.0,0.0,0.0,18.113899450044446
179,2023-12-31,17.99716589820742,13.399801787187364,21.407356982293496,17.99716589820742,17.99716589820742,-0.45861359972138394,-0.45861359972138394,-0.45861359972138394,-0.45861359972138394,-0.45861359972138394,-0.45861359972138394,0.0,0.0,0.0,17.538552298486035
180,2024-01-01,17.99666510519703,11.405065702029578,19.414643750729873,17.99666510519703,17.99666510519703,-2.341725428486782,-2.341725428486782,-2.341725428486782,-2.341725428486782,-2.341725428486782,-2.341725428486782,0.0,0.0,0.0,15.65493967671025
181,2024-01-02,17.99616431218665,10.078158718926684,17.639590000868917,17.99616431218665,17.99616431218665,-4.211771757187367,-4.211771757187367,-4.211771757187367,-4.211771757187367,-4.211771757187367,-4.211771757187367,0.0,0.0,0.0,13.784392554999283
182,2024-01-03,17.995663519176265,7.98032198831636,15.868199116037774,17.995663519176265,17.995663519176265,-6.02233750580192,-6.02233750580192,-6.02233750580192,-6.02233750580192,-6.02233750580192,-6.02233750580192,0.0,0.0,0.0,11.973326013374345
183,2024-01-04,17.99516272616588,6.3391138523775785,13.833321102205376,17.99516272616588,17.99516272616588,-7.727732175752641,-7.727732175752641,-7.727732175752641,-7.727732175752641,-7.727732175752641,-7.727732175752641,0.0,0.0,0.0,10.267430550413238
184,2024-01-05,17.9946619331555,4.729907674925953,12.643994756575282,17.9946619331555,17.9946619331555,-9.284360875794388,-9.284360875794388,-9.284360875794388,-9.284360875794388,-9.284360875794388,-9.284360875794388,0.0,0.0,0.0,8.71030105736111
185,2024-01-06,17.994161140145113,3.2682593374559645,11.225879996489219,17.994161140145113,17.994161140145113,-10.652067352933273,-10.652067352933273,-10.652067352933273,-10.652067352933273,-10.652067352933273,-10.652067352933273,0.0,0.0,0.0,7.342093787211841
186,2024-01-07,17.99366034713473,2.481045412177916,9.962324217618777,17.99366034713473,17.99366034713473,-11.795408485355745,-11.795408485355745,-11.795408485355745,-11.795408485355745,-11.795408485355745,-11.795408485355745,0.0,0.0,0.0,6.198251861778983
187,2024-01-08,17.993159554124347,1.232760007476061,9.471345914983234,17.993159554124347,17.993159554124347,-12.684820875729049,-12.684820875729049,-12.684820875729049,-12.684820875729049,-12.684820875729049,-12.684820875729049,0.0,0.0,0.0,5.308338678395298
188,2024-01-09,17.99265876111396,0.6376172545186526,8.64724748041009,17.99265876111396,17.99265876111396,-13.297642553475377,-13.297642553475377,-13.297642553475377,-13.297642553475377,-13.297642553475377,-13.297642553475377,0.0,0.0,0.0,4.695016207638584
189,2024-01-10,17.992157968103573,0.6902486972420722,8.436478765474911,17.992157968103573,17.992157968103573,-13.618956303009304,-13.618956303009304,-13.618956303009304,-13.618956303009304,-13.618956303009304,-13.618956303009304,0.0,0.0,0.0,4.373201665094269
190,2024-01-11,17.99165717509319,0.6909127522637227,8.39851007703692,17.99165717509319,17.99165717509319,-13.642225697245033,-13.642225697245033,-13.642225697245033,-13.642225697245033,-13.642225697245033,-13.642225697245033,0.0,0.0,0.0,4.349431477848158
191,2024-01-12,17.991156382082806,0.7955900218660059,8.759881003283029,17.991156382082806,17.991156382082806,-13.369700413037503,-13.369700413037503,-13.369700413037503,-13.369700413037503,-13.369700413037503,-13.369700413037503,0.0,0.0,0.0,4.621455969045304
192,2024-01-13,17.99065558907242,1.186280926189102,9.078592447050628,17.99065558907242,17.99065558907242,-12.81257369264615,-12.81257369264615,-12.81257369264615,-12.81257369264615,-12.81257369264615,-12.81257369264615,0.0,0.0,0.0,5.178081896426271
193,2024-01-14,17.99015479606204,1.8356319791350981,9.806606600784328,17.99015479606204,17.99015479606204,-11.990881719318809,-11.990881719318809,-11.990881719318809,-11.990881719318809,-11.990881719318809,-11.990881719318809,0.0,0.0,0.0,5.999273076743231
194,2024-01-15,17.989654003051655,3.153480202868689,11.10511287309614,17.989654003051655,17.989654003051655,-10.933142003536807,-10.933142003536807,-10.933142003536807,-10.933142003536807,-10.933142003536807,-10.933142003536807,0.0,0.0,0.0,7.056511999514848
195,2024-01-16,17.98915321004127,4.480998425505387,12.098472687263143,17.98915321004127,17.98915321004127,-9.6757354216141,-9.6757354216141,-9.6757354216141,-9.6757354216141,-9.6757354216141,-9.6757354216141,0.0,0.0,0.0,8.31341778842717
196,2024-01-17,17.988652417030885,5.741080921131971,13.531854893528568,17.988652417030885,17.988652417030885,-8.262044092359666,-8.262044092359666,-8.262044092359666,-8.262044092359666,-8.262044092359666,-8.262044092359666,0.0,0.0,0.0,9.726608324671218
197,2024-01-18,17.9881516240205,7.43026838853689,15.140578531039818,17.9881516240205,17.9881516240205,-6.741364600719177,-6.741364600719177,-6.741364600719177,-6.741364600719177,-6.741364600719177,-6.741364600719177,0.0,0.0,0.0,11.246787023301323
198,2024-01-19,17.987650831010114,9.062118759555434,16.73216873312041,17.987650831010114,17.987650831010114,-5.167622962797037,-5.167622962797037,-5.167622962797037,-5.167622962797037,-5.167622962797037,-5.167622962797037,0.0,0.0,0.0,12.820027868213078
199,2024-01-20,17.987150037999733,10.497653550482433,18.49737568853572,17.987150037999733,17.987150037999733,-3.597923966839162,-3.597923966839162,-3.597923966839162,-3.597923966839162,-3.597923966839162,-3.597923966839162,0.0,0.0,0.0,14.389226071160572
200,2024-01-21,17.986649244989348,12.276323247611042,19.531540718948637,17.986649244989348,17.986649244989348,-2.090972929661881,-2.090972929661881,-2.090972929661881,-2.090972929661881,-2.090972929661881,-2.090972929661881,0.0,0.0,0.0,15.895676315327467
201,2024-01-22,17.986148451978963,13.039682941112217,21.17447383208768,17.986148451978963,17.986148451978963,-0.7054123068360971,-0.7054123068360971,-0.7054123068360971,-0.7054123068360971,-0.7054123068360971,-0.7054123068360971,0.0,0.0,0.0,17.280736145142864
202,2024-01-23,17.98564765896858,14.499860133326598,22.479983721483276,17.98564765896858,17.98564765896858,0.5018811532843619,0.5018811532843619,0.5018811532843619,0.5018811532843619,0.5018811532843619,0.5018811532843619,0.0,0.0,0.0,18.487528812252943
203,2024-01-24,17.985146865958193,15.832170479100084,23.296642493365717,17.985146865958193,17.985146865958193,1.4774910289709609,1.4774910289709609,1.4774910289709609,1.4774910289709609,1.4774910289709609,1.4774910289709609,0.0,0.0,0.0,19.462637894929152
