,ds,trend,yhat_lower,yhat_upper,trend_lower,trend_upper,additive_terms,additive_terms_lower,additive_terms_upper,yearly,yearly_lower,yearly_upper,multiplicative_terms,multiplicative_terms_lower,multiplicative_terms_upper,yhat
0,2017-01-31,23.72861590909091,18.171124309620495,35.81276966874889,23.72861590909091,23.72861590909091,3.624996120441357,3.624996120441357,3.624996120441357,3.624996120441357,3.624996120441357,3.624996120441357,0.0,0.0,0.0,27.353612029532265
1,2017-02-28,23.720429318991897,18.438897608359152,36.15714236631411,23.720429318991897,23.720429318991897,3.4070716887228167,3.4070716887228167,3.4070716887228167,3.4070716887228167,3.4070716887228167,3.4070716887228167,0.0,0.0,0.0,27.127501007714713
2,2017-03-31,23.71136559423942,16.32779828457185,34.443923508175615,23.71136559423942,23.71136559423942,1.5177189003874985,1.5177189003874985,1.5177189003874985,1.5177189003874985,1.5177189003874985,1.5177189003874985,0.0,0.0,0.0,25.22908449462692
3,2017-04-30,23.702594247704766,14.762679858843706,32.56331139719495,23.702594247704766,23.702594247704766,0.3972069736331439,0.3972069736331439,0.3972069736331439,0.3972069736331439,0.3972069736331439,0.3972069736331439,0.0,0.0,0.0,24.09980122133791
4,2017-05-31,23.693530523138815,13.061888550032204,30.511772487877344,23.693530523138815,23.693530523138815,-1.9301040312565372,-1.9301040312565372,-1.9301040312565372,-1.9301040312565372,-1.9301040312565372,-1.9301040312565372,0.0,0.0,0.0,21.763426491882278
5,2017-06-30,23.684759176784663,16.56106480875969,34.21946898893124,23.684759176784663,23.684759176784663,1.635307028154898,1.635307028154898,1.635307028154898,1.635307028154898,1.635307028154898,1.635307028154898,0.0,0.0,0.0,25.32006620493956
6,2017-07-31,23.675695452101024,19.19793269600226,36.12537458240876,23.675695452101024,23.675695452101024,4.144353180967642,4.144353180967642,4.144353180967642,4.144353180967642,4.144353180967642,4.144353180967642,0.0,0.0,0.0,27.820048633068666
7,2017-08-31,23.666631727417386,20.583719626186912,39.27973396218753,23.666631727417386,23.666631727417386,5.983445799819171,5.983445799819171,5.983445799819171,5.983445799819171,5.983445799819171,5.983445799819171,0.0,0.0,0.0,29.650077527236554
8,2017-09-30,23.657860380949344,14.049647278207514,31.185545743080716,23.657860380949344,23.657860380949344,-0.8293636378133182,-0.8293636378133182,-0.8293636378133182,-0.8293636378133182,-0.8293636378133182,-0.8293636378133182,0.0,0.0,0.0,22.828496743136025
9,2017-10-31,23.64879665642013,17.79207345925408,35.62900692977012,23.64879665642013,23.64879665642013,3.0331140017076303,3.0331140017076303,3.0331140017076303,3.0331140017076303,3.0331140017076303,3.0331140017076303,0.0,0.0,0.0,26.681910658127762
10,2017-11-30,23.640025310101535,19.95855301264207,37.63290811713683,23.640025310101535,23.640025310101535,4.721876502423711,4.721876502423711,4.721876502423711,4.721876502423711,4.721876502423711,4.721876502423711,0.0,0.0,0.0,28.361901812525247
11,2017-12-31,23.630961585572322,14.89974853456844,32.929496889375656,23.630961585572322,23.630961585572322,0.1259959145752385,0.1259959145752385,0.1259959145752385,0.1259959145752385,0.1259959145752385,0.1259959145752385,0.0,0.0,0.0,23.75695750014756
12,2018-01-31,23.621897860968502,15.2932625850553,32.746039267820834,23.621897860968502,23.621897860968502,0.8807305224626877,0.8807305224626877,0.8807305224626877,0.8807305224626877,0.8807305224626877,0.8807305224626877,0.0,0.0,0.0,24.50262838343119
13,2018-02-28,23.61371127100376,21.857336160661923,38.29567277354148,23.61371127100376,23.61371127100376,6.364937370937327,6.364937370937327,6.364937370937327,6.364937370937327,6.364937370937327,6.364937370937327,0.0,0.0,0.0,29.978648641941085
14,2018-03-31,23.604647546516695,15.646604826439937,33.412848483435674,23.604647546516695,23.604647546516695,0.8200730106861561,0.8200730106861561,0.8200730106861561,0.8200730106861561,0.8200730106861561,0.8200730106861561,0.0,0.0,0.0,24.42472055720285
15,2018-04-30,23.595876200238887,14.523005950348093,32.331566894147066,23.595876200238887,23.595876200238887,-0.2525485306907513,-0.2525485306907513,-0.2525485306907513,-0.2525485306907513,-0.2525485306907513,-0.2525485306907513,0.0,0.0,0.0,23.343327669548135
16,2018-05-31,23.58681247575182,13.182775656836828,30.350489302301014,23.58681247575182,23.58681247575182,-2.0041511436457626,-2.0041511436457626,-2.0041511436457626,-2.0041511436457626,-2.0041511436457626,-2.0041511436457626,0.0,0.0,0.0,21.582661332106056
17,2018-06-30,23.578041129670268,17.18818960894894,34.485626485239436,23.578041129670268,23.578041129670268,2.37610974449356,2.37610974449356,2.37610974449356,2.37610974449356,2.37610974449356,2.37610974449356,0.0,0.0,0.0,25.95415087416383
18,2018-07-31,23.568977405386,19.293565246991463,36.54469830136824,23.568977405386,23.568977405386,3.995564512634475,3.995564512634475,3.995564512634475,3.995564512634475,3.995564512634475,3.995564512634475,0.0,0.0,0.0,27.564541918020474
19,2018-08-31,23.559913681197013,19.872070593989207,37.120703115736276,23.559913681197013,23.559913681197013,4.918108081548731,4.918108081548731,4.918108081548731,4.918108081548731,4.918108081548731,4.918108081548731,0.0,0.0,0.0,28.478021762745744
20,2018-09-30,23.551142335207672,13.73649107757216,33.1876966684146,23.551142335207672,23.551142335207672,0.04552338734914118,0.04552338734914118,0.04552338734914118,0.04552338734914118,0.04552338734914118,0.04552338734914118,0.0,0.0,0.0,23.596665722556814
21,2018-10-31,23.542078611018685,17.447763077759273,35.628334242798836,23.542078611018685,23.542078611018685,3.188025312303421,3.188025312303421,3.188025312303421,3.188025312303421,3.188025312303421,3.188025312303421,0.0,0.0,0.0,26.730103923322105
22,2018-11-30,23.53330726716577,19.636915869322724,37.546688719134494,23.53330726716577,23.53330726716577,4.731572073609245,4.731572073609245,4.731572073609245,4.731572073609245,4.731572073609245,4.731572073609245,0.0,0.0,0.0,28.264879340775018
23,2018-12-31,23.524243545184422,15.555932307449815,33.70875948068745,23.524243545184422,23.524243545184422,0.6925657200274827,0.6925657200274827,0.6925657200274827,0.6925657200274827,0.6925657200274827,0.6925657200274827,0.0,0.0,0.0,24.216809265211904
24,2019-01-31,23.515179823203077,13.180796237365385,31.42476277065284,23.515179823203077,23.515179823203077,-1.8404761030853942,-1.8404761030853942,-1.8404761030853942,-1.8404761030853942,-1.8404761030853942,-1.8404761030853942,0.0,0.0,0.0,21.674703720117684
25,2019-02-28,23.506993235553736,23.455430999816887,41.6488601999229,23.506993235553736,23.506993235553736,9.335094060758756,9.335094060758756,9.335094060758756,9.335094060758756,9.335094060758756,9.335094060758756,0.0,0.0,0.0,32.84208729631249
26,2019-03-31,23.49792951351339,15.07799848901374,32.006943626760666,23.49792951351339,23.49792951351339,0.08192138127941845,0.08192138127941845,0.08192138127941845,0.08192138127941845,0.08192138127941845,0.08192138127941845,0.0,0.0,0.0,23.57985089479281
27,2019-04-30,23.489158169814505,13.904543850371255,31.22723577680484,23.489158169814505,23.489158169814505,-0.8995492788277938,-0.8995492788277938,-0.8995492788277938,-0.8995492788277938,-0.8995492788277938,-0.8995492788277938,0.0,0.0,0.0,22.58960889098671
28,2019-05-31,23.480094447992325,12.495272978368082,30.698988965289978,23.480094447992325,23.480094447992325,-2.059436607736308,-2.059436607736308,-2.059436607736308,-2.059436607736308,-2.059436607736308,-2.059436607736308,0.0,0.0,0.0,21.420657840256016
29,2019-06-30,23.471323104293443,17.854085104521914,35.37693864766276,23.471323104293443,23.471323104293443,3.113698978683706,3.113698978683706,3.113698978683706,3.113698978683706,3.113698978683706,3.113698978683706,0.0,0.0,0.0,26.585022082977147
30,2019-07-31,23.46226390750136,18.010093609761217,36.45832072887534,23.46226390750136,23.46226390750136,3.826279088231771,3.826279088231771,3.826279088231771,3.826279088231771,3.826279088231771,3.826279088231771,0.0,0.0,0.0,27.28854299573313
31,2019-08-31,23.45320471070928,17.9852470047602,36.32837071195823,23.45320471070928,23.45320471070928,3.863171527628221,3.863171527628221,3.863171527628221,3.863171527628221,3.863171527628221,3.863171527628221,0.0,0.0,0.0,27.3163762383375
32,2019-09-30,23.44443774607178,14.86817197743604,33.54267768577647,23.44443774607178,23.44443774607178,0.9381636816580784,0.9381636816580784,0.9381636816580784,0.9381636816580784,0.9381636816580784,0.9381636816580784,0.0,0.0,0.0,24.38260142772986
33,2019-10-31,23.43537855348504,18.26579999068886,35.85541216836855,23.43537855348504,23.43537855348504,3.3345250071131844,3.3345250071131844,3.3345250071131844,3.3345250071131844,3.3345250071131844,3.3345250071131844,0.0,0.0,0.0,26.769903560598227
34,2019-11-30,23.42661159291723,19.281990173378016,37.124149427930575,23.42661159291723,23.42661159291723,4.733493381437944,4.733493381437944,4.733493381437944,4.733493381437944,4.733493381437944,4.733493381437944,0.0,0.0,0.0,28.16010497435517
35,2019-12-31,23.41770459956001,16.75707285565157,33.30092366751852,23.41770459956001,23.41770459956001,1.2303551166477955,1.2303551166477955,1.2303551166477955,1.2303551166477955,1.2303551166477955,1.2303551166477955,0.0,0.0,0.0,24.648059716207808
36,2020-01-31,23.408797606202796,10.000613682429904,27.85933006375711,23.408797606202796,23.408797606202796,-4.536184194585749,-4.536184194585749,-4.536184194585749,-4.536184194585749,-4.536184194585749,-4.536184194585749,0.0,0.0,0.0,18.872613411617046
37,2020-02-29,23.400465257578304,15.45676264301508,32.277691283356745,23.400465257578304,23.400465257578304,0.4642720702909702,0.4642720702909702,0.4642720702909702,0.4642720702909702,0.4642720702909702,0.4642720702909702,0.0,0.0,0.0,23.864737327869275
38,2020-03-31,23.391604886485535,17.29593886393921,34.54217665146447,23.391604886485535,23.391604886485535,2.1746660609016004,2.1746660609016004,2.1746660609016004,2.1746660609016004,2.1746660609016004,2.1746660609016004,0.0,0.0,0.0,25.566270947387135
39,2020-04-30,23.383030333815114,15.962758540867453,33.86219889695886,23.383030333815114,23.383030333815114,1.0487765753240605,1.0487765753240605,1.0487765753240605,1.0487765753240605,1.0487765753240605,1.0487765753240605,0.0,0.0,0.0,24.431806909139176
40,2020-05-31,23.374169962722345,12.225625014009642,29.99928346731066,23.374169962722345,23.374169962722345,-1.8373890677584805,-1.8373890677584805,-1.8373890677584805,-1.8373890677584805,-1.8373890677584805,-1.8373890677584805,0.0,0.0,0.0,21.536780894963865
41,2020-06-30,23.365698798098727,15.330038089706326,33.123559652512604,23.365698798098727,23.365698798098727,0.8921023344643064,0.8921023344643064,0.8921023344643064,0.8921023344643064,0.8921023344643064,0.8921023344643064,0.0,0.0,0.0,24.25780113256303
42,2020-07-31,23.356945261320988,18.657577910961034,37.54393292151577,23.356945261320988,23.356945261320988,4.272409191301905,4.272409191301905,4.272409191301905,4.272409191301905,4.272409191301905,4.272409191301905,0.0,0.0,0.0,27.62935445262289
43,2020-08-31,23.348251481772774,21.763887727738197,39.74333208658073,23.348251481772774,23.348251481772774,7.058099124893155,7.058099124893155,7.058099124893155,7.058099124893155,7.058099124893155,7.058099124893155,0.0,0.0,0.0,30.406350606665928
44,2020-09-30,23.339838146726112,13.181994541775827,30.976443972144175,23.339838146726112,23.339838146726112,-1.6856991831430168,-1.6856991831430168,-1.6856991831430168,-1.6856991831430168,-1.6856991831430168,-1.6856991831430168,0.0,0.0,0.0,21.654138963583094
45,2020-10-31,23.3311443671779,17.567124805731694,35.225662394681784,23.3311443671779,23.3311443671779,2.8702759453689035,2.8702759453689035,2.8702759453689035,2.8702759453689035,2.8702759453689035,2.8702759453689035,0.0,0.0,0.0,26.2014203125468
46,2020-11-30,23.322828235290554,19.792509546702284,36.62982976153864,23.322828235290554,23.322828235290554,4.7045438482750965,4.7045438482750965,4.7045438482750965,4.7045438482750965,4.7045438482750965,4.7045438482750965,0.0,0.0,0.0,28.027372083565652
47,2020-12-31,23.314234899006966,14.120856247931803,31.445576436244334,23.314234899006966,23.314234899006966,-0.4694763175998072,-0.4694763175998072,-0.4694763175998072,-0.4694763175998072,-0.4694763175998072,-0.4694763175998072,0.0,0.0,0.0,22.84475858140716
48,2021-01-31,23.305641562723377,18.691726556298878,36.078707218679945,23.305641562723377,23.305641562723377,3.6249961204374275,3.6249961204374275,3.6249961204374275,3.6249961204374275,3.6249961204374275,3.6249961204374275,0.0,0.0,0.0,26.930637683160803
49,2021-02-28,23.297879840159577,18.06663845198954,34.99800894031131,23.297879840159577,23.297879840159577,3.4070716887170183,3.4070716887170183,3.4070716887170183,3.4070716887170183,3.4070716887170183,3.4070716887170183,0.0,0.0,0.0,26.704951528876595
50,2021-03-31,23.28928650446394,16.43925800555753,33.47625551391347,23.28928650446394,23.28928650446394,1.517718900382778,1.517718900382778,1.517718900382778,1.517718900382778,1.517718900382778,1.517718900382778,0.0,0.0,0.0,24.80700540484672
51,2021-04-30,23.28097222063901,15.203313242907695,32.66085275923175,23.28097222063901,23.28097222063901,0.39720697362454294,0.39720697362454294,0.39720697362454294,0.39720697362454294,0.39720697362454294,0.39720697362454294,0.0,0.0,0.0,23.678179194263553
52,2021-05-31,23.272380794019917,12.480357915415405,30.41525610673943,23.272380794019917,23.272380794019917,-1.9301040312621298,-1.9301040312621298,-1.9301040312621298,-1.9301040312621298,-1.9301040312621298,-1.9301040312621298,0.0,0.0,0.0,21.342276762757788
53,2021-06-30,23.264066510194986,16.22191092363772,34.0125142976103,23.264066510194986,23.264066510194986,1.6353070281578046,1.6353070281578046,1.6353070281578046,1.6353070281578046,1.6353070281578046,1.6353070281578046,0.0,0.0,0.0,24.89937353835279
54,2021-07-31,23.25547508468293,18.721326759452335,36.27371865228243,23.25547508468293,23.25547508468293,4.144353180979312,4.144353180979312,4.144353180979312,4.144353180979312,4.144353180979312,4.144353180979312,0.0,0.0,0.0,27.399828265662244
55,2021-08-31,23.246883659170877,20.590062519609006,38.00429690231627,23.246883659170877,23.246883659170877,5.983445799821009,5.983445799821009,5.983445799821009,5.983445799821009,5.983445799821009,5.983445799821009,0.0,0.0,0.0,29.230329458991886
56,2021-09-30,23.23856937667134,13.660828499937256,31.47393683778434,23.23856937667134,23.23856937667134,-0.8293636378224924,-0.8293636378224924,-0.8293636378224924,-0.8293636378224924,-0.8293636378224924,-0.8293636378224924,0.0,0.0,0.0,22.409205738848847
57,2021-10-31,23.229977951421812,17.55035068151456,34.98892112032731,23.229977951421812,23.229977951421812,3.033114001711599,3.033114001711599,3.033114001711599,3.033114001711599,3.033114001711599,3.033114001711599,0.0,0.0,0.0,26.26309195313341
58,2021-11-30,23.22166366892228,19.135503668967033,36.40714083020335,23.22166366892228,23.22166366892228,4.721876502424489,4.721876502424489,4.721876502424489,4.721876502424489,4.721876502424489,4.721876502424489,0.0,0.0,0.0,27.94354017134677
59,2021-12-31,23.21307224393905,14.493155736808989,31.358138329859194,23.21307224393905,23.21307224393905,0.1259959145710542,0.1259959145710542,0.1259959145710542,0.1259959145710542,0.1259959145710542,0.1259959145710542,0.0,0.0,0.0,23.339068158510102
60,2022-01-31,23.204480818955815,15.472360378406561,32.667896558528284,23.204480818955815,23.204480818955815,0.8807305224610363,0.8807305224610363,0.8807305224610363,0.8807305224610363,0.8807305224610363,0.8807305224610363,0.0,0.0,0.0,24.08521134141685
61,2022-02-28,23.196720822196767,20.935254554059522,37.9509775723569,23.196720822196767,23.196720822196767,6.364937370940177,6.364937370940177,6.364937370940177,6.364937370940177,6.364937370940177,6.364937370940177,0.0,0.0,0.0,29.561658193136942
62,2022-03-31,23.188129397371565,15.284575114193418,33.24157982688374,23.188129397371565,23.188129397371565,0.820073010681146,0.820073010681146,0.820073010681146,0.820073010681146,0.820073010681146,0.820073010681146,0.0,0.0,0.0,24.00820240805271
63,2022-04-30,23.179815115282665,14.379746983237068,31.93191217781773,23.179815115282665,23.179815115282665,-0.2525485306969686,-0.2525485306969686,-0.2525485306969686,-0.2525485306969686,-0.2525485306969686,-0.2525485306969686,0.0,0.0,0.0,22.927266584585695
64,2022-05-31,23.171223690409683,12.747578169003148,29.795741853143948,23.171223690409683,23.171223690409683,-2.0041511436450725,-2.0041511436450725,-2.0041511436450725,-2.0041511436450725,-2.0041511436450725,-2.0041511436450725,0.0,0.0,0.0,21.16707254676461
65,2022-06-30,23.16290940827454,17.04213915319129,34.380195681075875,23.16290940827454,23.16290940827454,2.376109744488433,2.376109744488433,2.376109744488433,2.376109744488433,2.376109744488433,2.376109744488433,0.0,0.0,0.0,25.539019152762975
66,2022-07-31,23.154317983401558,18.34657711061158,35.74403462392321,23.154317983401558,23.154317983401558,3.995564512627972,3.995564512627972,3.995564512627972,3.995564512627972,3.995564512627972,3.995564512627972,0.0,0.0,0.0,27.14988249602953
67,2022-08-31,23.14572655851915,19.36531369012132,37.070357539392226,23.14572655851915,23.14572655851915,4.918108081554047,4.918108081554047,4.918108081554047,4.918108081554047,4.918108081554047,4.918108081554047,0.0,0.0,0.0,28.063834640073196
68,2022-09-30,23.137412276374885,14.635406243511568,32.108800914899874,23.137412276374885,23.137412276374885,0.04552338735169919,0.04552338735169919,0.04552338735169919,0.04552338735169919,0.04552338735169919,0.04552338735169919,0.0,0.0,0.0,23.182935663726585
69,2022-10-31,23.128820851492478,17.910877769135922,35.28860975909257,23.128820851492478,23.128820851492478,3.188025312305673,3.188025312305673,3.188025312305673,3.188025312305673,3.188025312305673,3.188025312305673,0.0,0.0,0.0,26.31684616379815
70,2022-11-30,23.120506569348212,18.87157362685435,36.519844676979176,23.120506569348212,23.120506569348212,4.731572073605962,4.731572073605962,4.731572073605962,4.731572073605962,4.731572073605962,4.731572073605962,0.0,0.0,0.0,27.852078642954176
71,2022-12-31,23.111915144465804,14.97921617815167,32.32102086702784,23.111915144465804,23.111915144465804,0.6925657200243502,0.6925657200243502,0.6925657200243502,0.6925657200243502,0.6925657200243502,0.6925657200243502,0.0,0.0,0.0,23.804480864490156
72,2023-01-31,23.1033237195834,11.818976921034995,30.17057834207065,23.1033237195834,23.1033237195834,-1.840476103070439,-1.840476103070439,-1.840476103070439,-1.840476103070439,-1.840476103070439,-1.840476103070439,0.0,0.0,0.0,21.26284761651296
73,2023-02-28,23.09556372291542,23.83834320586811,41.25696831090969,23.09556372291542,23.09556372291542,9.33509406075879,9.33509406075879,9.33509406075879,9.33509406075879,9.33509406075879,9.33509406075879,0.0,0.0,0.0,32.43065778367421
74,2023-03-31,23.08697229803301,14.091178174997127,32.3362836065264,23.08697229803301,23.08697229803301,0.08192138128120145,0.08192138128120145,0.08192138128120145,0.08192138128120145,0.08192138128120145,0.08192138128120145,0.0,0.0,0.0,23.168893679314213
75,2023-04-30,23.078658015888745,13.197779384804923,30.68605324551078,23.078658015888745,23.078658015888745,-0.899549278839957,-0.899549278839957,-0.899549278839957,-0.899549278839957,-0.899549278839957,-0.899549278839957,0.0,0.0,0.0,22.17910873704879
76,2023-05-31,23.070066591006338,12.091480840208098,29.954225368116195,23.070066591006338,23.070066591006338,-2.059436607734048,-2.059436607734048,-2.059436607734048,-2.059436607734048,-2.059436607734048,-2.059436607734048,0.0,0.0,0.0,21.01062998327229
77,2023-06-30,23.061752308862072,17.607173628353735,35.0187336733819,23.061752308862072,23.061752308862072,3.1136989786784905,3.1136989786784905,3.1136989786784905,3.1136989786784905,3.1136989786784905,3.1136989786784905,0.0,0.0,0.0,26.17545128754056
78,2023-07-31,23.053160883979665,18.577762124729293,35.8236231939752,23.053160883979665,23.053160883979665,3.8262790882383704,3.8262790882383704,3.8262790882383704,3.8262790882383704,3.8262790882383704,3.8262790882383704,0.0,0.0,0.0,26.879439972218034
79,2023-08-31,23.044569459097257,17.53370762797068,36.24846958969109,23.044569459097257,23.044569459097257,3.863171527637158,3.863171527637158,3.863171527637158,3.863171527637158,3.863171527637158,3.863171527637158,0.0,0.0,0.0,26.907740986734414
80,2023-09-30,23.03625517695299,15.308196980756328,32.53903713063445,23.03625517695299,23.03625517695299,0.9381636816664043,0.9381636816664043,0.9381636816664043,0.9381636816664043,0.9381636816664043,0.9381636816664043,0.0,0.0,0.0,23.974418858619394
81,2023-10-31,23.027663752070584,17.282648135659517,34.71635582429487,23.027663752070584,23.027663752070584,3.3345250071135726,3.3345250071135726,3.3345250071135726,3.3345250071135726,3.3345250071135726,3.3345250071135726,0.0,0.0,0.0,26.362188759184157
82,2023-11-30,23.01934946992632,19.267378123542866,36.28649589883867,23.01934946992632,23.01934946992632,4.733493381442458,4.733493381442458,4.733493381442458,4.733493381442458,4.733493381442458,4.733493381442458,0.0,0.0,0.0,27.752842851368776
83,2023-12-31,23.01075804504391,15.15832800892939,32.56534356301478,23.01075804504391,23.01075804504391,1.2303551166372486,1.2303551166372486,1.2303551166372486,1.2303551166372486,1.2303551166372486,1.2303551166372486,0.0,0.0,0.0,24.24111316168116
84,2024-01-01,23.01048090230577,13.092302775637897,30.955572398821577,23.01048090230577,23.01048090230577,-1.0939286838296096,-1.0939286838296096,-1.0939286838296096,-1.0939286838296096,-1.0939286838296096,-1.0939286838296096,0.0,0.0,0.0,21.91655221847616
85,2024-01-02,23.010203759567627,9.850557350502465,27.76689380995423,23.010203759567627,23.010203759567627,-3.8814917122856984,-3.8814917122856984,-3.8814917122856984,-3.8814917122856984,-3.8814917122856984,-3.8814917122856984,0.0,0.0,0.0,19.12871204728193
86,2024-01-03,23.009926616829485,7.434527441046746,25.19733685210384,23.009926616829485,23.009926616829485,-7.126846656454263,-7.126846656454263,-7.126846656454263,-7.126846656454263,-7.126846656454263,-7.126846656454263,0.0,0.0,0.0,15.883079960375223
87,2024-01-04,23.009649474091344,3.079052532467695,20.690621767816488,23.009649474091344,23.009649474091344,-10.81200676788458,-10.81200676788458,-10.81200676788458,-10.81200676788458,-10.81200676788458,-10.81200676788458,0.0,0.0,0.0,12.197642706206764
88,2024-01-05,23.0093723313532,-0.9934542174498449,16.714278359968024,23.0093723313532,23.0093723313532,-14.906045876567246,-14.906045876567246,-14.906045876567246,-14.906045876567246,-14.906045876567246,-14.906045876567246,0.0,0.0,0.0,8.103326454785956
89,2024-01-06,23.009095188615056,-5.2657519873208924,12.644529691832473,23.009095188615056,23.009095188615056,-19.36497185830871,-19.36497185830871,-19.36497185830871,-19.36497185830871,-19.36497185830871,-19.36497185830871,0.0,0.0,0.0,3.6441233303063463
90,2024-01-07,23.008818045876918,-10.791573586868722,7.626863125483634,23.008818045876918,23.008818045876918,-24.131929874916512,-24.131929874916512,-24.131929874916512,-24.131929874916512,-24.131929874916512,-24.131929874916512,0.0,0.0,0.0,-1.123111829039594
91,2024-01-08,23.008540903138773,-14.763503176747506,3.3901030519970727,23.008540903138773,23.008540903138773,-29.137743636289823,-29.137743636289823,-29.137743636289823,-29.137743636289823,-29.137743636289823,-29.137743636289823,0.0,0.0,0.0,-6.12920273315105
92,2024-01-09,23.00826376040063,-20.162727397158218,-2.5336205333802924,23.00826376040063,23.00826376040063,-34.30179444229245,-34.30179444229245,-34.30179444229245,-34.30179444229245,-34.30179444229245,-34.30179444229245,0.0,0.0,0.0,-11.293530681891816
93,2024-01-10,23.00798661766249,-25.06292204859854,-7.705923784664053,23.00798661766249,23.00798661766249,-39.53322906690136,-39.53322906690136,-39.53322906690136,-39.53322906690136,-39.53322906690136,-39.53322906690136,0.0,0.0,0.0,-16.525242449238874
94,2024-01-11,23.007709474924347,-30.65090130153004,-12.710259387992156,23.007709474924347,23.007709474924347,-44.732478867461104,-44.732478867461104,-44.732478867461104,-44.732478867461104,-44.732478867461104,-44.732478867461104,0.0,0.0,0.0,-21.724769392536757
95,2024-01-12,23.007432332186205,-35.355801504217474,-17.96492785949438,23.007432332186205,23.007432332186205,-49.793064067056825,-49.793064067056825,-49.793064067056825,-49.793064067056825,-49.793064067056825,-49.793064067056825,0.0,0.0,0.0,-26.78563173487062
96,2024-01-13,23.007155189448063,-39.90683959446874,-22.794322131395212,23.007155189448063,23.007155189448063,-54.60364918685623,-54.60364918685623,-54.60364918685623,-54.60364918685623,-54.60364918685623,-54.60364918685623,0.0,0.0,0.0,-31.596493997408167
97,2024-01-14,23.006878046709918,-45.32586045991671,-26.653465376701874,23.006878046709918,23.006878046709918,-59.05030831523844,-59.05030831523844,-59.05030831523844,-59.05030831523844,-59.05030831523844,-59.05030831523844,0.0,0.0,0.0,-36.043430268528525
98,2024-01-15,23.00660090397178,-48.289126544360634,-31.11514548478878,23.00660090397178,23.00660090397178,-63.01895248954809,-63.01895248954809,-63.01895248954809,-63.01895248954809,-63.01895248954809,-63.01895248954809,0.0,0.0,0.0,-40.01235158557631
99,2024-01-16,23.006323761233638,-52.41097922665729,-34.41458871782062,23.006323761233638,23.006323761233638,-66.39786611400382,-66.39786611400382,-66.39786611400382,-66.39786611400382,-66.39786611400382,-66.39786611400382,0.0,0.0,0.0,-43.39154235277018
100,2024-01-17,23.006046618495493,-54.8024259756365,-37.75721731450602,23.006046618495493,23.006046618495493,-69.08029519954393,-69.08029519954393,-69.08029519954393,-69.08029519954393,-69.08029519954393,-69.08029519954393,0.0,0.0,0.0,-46.07424858104844
101,2024-01-18,23.005769475757354,-56.786286591276,-39.07966731729536,23.005769475757354,23.005769475757354,-70.96702741479163,-70.96702741479163,-70.96702741479163,-70.96702741479163,-70.96702741479163,-70.96702741479163,0.0,0.0,0.0,-47.961257939034276
102,2024-01-19,23.00549233301921,-58.297588585032756,-39.6911465048001,23.00549233301921,23.00549233301921,-71.9689025725585,-71.9689025725585,-71.9689025725585,-71.9689025725585,-71.9689025725585,-71.9689025725585,0.0,0.0,0.0,-48.9634102395393
103,2024-01-20,23.00521519028107,-58.04988569689409,-40.17376301701102,23.00521519028107,23.00521519028107,-72.00919230621523,-72.00919230621523,-72.00919230621523,-72.00919230621523,-72.00919230621523,-72.00919230621523,0.0,0.0,0.0,-49.003977115934156
104,2024-01-21,23.004938047542925,-57.1041454413633,-39.4710651840574,23.004938047542925,23.004938047542925,-71.0257893304114,-71.0257893304114,-71.0257893304114,-71.0257893304114,-71.0257893304114,-71.0257893304114,0.0,0.0,0.0,-48.02085128286848
105,2024-01-22,23.004660904804783,-54.565712672894485,-36.57397863393822,23.004660904804783,23.004660904804783,-68.97314981823925,-68.97314981823925,-68.97314981823925,-68.97314981823925,-68.97314981823925,-68.97314981823925,0.0,0.0,0.0,-45.96848891343447
106,2024-01-23,23.00438376206664,-51.77683757953763,-33.755805227154774,23.00438376206664,23.00438376206664,-65.8239370043044,-65.8239370043044,-65.8239370043044,-65.8239370043044,-65.8239370043044,-65.8239370043044,0.0,0.0,0.0,-42.81955324223776
107,2024-01-24,23.0041066193285,-47.26948635567642,-29.492815765481456,23.0041066193285,23.0041066193285,-61.57032004782522,-61.57032004782522,-61.57032004782522,-61.57032004782522,-61.57032004782522,-61.57032004782522,0.0,0.0,0.0,-38.566213428496724
