,ds,trend,yhat_lower,yhat_upper,trend_lower,trend_upper,additive_terms,additive_terms_lower,additive_terms_upper,yearly,yearly_lower,yearly_upper,multiplicative_terms,multiplicative_terms_lower,multiplicative_terms_upper,yhat
0,2008-01-31,27.81462666666667,22.74568487884011,32.489667175083596,27.81462666666667,27.81462666666667,-0.4074363338998308,-0.4074363338998308,-0.4074363338998308,-0.4074363338998308,-0.4074363338998308,-0.4074363338998308,0.0,0.0,0.0,27.407190332766838
1,2008-02-29,27.736179469923734,27.024258514885737,35.70103114556746,27.736179469923734,27.736179469923734,3.904117386326798,3.904117386326798,3.904117386326798,3.904117386326798,3.904117386326798,3.904117386326798,0.0,0.0,0.0,31.640296856250533
2,2008-03-31,27.65232212168129,23.132103947933235,31.911983844083387,27.65232212168129,27.65232212168129,0.1760209667698476,0.1760209667698476,0.1760209667698476,0.1760209667698476,0.1760209667698476,0.1760209667698476,0.0,0.0,0.0,27.82834308845114
3,2008-04-30,27.571169849188603,20.87586814570591,29.670815543761606,27.571169849188603,27.571169849188603,-2.106034039603868,-2.106034039603868,-2.106034039603868,-2.106034039603868,-2.106034039603868,-2.106034039603868,0.0,0.0,0.0,25.465135809584737
4,2008-05-31,27.48731250094616,20.66384895064206,29.922410802493868,27.48731250094616,27.48731250094616,-2.060225219047761,-2.060225219047761,-2.060225219047761,-2.060225219047761,-2.060225219047761,-2.060225219047761,0.0,0.0,0.0,25.427087281898398
5,2008-06-30,27.406160228453466,22.374177833934237,31.276810010124283,27.406160228453466,27.406160228453466,-0.5226204156666672,-0.5226204156666672,-0.5226204156666672,-0.5226204156666672,-0.5226204156666672,-0.5226204156666672,0.0,0.0,0.0,26.8835398127868
6,2008-07-31,27.322302880211026,23.045566788916446,31.969934474968458,27.322302880211026,27.322302880211026,0.37798899577613443,0.37798899577613443,0.37798899577613443,0.37798899577613443,0.37798899577613443,0.37798899577613443,0.0,0.0,0.0,27.700291875987162
7,2008-08-31,27.23844553317087,21.24722473780687,29.98171919169947,27.23844553317087,27.23844553317087,-1.60563221934665,-1.60563221934665,-1.60563221934665,-1.60563221934665,-1.60563221934665,-1.60563221934665,0.0,0.0,0.0,25.632813313824222
8,2008-09-30,27.15729326184169,20.03627401706321,29.608389501464025,27.15729326184169,27.15729326184169,-2.724961709250255,-2.724961709250255,-2.724961709250255,-2.724961709250255,-2.724961709250255,-2.724961709250255,0.0,0.0,0.0,24.432331552591435
9,2008-10-31,27.073435914801536,24.14321674233464,33.410621282787005,27.073435914801536,27.073435914801536,1.8955203159033438,1.8955203159033438,1.8955203159033438,1.8955203159033438,1.8955203159033438,1.8955203159033438,0.0,0.0,0.0,28.96895623070488
10,2008-11-30,26.992283643472355,23.660790483097486,32.96634169669956,26.992283643472355,26.992283643472355,1.4457298933736664,1.4457298933736664,1.4457298933736664,1.4457298933736664,1.4457298933736664,1.4457298933736664,0.0,0.0,0.0,28.43801353684602
11,2008-12-31,26.908426296432197,23.272059052766487,32.22679906545038,26.908426296432197,26.908426296432197,1.0781047830755113,1.0781047830755113,1.0781047830755113,1.0781047830755113,1.0781047830755113,1.0781047830755113,0.0,0.0,0.0,27.986531079507706
12,2009-01-31,26.82456894939204,22.992592667780155,31.724097543058292,26.82456894939204,26.82456894939204,0.5246541258595566,0.5246541258595566,0.5246541258595566,0.5246541258595566,0.5246541258595566,0.5246541258595566,0.0,0.0,0.0,27.349223075251597
13,2009-02-28,26.748826830252174,25.624250804942186,34.5586613013322,26.748826830252174,26.748826830252174,3.1916855732992784,3.1916855732992784,3.1916855732992784,3.1916855732992784,3.1916855732992784,3.1916855732992784,0.0,0.0,0.0,29.940512403551452
14,2009-03-31,26.664969484061604,22.873596321295828,31.8580211679796,26.664969484061604,26.664969484061604,0.4289237623878185,0.4289237623878185,0.4289237623878185,0.4289237623878185,0.4289237623878185,0.4289237623878185,0.0,0.0,0.0,27.093893246449422
15,2009-04-30,26.583817213554603,19.897679039183693,28.96433056537309,26.583817213554603,26.583817213554603,-1.9429737980218136,-1.9429737980218136,-1.9429737980218136,-1.9429737980218136,-1.9429737980218136,-1.9429737980218136,0.0,0.0,0.0,24.64084341553279
16,2009-05-31,26.499959867364026,19.647281474816438,29.302202651821396,26.499959867364026,26.499959867364026,-1.790329033280816,-1.790329033280816,-1.790329033280816,-1.790329033280816,-1.790329033280816,-1.790329033280816,0.0,0.0,0.0,24.70963083408321
17,2009-06-30,26.418807596857025,21.504883510567012,30.609264622957486,26.418807596857025,26.418807596857025,-0.24540888767052266,-0.24540888767052266,-0.24540888767052266,-0.24540888767052266,-0.24540888767052266,-0.24540888767052266,0.0,0.0,0.0,26.173398709186504
18,2009-07-31,26.33495025066645,22.039806689654164,30.975740168986082,26.33495025066645,26.33495025066645,0.13071659586635043,0.13071659586635043,0.13071659586635043,0.13071659586635043,0.13071659586635043,0.13071659586635043,0.0,0.0,0.0,26.465666846532798
19,2009-08-31,26.251092906938794,19.141469065973848,28.645750292823045,26.251092906938794,26.251092906938794,-2.1395867020024135,-2.1395867020024135,-2.1395867020024135,-2.1395867020024135,-2.1395867020024135,-2.1395867020024135,0.0,0.0,0.0,24.11150620493638
20,2009-09-30,26.169940638815255,18.941554503558038,28.419683801426544,26.169940638815255,26.169940638815255,-2.545173031478749,-2.545173031478749,-2.545173031478749,-2.545173031478749,-2.545173031478749,-2.545173031478749,0.0,0.0,0.0,23.624767607336505
21,2009-10-31,26.086083295087597,23.502794282409397,32.11949928719821,26.086083295087597,26.086083295087597,1.6290636035126485,1.6290636035126485,1.6290636035126485,1.6290636035126485,1.6290636035126485,1.6290636035126485,0.0,0.0,0.0,27.715146898600246
22,2009-11-30,26.00493102696406,23.4456641965719,32.064541758176865,26.00493102696406,26.00493102696406,1.8712193758351852,1.8712193758351852,1.8712193758351852,1.8712193758351852,1.8712193758351852,1.8712193758351852,0.0,0.0,0.0,27.876150402799244
23,2009-12-31,25.921073683236397,23.025761506690703,32.16751562614199,25.921073683236397,25.921073683236397,1.693231795615141,1.693231795615141,1.693231795615141,1.693231795615141,1.693231795615141,1.693231795615141,0.0,0.0,0.0,27.614305478851538
24,2010-01-31,25.837216339508743,21.560659625847904,30.584626924543137,25.837216339508743,25.837216339508743,0.2335380991809793,0.2335380991809793,0.2335380991809793,0.2335380991809793,0.2335380991809793,0.2335380991809793,0.0,0.0,0.0,26.070754438689722
25,2010-02-28,25.761474226106774,23.652490080477246,32.88542069658524,25.761474226106774,25.761474226106774,2.487018383769499,2.487018383769499,2.487018383769499,2.487018383769499,2.487018383769499,2.487018383769499,0.0,0.0,0.0,28.248492609876273
26,2010-03-31,25.67761688626888,21.962308261543317,30.96077067505095,25.67761688626888,25.67761688626888,0.6979454350906007,0.6979454350906007,0.6979454350906007,0.6979454350906007,0.6979454350906007,0.6979454350906007,0.0,0.0,0.0,26.37556232135948
27,2010-04-30,25.596464621909625,19.39610483731376,28.766013393752978,25.596464621909625,25.596464621909625,-1.7741752969583695,-1.7741752969583695,-1.7741752969583695,-1.7741752969583695,-1.7741752969583695,-1.7741752969583695,0.0,0.0,0.0,23.822289324951257
28,2010-05-31,25.512607282071738,19.54307235220475,28.84272141128889,25.512607282071738,25.512607282071738,-1.5201045123150687,-1.5201045123150687,-1.5201045123150687,-1.5201045123150687,-1.5201045123150687,-1.5201045123150687,0.0,0.0,0.0,23.99250276975667
29,2010-06-30,25.431455017712484,20.88275448020867,30.144928850445286,25.431455017712484,25.431455017712484,0.019545040818341596,0.019545040818341596,0.019545040818341596,0.019545040818341596,0.019545040818341596,0.019545040818341596,0.0,0.0,0.0,25.451000058530827
30,2010-07-31,25.34759767787459,20.718179897822935,29.925603334623165,25.34759767787459,25.34759767787459,-0.13074361813260593,-0.13074361813260593,-0.13074361813260593,-0.13074361813260593,-0.13074361813260593,-0.13074361813260593,0.0,0.0,0.0,25.216854059741983
31,2010-08-31,25.263740339547432,17.955876147770567,26.928940177432086,25.263740339547432,25.263740339547432,-2.6698054592605978,-2.6698054592605978,-2.6698054592605978,-2.6698054592605978,-2.6698054592605978,-2.6698054592605978,0.0,0.0,0.0,22.593934880286834
32,2010-09-30,25.18258807665018,18.299492320947778,27.485869503472863,25.18258807665018,25.18258807665018,-2.3563600165279226,-2.3563600165279226,-2.3563600165279226,-2.3563600165279226,-2.3563600165279226,-2.3563600165279226,0.0,0.0,0.0,22.826228060122258
33,2010-10-31,25.098730738323017,21.99676025266513,31.295995684693615,25.098730738323017,25.098730738323017,1.3707994314407688,1.3707994314407688,1.3707994314407688,1.3707994314407688,1.3707994314407688,1.3707994314407688,0.0,0.0,0.0,26.469530169763786
34,2010-11-30,25.017578475425772,22.860165968266017,31.517050923391185,25.017578475425772,25.017578475425772,2.3054153572362193,2.3054153572362193,2.3054153572362193,2.3054153572362193,2.3054153572362193,2.3054153572362193,0.0,0.0,0.0,27.322993832661993
35,2010-12-31,24.93372113709861,22.555374862514686,31.954019360045034,24.93372113709861,24.93372113709861,2.29458732240898,2.29458732240898,2.29458732240898,2.29458732240898,2.29458732240898,2.29458732240898,0.0,0.0,0.0,27.228308459507588
36,2011-01-31,24.84986379877145,20.39085765959339,29.454081242960907,24.84986379877145,24.84986379877145,-0.0772756522658005,-0.0772756522658005,-0.0772756522658005,-0.0772756522658005,-0.0772756522658005,-0.0772756522658005,0.0,0.0,0.0,24.77258814650565
37,2011-02-28,24.774121685658926,21.92250336271778,31.210927457769717,24.774121685658926,24.774121685658926,1.7910035717255608,1.7910035717255608,1.7910035717255608,1.7910035717255608,1.7910035717255608,1.7910035717255608,0.0,0.0,0.0,26.565125257384487
38,2011-03-31,24.69026434614148,20.735883419669538,30.394861955085506,24.69026434614148,24.69026434614148,0.9829851834216543,0.9829851834216543,0.9829851834216543,0.9829851834216543,0.9829851834216543,0.9829851834216543,0.0,0.0,0.0,25.673249529563133
39,2011-04-30,24.609112082092338,18.558807095486788,27.600430207041864,24.609112082092338,24.609112082092338,-1.6000046742452623,-1.6000046742452623,-1.6000046742452623,-1.6000046742452623,-1.6000046742452623,-1.6000046742452623,0.0,0.0,0.0,23.009107407847075
40,2011-05-31,24.525254742574894,18.627049111644045,28.184622487026182,24.525254742574894,24.525254742574894,-1.2500487647640632,-1.2500487647640632,-1.2500487647640632,-1.2500487647640632,-1.2500487647640632,-1.2500487647640632,0.0,0.0,0.0,23.27520597781083
41,2011-06-30,24.444102478525753,19.849752100344343,29.48488293119643,24.444102478525753,24.444102478525753,0.27192423990771974,0.27192423990771974,0.27192423990771974,0.27192423990771974,0.27192423990771974,0.27192423990771974,0.0,0.0,0.0,24.716026718433472
42,2011-07-31,24.36024513900831,19.297678566638893,28.60888886553359,24.36024513900831,24.36024513900831,-0.4059844332438925,-0.4059844332438925,-0.4059844332438925,-0.4059844332438925,-0.4059844332438925,-0.4059844332438925,0.0,0.0,0.0,23.954260705764415
43,2011-08-31,24.276387799490866,16.536722599401564,25.382137971358635,24.276387799490866,24.276387799490866,-3.1955831358559275,-3.1955831358559275,-3.1955831358559275,-3.1955831358559275,-3.1955831358559275,-3.1955831358559275,0.0,0.0,0.0,21.08080466363494
44,2011-09-30,24.19523553978569,17.441308574904635,26.44608624188583,24.19523553978569,24.19523553978569,-2.158544593820513,-2.158544593820513,-2.158544593820513,-2.158544593820513,-2.158544593820513,-2.158544593820513,0.0,0.0,0.0,22.036690945965177
45,2011-10-31,24.11137820475701,20.395027362647127,29.941511267588368,24.11137820475701,24.11137820475701,1.1208219937101798,1.1208219937101798,1.1208219937101798,1.1208219937101798,1.1208219937101798,1.1208219937101798,0.0,0.0,0.0,25.23220019846719
46,2011-11-30,24.030225945051832,22.346201649093043,31.441518679877053,24.030225945051832,24.030225945051832,2.747656219220843,2.747656219220843,2.747656219220843,2.747656219220843,2.747656219220843,2.747656219220843,0.0,0.0,0.0,26.777882164272675
47,2011-12-31,23.94636861002315,22.253547685539637,31.5035422724407,23.94636861002315,23.94636861002315,2.8814421704170043,2.8814421704170043,2.8814421704170043,2.8814421704170043,2.8814421704170043,2.8814421704170043,0.0,0.0,0.0,26.827810780440153
48,2012-01-31,23.86251127499447,18.864238452610003,28.030501324501536,23.86251127499447,23.86251127499447,-0.4074363338983858,-0.4074363338983858,-0.4074363338983858,-0.4074363338983858,-0.4074363338983858,-0.4074363338983858,0.0,0.0,0.0,23.455074941096086
49,2012-02-29,23.7840640906128,22.933152942679882,32.13921540864274,23.7840640906128,23.7840640906128,3.904117386321205,3.904117386321205,3.904117386321205,3.904117386321205,3.904117386321205,3.904117386321205,0.0,0.0,0.0,27.688181476934005
50,2012-03-31,23.700206849732435,19.444598703350042,28.490718033545175,23.700206849732435,23.700206849732435,0.17602096676834458,0.17602096676834458,0.17602096676834458,0.17602096676834458,0.17602096676834458,0.17602096676834458,0.0,0.0,0.0,23.87622781650078
51,2012-04-30,23.619054681138536,16.75531722322806,26.063726132991718,23.619054681138536,23.619054681138536,-2.1060340396060124,-2.1060340396060124,-2.1060340396060124,-2.1060340396060124,-2.1060340396060124,-2.1060340396060124,0.0,0.0,0.0,21.513020641532524
52,2012-05-31,23.53519744025817,17.119751033548958,25.98404975823817,23.53519744025817,23.53519744025817,-2.0602252190480286,-2.0602252190480286,-2.0602252190480286,-2.0602252190480286,-2.0602252190480286,-2.0602252190480286,0.0,0.0,0.0,21.47497222121014
53,2012-06-30,23.45404527166427,18.60745568735784,27.496829003312193,23.45404527166427,23.45404527166427,-0.5226204156667844,-0.5226204156667844,-0.5226204156667844,-0.5226204156667844,-0.5226204156667844,-0.5226204156667844,0.0,0.0,0.0,22.931424855997484
54,2012-07-31,23.370188030783908,19.313743772325648,28.173970968702314,23.370188030783908,23.370188030783908,0.3779889957765326,0.3779889957765326,0.3779889957765326,0.3779889957765326,0.3779889957765326,0.3779889957765326,0.0,0.0,0.0,23.74817702656044
55,2012-08-31,23.28633078990354,17.029732087038195,26.299751274018096,23.28633078990354,23.28633078990354,-1.6056322193437809,-1.6056322193437809,-1.6056322193437809,-1.6056322193437809,-1.6056322193437809,-1.6056322193437809,0.0,0.0,0.0,21.68069857055976
56,2012-09-30,23.206873966019774,16.009294236961967,25.47239934139022,23.206873966019774,23.206873966019774,-2.724961709249887,-2.724961709249887,-2.724961709249887,-2.724961709249887,-2.724961709249887,-2.724961709249887,0.0,0.0,0.0,20.48191225676989
57,2012-10-31,23.12476858133988,20.556862408223477,29.82531070914899,23.12476858133988,23.12476858133988,1.8955203159042495,1.8955203159042495,1.8955203159042495,1.8955203159042495,1.8955203159042495,1.8955203159042495,0.0,0.0,0.0,25.02028889724413
58,2012-11-30,23.04531175745611,19.92810556031193,28.973153143703836,23.04531175745611,23.04531175745611,1.445729893369051,1.445729893369051,1.445729893369051,1.445729893369051,1.445729893369051,1.445729893369051,0.0,0.0,0.0,24.49104165082516
59,2012-12-31,22.963206372776213,19.443631239428182,28.55398427815935,22.963206372776213,22.963206372776213,1.0781047830725166,1.0781047830725166,1.0781047830725166,1.0781047830725166,1.0781047830725166,1.0781047830725166,0.0,0.0,0.0,24.041311155848728
60,2013-01-31,22.88110098809632,18.834048247953486,27.860820451202216,22.88110098809632,22.88110098809632,0.5246541258596964,0.5246541258596964,0.5246541258596964,0.5246541258596964,0.5246541258596964,0.5246541258596964,0.0,0.0,0.0,23.40575511395602
61,2013-02-28,22.806941285804804,21.193541500823244,30.166335041840963,22.806941285804804,22.806941285804804,3.1916855732983507,3.1916855732983507,3.1916855732983507,3.1916855732983507,3.1916855732983507,3.1916855732983507,0.0,0.0,0.0,25.998626859103155
62,2013-03-31,22.743780323763822,18.451349451638613,27.819873630890715,22.743780323763822,22.743780323763822,0.4289237623882895,0.4289237623882895,0.4289237623882895,0.4289237623882895,0.4289237623882895,0.4289237623882895,0.0,0.0,0.0,23.172704086152113
63,2013-04-30,22.68265681211126,16.34719615001075,25.313529388027398,22.68265681211126,22.68265681211126,-1.9429737980222272,-1.9429737980222272,-1.9429737980222272,-1.9429737980222272,-1.9429737980222272,-1.9429737980222272,0.0,0.0,0.0,20.739683014089035
64,2013-05-31,22.61949585007028,16.130016702699116,25.480365212756524,22.61949585007028,22.61949585007028,-1.7903290332818336,-1.7903290332818336,-1.7903290332818336,-1.7903290332818336,-1.7903290332818336,-1.7903290332818336,0.0,0.0,0.0,20.829166816788447
65,2013-06-30,22.55837233841772,17.79401206319356,26.953309430976592,22.55837233841772,22.55837233841772,-0.24540888766702884,-0.24540888766702884,-0.24540888766702884,-0.24540888766702884,-0.24540888766702884,-0.24540888766702884,0.0,0.0,0.0,22.31296345075069
66,2013-07-31,22.495211376376734,18.108420873378353,27.144629189508617,22.495211376376734,22.495211376376734,0.13071659586702652,0.13071659586702652,0.13071659586702652,0.13071659586702652,0.13071659586702652,0.13071659586702652,0.0,0.0,0.0,22.625927972243762
67,2013-08-31,22.432050414335755,15.522367487167715,24.95085414045072,22.432050414335755,22.432050414335755,-2.139586701998428,-2.139586701998428,-2.139586701998428,-2.139586701998428,-2.139586701998428,-2.139586701998428,0.0,0.0,0.0,20.292463712337327
68,2013-09-30,22.381540002287526,15.386121202718645,24.77475604598336,22.381540002287526,22.381540002287526,-2.545173031476496,-2.545173031476496,-2.545173031476496,-2.545173031476496,-2.545173031476496,-2.545173031476496,0.0,0.0,0.0,19.836366970811028
69,2013-10-31,22.32934590983769,19.252398735937675,28.26506159693517,22.32934590983769,22.32934590983769,1.6290636035135673,1.6290636035135673,1.6290636035135673,1.6290636035135673,1.6290636035135673,1.6290636035135673,0.0,0.0,0.0,23.95840951335126
70,2013-11-30,22.278835497789466,19.589155141827455,28.968393184322956,22.278835497789466,22.278835497789466,1.871219375834568,1.871219375834568,1.871219375834568,1.871219375834568,1.871219375834568,1.871219375834568,0.0,0.0,0.0,24.150054873624033
71,2013-12-31,22.22664140533963,19.406114645491233,28.20047245338097,22.22664140533963,22.22664140533963,1.693231795614408,1.693231795614408,1.693231795614408,1.693231795614408,1.693231795614408,1.693231795614408,0.0,0.0,0.0,23.91987320095404
72,2014-01-31,22.174447312889793,17.46967548103746,26.973735115430912,22.174447312889793,22.174447312889793,0.23353809918069596,0.23353809918069596,0.23353809918069596,0.23353809918069596,0.23353809918069596,0.23353809918069596,0.0,0.0,0.0,22.407985412070488
73,2014-02-28,22.127304261644777,19.797274146748006,29.362168145935918,22.127304261644777,22.127304261644777,2.4870183837697337,2.4870183837697337,2.4870183837697337,2.4870183837697337,2.4870183837697337,2.4870183837697337,0.0,0.0,0.0,24.61432264541451
74,2014-03-31,22.07512012491027,18.311218590141788,27.312507221502987,22.07512012491027,22.07512012491027,0.6979454350935105,0.6979454350935105,0.6979454350935105,0.6979454350935105,0.6979454350935105,0.6979454350935105,0.0,0.0,0.0,22.773065560003783
75,2014-04-30,22.024619347425265,15.608655495912636,24.724974624690198,22.024619347425265,22.024619347425265,-1.774175296958836,-1.774175296958836,-1.774175296958836,-1.774175296958836,-1.774175296958836,-1.774175296958836,0.0,0.0,0.0,20.250444050466427
76,2014-05-31,21.972435210690758,15.427905043108948,25.083275747458092,21.972435210690758,21.972435210690758,-1.5201045123113959,-1.5201045123113959,-1.5201045123113959,-1.5201045123113959,-1.5201045123113959,-1.5201045123113959,0.0,0.0,0.0,20.452330698379363
77,2014-06-30,21.92193443320575,17.40387375240439,26.641993143818134,21.92193443320575,21.92193443320575,0.019545040820571652,0.019545040820571652,0.019545040820571652,0.019545040820571652,0.019545040820571652,0.019545040820571652,0.0,0.0,0.0,21.94147947402632
78,2014-07-31,21.869750296471242,17.097529538770615,26.065941279582095,21.869750296471242,21.869750296471242,-0.13074361813283852,-0.13074361813283852,-0.13074361813283852,-0.13074361813283852,-0.13074361813283852,-0.13074361813283852,0.0,0.0,0.0,21.739006678338402
79,2014-08-31,21.81756615973674,14.764753506170297,23.6803116070684,21.81756615973674,21.81756615973674,-2.6698054592656844,-2.6698054592656844,-2.6698054592656844,-2.6698054592656844,-2.6698054592656844,-2.6698054592656844,0.0,0.0,0.0,19.147760700471053
80,2014-09-30,21.767065383209324,14.943192450659435,23.994826661793965,21.767065383209324,21.767065383209324,-2.3563600165256755,-2.3563600165256755,-2.3563600165256755,-2.3563600165256755,-2.3563600165256755,-2.3563600165256755,0.0,0.0,0.0,19.41070536668365
81,2014-10-31,21.714881247464326,18.684099924304924,27.37402135234978,21.714881247464326,21.714881247464326,1.370799431438541,1.370799431438541,1.370799431438541,1.370799431438541,1.370799431438541,1.370799431438541,0.0,0.0,0.0,23.085680678902868
82,2014-11-30,21.664380470936912,19.705472408525903,28.554633897489722,21.664380470936912,21.664380470936912,2.305415357235891,2.305415357235891,2.305415357235891,2.305415357235891,2.305415357235891,2.305415357235891,0.0,0.0,0.0,23.969795828172803
83,2014-12-31,21.612196335191914,19.138048886972374,28.524437471586168,21.612196335191914,21.612196335191914,2.294587322404026,2.294587322404026,2.294587322404026,2.294587322404026,2.294587322404026,2.294587322404026,0.0,0.0,0.0,23.90678365759594
84,2015-01-31,21.560012199446916,16.790430203884608,25.881413813206517,21.560012199446916,21.560012199446916,-0.07727565226436921,-0.07727565226436921,-0.07727565226436921,-0.07727565226436921,-0.07727565226436921,-0.07727565226436921,0.0,0.0,0.0,21.482736547182547
85,2015-02-28,21.512878141354662,18.51977744828727,27.53220627884452,21.512878141354662,21.512878141354662,1.7910035717259039,1.7910035717259039,1.7910035717259039,1.7910035717259039,1.7910035717259039,1.7910035717259039,0.0,0.0,0.0,23.303881713080564
86,2015-03-31,21.46069400667381,17.969151142008283,26.79849171189922,21.46069400667381,21.46069400667381,0.9829851834230874,0.9829851834230874,0.9829851834230874,0.9829851834230874,0.9829851834230874,0.9829851834230874,0.0,0.0,0.0,22.443679190096894
87,2015-04-30,21.41019323117621,15.233177179887347,24.141387737551657,21.41019323117621,21.41019323117621,-1.600004674247519,-1.600004674247519,-1.600004674247519,-1.600004674247519,-1.600004674247519,-1.600004674247519,0.0,0.0,0.0,19.81018855692869
88,2015-05-31,21.35800909649536,15.579782813633926,24.574916456728207,21.35800909649536,21.35800909649536,-1.2500487647649345,-1.2500487647649345,-1.2500487647649345,-1.2500487647649345,-1.2500487647649345,-1.2500487647649345,0.0,0.0,0.0,20.107960331730425
89,2015-06-30,21.30750832099776,17.13232224081641,26.24665375535102,21.30750832099776,21.30750832099776,0.27192423990893305,0.27192423990893305,0.27192423990893305,0.27192423990893305,0.27192423990893305,0.27192423990893305,0.0,0.0,0.0,21.579432560906692
90,2015-07-31,21.255324186316905,16.155453606455367,25.59711266568852,21.255324186316905,21.255324186316905,-0.4059844332420971,-0.4059844332420971,-0.4059844332420971,-0.4059844332420971,-0.4059844332420971,-0.4059844332420971,0.0,0.0,0.0,20.84933975307481
91,2015-08-31,21.20314005163605,13.27129816692023,22.523391368465578,21.20314005163605,21.20314005163605,-3.1955831358564,-3.1955831358564,-3.1955831358564,-3.1955831358564,-3.1955831358564,-3.1955831358564,0.0,0.0,0.0,18.007556915779652
92,2015-09-30,21.152639277160105,14.553717480296047,23.504137378604074,21.152639277160105,21.152639277160105,-2.1585445938224725,-2.1585445938224725,-2.1585445938224725,-2.1585445938224725,-2.1585445938224725,-2.1585445938224725,0.0,0.0,0.0,18.994094683337632
93,2015-10-31,21.10045514353496,17.81175719825132,26.71077756877746,21.10045514353496,21.10045514353496,1.120821993710163,1.120821993710163,1.120821993710163,1.120821993710163,1.120821993710163,1.120821993710163,0.0,0.0,0.0,22.22127713724512
94,2015-11-30,21.04995436905901,19.307831513688676,28.304853626084462,21.04995436905901,21.04995436905901,2.747656219220271,2.747656219220271,2.747656219220271,2.747656219220271,2.747656219220271,2.747656219220271,0.0,0.0,0.0,23.79761058827928
95,2015-12-31,20.997770235433865,19.5095082498205,28.37559016787132,20.997770235433865,20.997770235433865,2.8814421704216406,2.8814421704216406,2.8814421704216406,2.8814421704216406,2.8814421704216406,2.8814421704216406,0.0,0.0,0.0,23.879212405855505
96,2016-01-31,20.94558610180872,15.912758751279949,24.78856094062952,20.94558610180872,20.94558610180872,-0.4074363338998313,-0.4074363338998313,-0.4074363338998313,-0.4074363338998313,-0.4074363338998313,-0.4074363338998313,0.0,0.0,0.0,20.538149767908887
97,2016-02-29,20.896768686481966,20.351647380678447,29.491464753420214,20.896768686481966,20.896768686481966,3.9041173863252014,3.9041173863252014,3.9041173863252014,3.9041173863252014,3.9041173863252014,3.9041173863252014,0.0,0.0,0.0,24.800886072807167
98,2016-03-31,20.84458455321592,16.69914910938493,25.63220034987379,20.84458455321592,20.84458455321592,0.17602096676958132,0.17602096676958132,0.17602096676958132,0.17602096676958132,0.17602096676958132,0.17602096676958132,0.0,0.0,0.0,21.0206055199855
99,2016-04-30,20.79408377908749,14.15383687286198,23.079154411820447,20.79408377908749,20.79408377908749,-2.106034039602258,-2.106034039602258,-2.106034039602258,-2.106034039602258,-2.106034039602258,-2.106034039602258,0.0,0.0,0.0,18.688049739485233
100,2016-05-31,20.741899645821444,13.814087822799136,23.22028384749685,20.741899645821444,20.741899645821444,-2.0602252190485473,-2.0602252190485473,-2.0602252190485473,-2.0602252190485473,-2.0602252190485473,-2.0602252190485473,0.0,0.0,0.0,18.681674426772897
101,2016-06-30,20.691398871693014,15.61712533334014,24.5705756936454,20.691398871693014,20.691398871693014,-0.5226204156631399,-0.5226204156631399,-0.5226204156631399,-0.5226204156631399,-0.5226204156631399,-0.5226204156631399,0.0,0.0,0.0,20.168778456029873
102,2016-07-31,20.63921473842697,16.142558939321557,25.624122724199232,20.63921473842697,20.63921473842697,0.3779889957757171,0.3779889957757171,0.3779889957757171,0.3779889957757171,0.3779889957757171,0.3779889957757171,0.0,0.0,0.0,21.017203734202685
103,2016-08-31,20.587030605160923,14.222485442807638,23.76659963573166,20.587030605160923,20.587030605160923,-1.6056322193452244,-1.6056322193452244,-1.6056322193452244,-1.6056322193452244,-1.6056322193452244,-1.6056322193452244,0.0,0.0,0.0,18.981398385815698
104,2016-09-30,20.536529831395175,13.15285923458706,22.731247004095536,20.536529831395175,20.536529831395175,-2.724961709246972,-2.724961709246972,-2.724961709246972,-2.724961709246972,-2.724961709246972,-2.724961709246972,0.0,0.0,0.0,17.811568122148202
105,2016-10-31,20.4843456985039,17.724093746606176,27.013832539434475,20.4843456985039,20.4843456985039,1.895520315903579,1.895520315903579,1.895520315903579,1.895520315903579,1.895520315903579,1.895520315903579,0.0,0.0,0.0,22.37986601440748
106,2016-11-30,20.43384492473815,17.383732521763726,26.290418734448874,20.43384492473815,20.43384492473815,1.4457298933696463,1.4457298933696463,1.4457298933696463,1.4457298933696463,1.4457298933696463,1.4457298933696463,0.0,0.0,0.0,21.879574818107795
107,2016-12-31,20.381660791846876,16.77643259241006,25.99764102318074,20.381660791846876,20.381660791846876,1.0781047830746189,1.0781047830746189,1.0781047830746189,1.0781047830746189,1.0781047830746189,1.0781047830746189,0.0,0.0,0.0,21.459765574921494
108,2017-01-31,20.329476658955603,16.10586942526149,25.24463781058447,20.329476658955603,20.329476658955603,0.5246541258607106,0.5246541258607106,0.5246541258607106,0.5246541258607106,0.5246541258607106,0.5246541258607106,0.0,0.0,0.0,20.854130784816313
109,2017-02-28,20.282342603440902,18.484741606313147,28.101774564289574,20.282342603440902,20.282342603440902,3.1916855732953633,3.1916855732953633,3.1916855732953633,3.1916855732953633,3.1916855732953633,3.1916855732953633,0.0,0.0,0.0,23.474028176736265
110,2017-03-31,20.23015847081505,16.03684222171711,25.45165122323135,20.23015847081505,20.23015847081505,0.42892376239119706,0.42892376239119706,0.42892376239119706,0.42892376239119706,0.42892376239119706,0.42892376239119706,0.0,0.0,0.0,20.659082233206245
111,2017-04-30,20.179657697306162,13.557234794581106,22.885790525778642,20.179657697306162,20.179657697306162,-1.942973798019321,-1.942973798019321,-1.942973798019321,-1.942973798019321,-1.942973798019321,-1.942973798019321,0.0,0.0,0.0,18.23668389928684
112,2017-05-31,20.127473564680308,14.020242046178272,23.043921988915855,20.127473564680308,20.127473564680308,-1.7903290332823014,-1.7903290332823014,-1.7903290332823014,-1.7903290332823014,-1.7903290332823014,-1.7903290332823014,0.0,0.0,0.0,18.337144531398007
113,2017-06-30,20.07697279117142,15.543752978029405,24.37816224332148,20.07697279117142,20.07697279117142,-0.2454088876695813,-0.2454088876695813,-0.2454088876695813,-0.2454088876695813,-0.2454088876695813,-0.2454088876695813,0.0,0.0,0.0,19.83156390350184
114,2017-07-31,20.024788658545567,15.352722727547883,24.929177260394017,20.024788658545567,20.024788658545567,0.13071659586583081,0.13071659586583081,0.13071659586583081,0.13071659586583081,0.13071659586583081,0.13071659586583081,0.0,0.0,0.0,20.1555052544114
115,2017-08-31,19.972604525919717,13.275974199980228,22.554235034056582,19.972604525919717,19.972604525919717,-2.1395867019995998,-2.1395867019995998,-2.1395867019995998,-2.1395867019995998,-2.1395867019995998,-2.1395867019995998,0.0,0.0,0.0,17.833017823920116
116,2017-09-30,19.922103752410827,12.680465375325403,22.11952942614222,19.922103752410827,19.922103752410827,-2.545173031474837,-2.545173031474837,-2.545173031474837,-2.545173031474837,-2.545173031474837,-2.545173031474837,0.0,0.0,0.0,17.376930720935988
117,2017-10-31,19.869919624037063,17.214607391224895,25.872508080702445,19.869919624037063,19.869919624037063,1.6290636035138244,1.6290636035138244,1.6290636035138244,1.6290636035138244,1.6290636035138244,1.6290636035138244,0.0,0.0,0.0,21.498983227550887
118,2017-11-30,19.8194188546431,16.96111496507105,26.136959803499515,19.8194188546431,19.8194188546431,1.8712193758336853,1.8712193758336853,1.8712193758336853,1.8712193758336853,1.8712193758336853,1.8712193758336853,0.0,0.0,0.0,21.690638230476786
119,2017-12-31,19.767234726269336,17.040972374413037,26.40531760300739,19.767234726269336,19.767234726269336,1.6932317956162724,1.6932317956162724,1.6932317956162724,1.6932317956162724,1.6932317956162724,1.6932317956162724,0.0,0.0,0.0,21.460466521885607
120,2018-01-31,19.715050597895573,15.215094935412603,24.731135587456187,19.715050597895573,19.715050597895573,0.2335380991816508,0.2335380991816508,0.2335380991816508,0.2335380991816508,0.2335380991816508,0.2335380991816508,0.0,0.0,0.0,19.948588697077223
121,2018-02-28,19.667916546461207,17.79108077671083,26.770572208691558,19.667916546461207,19.667916546461207,2.4870183837700943,2.4870183837700943,2.4870183837700943,2.4870183837700943,2.4870183837700943,2.4870183837700943,0.0,0.0,0.0,22.154934930231303
122,2018-03-31,19.615732418087447,15.645728659880907,25.35698421405641,19.615732418087447,19.615732418087447,0.6979454350914799,0.6979454350914799,0.6979454350914799,0.6979454350914799,0.6979454350914799,0.6979454350914799,0.0,0.0,0.0,20.313677853178927
123,2018-04-30,19.565231835056366,13.150545864277861,22.250892364180704,19.565231835056366,19.565231835056366,-1.7741752969576745,-1.7741752969576745,-1.7741752969576745,-1.7741752969576745,-1.7741752969576745,-1.7741752969576745,0.0,0.0,0.0,17.79105653809869
124,2018-05-31,19.513047899257582,13.128502513594844,22.53775907878217,19.513047899257582,19.513047899257582,-1.5201045123162598,-1.5201045123162598,-1.5201045123162598,-1.5201045123162598,-1.5201045123162598,-1.5201045123162598,0.0,0.0,0.0,17.992943386941324
125,2018-06-30,19.4625473162265,14.986289651180762,23.843062551311768,19.4625473162265,19.4625473162265,0.019545040818129054,0.019545040818129054,0.019545040818129054,0.019545040818129054,0.019545040818129054,0.019545040818129054,0.0,0.0,0.0,19.482092357044632
126,2018-07-31,19.410363380427714,14.820550997645897,24.132384711292687,19.410363380427714,19.410363380427714,-0.13074361813312246,-0.13074361813312246,-0.13074361813312246,-0.13074361813312246,-0.13074361813312246,-0.13074361813312246,0.0,0.0,0.0,19.27961976229459
127,2018-08-31,19.358179444628934,12.169055358014951,21.547262671583166,19.358179444628934,19.358179444628934,-2.669805459262852,-2.669805459262852,-2.669805459262852,-2.669805459262852,-2.669805459262852,-2.669805459262852,0.0,0.0,0.0,16.688373985366084
128,2018-09-30,19.30767886159785,12.384368373598923,21.29739822255556,19.30767886159785,19.30767886159785,-2.356360016526857,-2.356360016526857,-2.356360016526857,-2.356360016526857,-2.356360016526857,-2.356360016526857,0.0,0.0,0.0,16.951318845070993
129,2018-10-31,19.275952343976712,16.13170002954394,25.450686590513527,19.275952343976712,19.275952343976712,1.3707994314394738,1.3707994314394738,1.3707994314394738,1.3707994314394738,1.3707994314394738,1.3707994314394738,0.0,0.0,0.0,20.646751775416185
130,2018-11-30,19.245249262407867,17.023788401550018,26.267452734566913,19.245249262407867,19.245249262407867,2.305415357238351,2.305415357238351,2.305415357238351,2.305415357238351,2.305415357238351,2.305415357238351,0.0,0.0,0.0,21.55066461964622
131,2018-12-31,19.213522744786733,17.07121131127754,25.980176838139787,19.213522744786733,19.213522744786733,2.294587322406001,2.294587322406001,2.294587322406001,2.294587322406001,2.294587322406001,2.294587322406001,0.0,0.0,0.0,21.508110067192735
132,2019-01-31,19.181796227165595,14.735480778949926,23.588598040516324,19.181796227165595,19.181796227165595,-0.07727565226692437,-0.07727565226692437,-0.07727565226692437,-0.07727565226692437,-0.07727565226692437,-0.07727565226692437,0.0,0.0,0.0,19.10452057489867
133,2019-02-28,19.153140017701347,16.3027572274792,25.29290135331645,19.153140017701347,19.153140017701347,1.791003571727236,1.791003571727236,1.791003571727236,1.791003571727236,1.791003571727236,1.791003571727236,0.0,0.0,0.0,20.94414358942858
134,2019-03-31,19.121413500080212,15.551011384734364,24.556216064506053,19.121413500080212,19.121413500080212,0.9829851834196668,0.9829851834196668,0.9829851834196668,0.9829851834196668,0.9829851834196668,0.9829851834196668,0.0,0.0,0.0,20.10439868349988
135,2019-04-30,19.13158392960719,12.819306954307699,21.750130696944343,19.13158392960719,19.13158392960719,-1.6000046742462208,-1.6000046742462208,-1.6000046742462208,-1.6000046742462208,-1.6000046742462208,-1.6000046742462208,0.0,0.0,0.0,17.531579255360967
136,2019-05-31,19.142093373451733,13.260055769974688,22.570149835245378,19.142093373451733,19.142093373451733,-1.2500487647611944,-1.2500487647611944,-1.2500487647611944,-1.2500487647611944,-1.2500487647611944,-1.2500487647611944,0.0,0.0,0.0,17.89204460869054
137,2019-06-30,19.152263802978712,14.894290872468426,23.788756204116883,19.152263802978712,19.152263802978712,0.27192423990670644,0.27192423990670644,0.27192423990670644,0.27192423990670644,0.27192423990670644,0.27192423990670644,0.0,0.0,0.0,19.42418804288542
138,2019-07-31,19.162773246823257,14.09937316778422,23.315090726080236,19.162773246823257,19.162773246823257,-0.4059844332433695,-0.4059844332433695,-0.4059844332433695,-0.4059844332433695,-0.4059844332433695,-0.4059844332433695,0.0,0.0,0.0,18.756788813579888
139,2019-08-31,19.1732826906678,11.295222691414942,20.72658845254357,19.1732826906678,19.1732826906678,-3.1955831358552436,-3.1955831358552436,-3.1955831358552436,-3.1955831358552436,-3.1955831358552436,-3.1955831358552436,0.0,0.0,0.0,15.977699554812556
140,2019-09-30,19.183453120194777,12.298574428702699,21.68771318174489,19.183453120194777,19.183453120194777,-2.158544593825575,-2.158544593825575,-2.158544593825575,-2.158544593825575,-2.158544593825575,-2.158544593825575,0.0,0.0,0.0,17.024908526369202
141,2019-10-31,19.259332947891604,15.898298445740865,24.847218259722663,19.259332947891604,19.259332947891604,1.1208219937111044,1.1208219937111044,1.1208219937111044,1.1208219937111044,1.1208219937111044,1.1208219937111044,0.0,0.0,0.0,20.380154941602708
142,2019-11-30,19.332765039211118,17.344690308661264,26.59211789057983,19.332765039211118,19.332765039211118,2.7476562192201803,2.7476562192201803,2.7476562192201803,2.7476562192201803,2.7476562192201803,2.7476562192201803,0.0,0.0,0.0,22.080421258431297
143,2019-12-31,19.408644866907945,17.65414599946042,26.867317517337995,19.408644866907945,19.408644866907945,2.8814421704169395,2.8814421704169395,2.8814421704169395,2.8814421704169395,2.8814421704169395,2.8814421704169395,0.0,0.0,0.0,22.290087037324884
144,2020-01-31,19.484524694604776,14.34643283800789,23.375943009714394,19.484524694604776,19.484524694604776,-0.40743633390252004,-0.40743633390252004,-0.40743633390252004,-0.40743633390252004,-0.40743633390252004,-0.40743633390252004,0.0,0.0,0.0,19.077088360702255
145,2020-02-29,19.555509049546973,18.993070337804962,28.296001467818165,19.555509049546973,19.555509049546973,3.904117386326852,3.904117386326852,3.904117386326852,3.904117386326852,3.904117386326852,3.904117386326852,0.0,0.0,0.0,23.459626435873826
146,2020-03-31,19.6313888772438,15.33026410702464,24.54967943344816,19.6313888772438,19.6313888772438,0.17602096676909446,0.17602096676909446,0.17602096676909446,0.17602096676909446,0.17602096676909446,0.17602096676909446,0.0,0.0,0.0,19.807409844012895
147,2020-04-30,19.78636023572313,13.188688278560988,22.19589007133584,19.78636023572313,19.78636023572313,-2.106034039604204,-2.106034039604204,-2.106034039604204,-2.106034039604204,-2.106034039604204,-2.106034039604204,0.0,0.0,0.0,17.680326196118926
148,2020-05-31,19.946497306151766,13.19267608852546,22.494268336161298,19.946497306151766,19.946497306151766,-2.0602252190518993,-2.0602252190518993,-2.0602252190518993,-2.0602252190518993,-2.0602252190518993,-2.0602252190518993,0.0,0.0,0.0,17.88627208709987
149,2020-06-30,20.101468664631092,14.702390672792351,24.073768483272513,20.101468664631092,20.101468664631092,-0.5226204156678206,-0.5226204156678206,-0.5226204156678206,-0.5226204156678206,-0.5226204156678206,-0.5226204156678206,0.0,0.0,0.0,19.578848248963272
150,2020-07-31,20.261605735059728,15.969194883547157,25.67766961316323,20.261605735059728,20.261605735059728,0.3779889957773697,0.3779889957773697,0.3779889957773697,0.3779889957773697,0.3779889957773697,0.3779889957773697,0.0,0.0,0.0,20.639594730837096
151,2020-08-31,20.421742805488364,13.997597843910084,23.286156372332535,20.421742805488364,20.421742805488364,-1.605632219350608,-1.605632219350608,-1.605632219350608,-1.605632219350608,-1.605632219350608,-1.605632219350608,0.0,0.0,0.0,18.816110586137757
152,2020-09-30,20.576714163967694,13.10527741599626,21.949968995302548,20.576714163967694,20.576714163967694,-2.724961709251477,-2.724961709251477,-2.724961709251477,-2.724961709251477,-2.724961709251477,-2.724961709251477,0.0,0.0,0.0,17.851752454716216
153,2020-10-31,20.817247127509468,18.235309212439542,27.320591003356483,20.817247127509468,20.817247127509468,1.8955203159004366,1.8955203159004366,1.8955203159004366,1.8955203159004366,1.8955203159004366,1.8955203159004366,0.0,0.0,0.0,22.712767443409906
154,2020-11-30,21.050020963195056,17.731859979777873,26.910779718920207,21.050020963195056,21.050020963195056,1.4457298933732743,1.4457298933732743,1.4457298933732743,1.4457298933732743,1.4457298933732743,1.4457298933732743,0.0,0.0,0.0,22.495750856568332
155,2020-12-31,21.290553926736834,17.489597199487193,27.053414359352992,21.290553926736834,21.290553926736834,1.0781047830774368,1.0781047830774368,1.0781047830774368,1.0781047830774368,1.0781047830774368,1.0781047830774368,0.0,0.0,0.0,22.36865870981427
156,2021-01-31,21.53108689027861,17.202956663003384,26.58785023914337,21.53108689027861,21.53108689027861,0.5246541258586831,0.5246541258586831,0.5246541258586831,0.5246541258586831,0.5246541258586831,0.5246541258586831,0.0,0.0,0.0,22.05574101613729
157,2021-02-28,21.74834247025182,20.357083132954468,29.38436627684728,21.74834247025182,21.74834247025182,3.191685573299357,3.191685573299357,3.191685573299357,3.191685573299357,3.191685573299357,3.191685573299357,0.0,0.0,0.0,24.940028043551177
158,2021-03-31,21.988875433793595,17.998226010237993,26.95871045774667,21.988875433793595,21.988875433793595,0.42892376238687524,0.42892376238687524,0.42892376238687524,0.42892376238687524,0.42892376238687524,0.42892376238687524,0.0,0.0,0.0,22.41779919618047
159,2021-04-30,22.221649269479187,15.768691966456027,24.96531048436439,22.221649269479187,22.221649269479187,-1.9429737980237742,-1.9429737980237742,-1.9429737980237742,-1.9429737980237742,-1.9429737980237742,-1.9429737980237742,0.0,0.0,0.0,20.27867547145541
160,2021-05-31,22.46218223302096,16.26847750029333,25.160697569824265,22.46218223302096,22.46218223302096,-1.790329033282091,-1.790329033282091,-1.790329033282091,-1.790329033282091,-1.790329033282091,-1.790329033282091,0.0,0.0,0.0,20.67185319973887
161,2021-06-30,22.69495606870655,18.13514349628285,26.950713944049447,22.69495606870655,22.69495606870655,-0.24540888766699934,-0.24540888766699934,-0.24540888766699934,-0.24540888766699934,-0.24540888766699934,-0.24540888766699934,0.0,0.0,0.0,22.44954718103955
162,2021-07-31,22.935489032248324,18.432940268560408,27.87199574236117,22.935489032248324,22.935489032248324,0.1307165958661073,0.1307165958661073,0.1307165958661073,0.1307165958661073,0.1307165958661073,0.1307165958661073,0.0,0.0,0.0,23.06620562811443
163,2021-08-31,23.176021995790094,16.60930667931557,25.63727656913814,23.176021995790094,23.176021995790094,-2.139586701994702,-2.139586701994702,-2.139586701994702,-2.139586701994702,-2.139586701994702,-2.139586701994702,0.0,0.0,0.0,21.036435293795392
164,2021-09-30,23.40879583147569,16.348159903742864,25.472135786279377,23.40879583147569,23.40879583147569,-2.545173031476677,-2.545173031476677,-2.545173031476677,-2.545173031476677,-2.545173031476677,-2.545173031476677,0.0,0.0,0.0,20.863622799999014
165,2021-10-31,23.64932879501746,20.600681868941148,29.75960868297479,23.64932879501746,23.64932879501746,1.6290636035127597,1.6290636035127597,1.6290636035127597,1.6290636035127597,1.6290636035127597,1.6290636035127597,0.0,0.0,0.0,25.27839239853022
166,2021-11-30,23.88210263070305,21.11638783616477,30.14223723373641,23.88210263070305,23.88210263070305,1.871219375833583,1.871219375833583,1.871219375833583,1.871219375833583,1.871219375833583,1.871219375833583,0.0,0.0,0.0,25.75332200653663
167,2021-12-31,24.122635594244823,21.305339181803088,30.346577689709022,24.122635594244823,24.122635594244823,1.6932317956166794,1.6932317956166794,1.6932317956166794,1.6932317956166794,1.6932317956166794,1.6932317956166794,0.0,0.0,0.0,25.815867389861502
168,2022-01-31,24.363168557786597,20.426615928139288,29.269659548692843,24.363168557786597,24.363168557786597,0.23353809918058976,0.23353809918058976,0.23353809918058976,0.23353809918058976,0.23353809918058976,0.23353809918058976,0.0,0.0,0.0,24.596706656967186
169,2022-02-28,24.58042413775981,22.413510367602747,31.466398028145598,24.58042413775981,24.58042413775981,2.487018383766865,2.487018383766865,2.487018383766865,2.487018383766865,2.487018383766865,2.487018383766865,0.0,0.0,0.0,27.067442521526676
170,2022-03-31,24.820957101301587,20.82977509462252,29.92927998495081,24.820957101301587,24.820957101301587,0.6979454350901074,0.6979454350901074,0.6979454350901074,0.6979454350901074,0.6979454350901074,0.6979454350901074,0.0,0.0,0.0,25.518902536391696
171,2022-04-30,25.053730936987176,18.584839185330065,27.699836259788118,25.053730936987176,25.053730936987176,-1.7741752969598588,-1.7741752969598588,-1.7741752969598588,-1.7741752969598588,-1.7741752969598588,-1.7741752969598588,0.0,0.0,0.0,23.27955564002732
172,2022-05-31,25.29426390052895,19.065960451916272,28.33519049772759,25.29426390052895,25.29426390052895,-1.5201045123129582,-1.5201045123129582,-1.5201045123129582,-1.5201045123129582,-1.5201045123129582,-1.5201045123129582,0.0,0.0,0.0,23.774159388215992
173,2022-06-30,25.52703773621454,20.950179877005482,30.27176507365562,25.52703773621454,25.52703773621454,0.019545040821629542,0.019545040821629542,0.019545040821629542,0.019545040821629542,0.019545040821629542,0.019545040821629542,0.0,0.0,0.0,25.54658277703617
174,2022-07-31,25.767570699756316,21.010563739673312,30.608834357850657,25.767570699756316,25.767570699756316,-0.13074361813179067,-0.13074361813179067,-0.13074361813179067,-0.13074361813179067,-0.13074361813179067,-0.13074361813179067,0.0,0.0,0.0,25.636827081624524
175,2022-08-31,26.008103663298083,18.569776021172668,28.243526957062528,26.008103663298083,26.008103663298083,-2.669805459262888,-2.669805459262888,-2.669805459262888,-2.669805459262888,-2.669805459262888,-2.669805459262888,0.0,0.0,0.0,23.338298204035194
176,2022-09-30,26.240877498983675,18.937106297638394,28.23627748388232,26.240877498983675,26.240877498983675,-2.3563600165247105,-2.3563600165247105,-2.3563600165247105,-2.3563600165247105,-2.3563600165247105,-2.3563600165247105,0.0,0.0,0.0,23.884517482458964
177,2022-10-31,26.48141046252545,23.178600894437817,32.17030006930025,26.48141046252545,26.48141046252545,1.3707994314418557,1.3707994314418557,1.3707994314418557,1.3707994314418557,1.3707994314418557,1.3707994314418557,0.0,0.0,0.0,27.852209893967306
178,2022-11-30,26.714184298211038,24.61716612644594,33.76651485393045,26.714184298211038,26.714184298211038,2.3054153572352165,2.3054153572352165,2.3054153572352165,2.3054153572352165,2.3054153572352165,2.3054153572352165,0.0,0.0,0.0,29.019599655446253
179,2022-12-31,26.954717261752815,24.87555908097592,33.56455209175483,26.954717261752815,26.954717261752815,2.2945873224053384,2.2945873224053384,2.2945873224053384,2.2945873224053384,2.2945873224053384,2.2945873224053384,0.0,0.0,0.0,29.249304584158153
180,2023-01-31,27.195250225294583,22.520195361088373,31.66197065794832,27.195250225294583,27.195250225294583,-0.07727565226394525,-0.07727565226394525,-0.07727565226394525,-0.07727565226394525,-0.07727565226394525,-0.07727565226394525,0.0,0.0,0.0,27.117974573030637
181,2023-02-28,27.412505805267802,24.57042052103428,33.70190330162873,27.412505805267802,27.412505805267802,1.791003571727712,1.791003571727712,1.791003571727712,1.791003571727712,1.791003571727712,1.791003571727712,0.0,0.0,0.0,29.203509376995513
182,2023-03-31,27.653038768809584,24.093672536126476,33.1390507999779,27.653038768809584,27.653038768809584,0.9829851834240123,0.9829851834240123,0.9829851834240123,0.9829851834240123,0.9829851834240123,0.9829851834240123,0.0,0.0,0.0,28.636023952233597
183,2023-04-30,27.885812604495165,21.608602903475102,30.88334192850835,27.885812604495165,27.885812604495165,-1.6000046742448992,-1.6000046742448992,-1.6000046742448992,-1.6000046742448992,-1.6000046742448992,-1.6000046742448992,0.0,0.0,0.0,26.285807930250265
184,2023-05-31,28.12634556803694,22.417864189142147,31.585595379903136,28.12634556803694,28.12634556803694,-1.2500487647655267,-1.2500487647655267,-1.2500487647655267,-1.2500487647655267,-1.2500487647655267,-1.2500487647655267,0.0,0.0,0.0,26.876296803271412
185,2023-06-30,28.35911940372253,24.13225292747358,33.145328611303505,28.35911940372253,28.35911940372253,0.2719242399100662,0.2719242399100662,0.2719242399100662,0.2719242399100662,0.2719242399100662,0.2719242399100662,0.0,0.0,0.0,28.631043643632598
186,2023-07-31,28.599652367264305,23.447845760766075,32.38307848099229,28.599652367264305,28.599652367264305,-0.40598443324153305,-0.40598443324153305,-0.40598443324153305,-0.40598443324153305,-0.40598443324153305,-0.40598443324153305,0.0,0.0,0.0,28.193667934022773
187,2023-08-31,28.840185330806083,21.223707053114506,30.19488596092738,28.840185330806083,28.840185330806083,-3.1955831358600717,-3.1955831358600717,-3.1955831358600717,-3.1955831358600717,-3.1955831358600717,-3.1955831358600717,0.0,0.0,0.0,25.64460219494601
188,2023-09-30,29.07295916649167,22.508780113762676,31.7118801726855,29.07295916649167,29.07295916649167,-2.158544593824932,-2.158544593824932,-2.158544593824932,-2.158544593824932,-2.158544593824932,-2.158544593824932,0.0,0.0,0.0,26.91441457266674
189,2023-10-31,29.31349213003344,25.942597470518542,35.28128621640163,29.31349213003344,29.31349213003344,1.1208219937084947,1.1208219937084947,1.1208219937084947,1.1208219937084947,1.1208219937084947,1.1208219937084947,0.0,0.0,0.0,30.434314123741935
190,2023-11-30,29.54626596571903,27.58584943763574,36.689998171481015,29.54626596571903,29.54626596571903,2.7476562192216876,2.7476562192216876,2.7476562192216876,2.7476562192216876,2.7476562192216876,2.7476562192216876,0.0,0.0,0.0,32.29392218494072
191,2023-12-31,29.786798929260804,27.98213756251234,37.125727819525714,29.786798929260804,29.786798929260804,2.881442170417285,2.881442170417285,2.881442170417285,2.881442170417285,2.881442170417285,2.881442170417285,0.0,0.0,0.0,32.66824109967809
192,2024-01-01,29.794558057116998,26.07652489740208,34.95101829480442,29.794558057116998,29.794558057116998,0.4499606448880191,0.4499606448880191,0.4499606448880191,0.4499606448880191,0.4499606448880191,0.4499606448880191,0.0,0.0,0.0,30.244518702005017
193,2024-01-02,29.802317184973177,22.981313843769858,32.03357335337461,29.802317184973177,29.802317184973177,-2.176886235302161,-2.176886235302161,-2.176886235302161,-2.176886235302161,-2.176886235302161,-2.176886235302161,0.0,0.0,0.0,27.625430949671017
194,2024-01-03,29.810076312829363,20.535891849946832,29.464775523841134,29.810076312829363,29.810076312829363,-4.945951178205848,-4.945951178205848,-4.945951178205848,-4.945951178205848,-4.945951178205848,-4.945951178205848,0.0,0.0,0.0,24.864125134623514
195,2024-01-04,29.817835440685545,17.309821743412936,26.726456868372136,29.817835440685545,29.817835440685545,-7.799627396853868,-7.799627396853868,-7.799627396853868,-7.799627396853868,-7.799627396853868,-7.799627396853868,0.0,0.0,0.0,22.018208043831677
196,2024-01-05,29.82559456854174,14.772405368420383,23.745945066167703,29.82559456854174,29.82559456854174,-10.677322672279836,-10.677322672279836,-10.677322672279836,-10.677322672279836,-10.677322672279836,-10.677322672279836,0.0,0.0,0.0,19.148271896261903
197,2024-01-06,29.83335369639793,11.625847318792598,20.97631638003207,29.83335369639793,29.83335369639793,-13.517024614538098,-13.517024614538098,-13.517024614538098,-13.517024614538098,-13.517024614538098,-13.517024614538098,0.0,0.0,0.0,16.31632908185983
198,2024-01-07,29.841112824254104,9.173494760244145,18.22881832107471,29.841112824254104,29.841112824254104,-16.256914799088364,-16.256914799088364,-16.256914799088364,-16.256914799088364,-16.256914799088364,-16.256914799088364,0.0,0.0,0.0,13.58419802516574
199,2024-01-08,29.848871952110297,6.546732065427857,15.81128643985382,29.848871952110297,29.848871952110297,-18.83698785040214,-18.83698785040214,-18.83698785040214,-18.83698785040214,-18.83698785040214,-18.83698785040214,0.0,0.0,0.0,11.011884101708159
200,2024-01-09,29.85663107996648,4.1307767015054555,13.252233806542415,29.85663107996648,29.85663107996648,-21.20063115941758,-21.20063115941758,-21.20063115941758,-21.20063115941758,-21.20063115941758,-21.20063115941758,0.0,0.0,0.0,8.6559999205489
201,2024-01-10,29.86439020782267,2.0696881928192066,11.33263385596134,29.86439020782267,29.86439020782267,-23.296121774452683,-23.296121774452683,-23.296121774452683,-23.296121774452683,-23.296121774452683,-23.296121774452683,0.0,0.0,0.0,6.568268433369987
202,2024-01-11,29.872149335678845,0.3024042489329466,9.597198065896471,29.872149335678845,29.872149335678845,-25.07799907760612,-25.07799907760612,-25.07799907760612,-25.07799907760612,-25.07799907760612,-25.07799907760612,0.0,0.0,0.0,4.794150258072726
203,2024-01-12,29.87990846353504,-1.2580778270740445,8.012515436462477,29.87990846353504,29.87990846353504,-26.508275097630268,-26.508275097630268,-26.508275097630268,-26.508275097630268,-26.508275097630268,-26.508275097630268,0.0,0.0,0.0,3.3716333659047706
204,2024-01-13,29.88766759139123,-2.01941799837631,6.66668593817329,29.88766759139123,29.88766759139123,-27.5574486299226,-27.5574486299226,-27.5574486299226,-27.5574486299226,-27.5574486299226,-27.5574486299226,0.0,0.0,0.0,2.3302189614686313
205,2024-01-14,29.89542671924741,-2.6246370590128953,6.112911802917792,29.89542671924741,29.89542671924741,-28.20529461702219,-28.20529461702219,-28.20529461702219,-28.20529461702219,-28.20529461702219,-28.20529461702219,0.0,0.0,0.0,1.6901321022252205
206,2024-01-15,29.903185847103597,-3.5460645908693746,6.082337659107727,29.903185847103597,29.903185847103597,-28.441406344523994,-28.441406344523994,-28.441406344523994,-28.441406344523994,-28.441406344523994,-28.441406344523994,0.0,0.0,0.0,1.4617795025796028
207,2024-01-16,29.91094497495978,-3.2185814591876216,6.139894783619925,29.91094497495978,29.91094497495978,-28.2654747583763,-28.2654747583763,-28.2654747583763,-28.2654747583763,-28.2654747583763,-28.2654747583763,0.0,0.0,0.0,1.6454702165834796
208,2024-01-17,29.918704102815973,-2.5590937250737924,6.649497386288687,29.918704102815973,29.918704102815973,-27.687296423224645,-27.687296423224645,-27.687296423224645,-27.687296423224645,-27.687296423224645,-27.687296423224645,0.0,0.0,0.0,2.231407679591328
209,2024-01-18,29.926463230672162,-1.3818258264521381,7.809203822512263,29.926463230672162,29.926463230672162,-26.72650911611842,-26.72650911611842,-26.72650911611842,-26.72650911611842,-26.72650911611842,-26.72650911611842,0.0,0.0,0.0,3.1999541145537407
210,2024-01-19,29.934222358528345,-0.09400524368657588,9.212554265578506,29.934222358528345,29.934222358528345,-25.412061576549544,-25.412061576549544,-25.412061576549544,-25.412061576549544,-25.412061576549544,-25.412061576549544,0.0,0.0,0.0,4.522160781978801
211,2024-01-20,29.94198148638453,1.3477624371913173,10.613816482595992,29.94198148638453,29.94198148638453,-23.781431300977225,-23.781431300977225,-23.781431300977225,-23.781431300977225,-23.781431300977225,-23.781431300977225,0.0,0.0,0.0,6.160550185407306
212,2024-01-21,29.94974061424071,3.4493261656833787,12.621182582527512,29.94974061424071,29.94974061424071,-21.879611270722517,-21.879611270722517,-21.879611270722517,-21.879611270722517,-21.879611270722517,-21.879611270722517,0.0,0.0,0.0,8.070129343518193
213,2024-01-22,29.957499742096903,5.28745314318926,14.673914013496281,29.957499742096903,29.957499742096903,-19.757892938247295,-19.757892938247295,-19.757892938247295,-19.757892938247295,-19.757892938247295,-19.757892938247295,0.0,0.0,0.0,10.199606803849608
214,2024-01-23,29.965258869953097,7.98319377406853,17.375594699612467,29.965258869953097,29.965258869953097,-17.472478487260776,-17.472478487260776,-17.472478487260776,-17.472478487260776,-17.472478487260776,-17.472478487260776,0.0,0.0,0.0,12.49278038269232
215,2024-01-24,29.973017997809272,10.07751289526605,19.636893269752964,29.973017997809272,29.973017997809272,-15.08296016461511,-15.08296016461511,-15.08296016461511,-15.08296016461511,-15.08296016461511,-15.08296016461511,0.0,0.0,0.0,14.890057833194161
