,ds,trend,yhat_lower,yhat_upper,trend_lower,trend_upper,additive_terms,additive_terms_lower,additive_terms_upper,yearly,yearly_lower,yearly_upper,multiplicative_terms,multiplicative_terms_lower,multiplicative_terms_upper,yhat
0,2018-01-31,12.394274166666667,8.568077514318658,16.791573427969585,12.394274166666667,12.394274166666667,0.21217105886548782,0.21217105886548782,0.21217105886548782,0.21217105886548782,0.21217105886548782,0.21217105886548782,0.0,0.0,0.0,12.606445225532156
1,2018-02-28,12.413402129012345,12.79432595948148,20.614173819718733,12.413402129012345,12.413402129012345,4.16111725053835,4.16111725053835,4.16111725053835,4.16111725053835,4.16111725053835,4.16111725053835,0.0,0.0,0.0,16.574519379550694
2,2018-03-31,12.434579515895061,7.611438006616135,15.702996482688249,12.434579515895061,12.434579515895061,-0.7345455884162592,-0.7345455884162592,-0.7345455884162592,-0.7345455884162592,-0.7345455884162592,-0.7345455884162592,0.0,0.0,0.0,11.700033927478803
3,2018-04-30,12.455073761150553,9.041245150765556,16.69747293773388,12.455073761150553,12.455073761150553,0.4381187881563195,0.4381187881563195,0.4381187881563195,0.4381187881563195,0.4381187881563195,0.4381187881563195,0.0,0.0,0.0,12.893192549306873
4,2018-05-31,12.476251147914558,9.67522560816517,17.700421657040913,12.476251147914558,12.476251147914558,1.253987492586108,1.253987492586108,1.253987492586108,1.253987492586108,1.253987492586108,1.253987492586108,0.0,0.0,0.0,13.730238640500666
5,2018-06-30,12.496745393101726,10.674948680669438,18.38039368783303,12.496745393101726,12.496745393101726,2.111558780106651,2.111558780106651,2.111558780106651,2.111558780106651,2.111558780106651,2.111558780106651,0.0,0.0,0.0,14.608304173208378
6,2018-07-31,12.517922779795132,10.87993054969982,18.562577594206804,12.517922779795132,12.517922779795132,2.1717571489216496,2.1717571489216496,2.1717571489216496,2.1717571489216496,2.1717571489216496,2.1717571489216496,0.0,0.0,0.0,14.689679928716782
7,2018-08-31,12.539100166309282,9.360085055099281,17.002013623549846,12.539100166309282,12.539100166309282,0.6962118872458041,0.6962118872458041,0.6962118872458041,0.6962118872458041,0.6962118872458041,0.6962118872458041,0.0,0.0,0.0,13.235312053555086
8,2018-09-30,12.559594411322976,9.655040075486864,17.33590690033765,12.559594411322976,12.559594411322976,1.0013674278862295,1.0013674278862295,1.0013674278862295,1.0013674278862295,1.0013674278862295,1.0013674278862295,0.0,0.0,0.0,13.560961839209206
9,2018-10-31,12.58077179802575,8.865056977991602,16.505946774861133,12.58077179802575,12.58077179802575,0.09942188301108486,0.09942188301108486,0.09942188301108486,0.09942188301108486,0.09942188301108486,0.09942188301108486,0.0,0.0,0.0,12.680193681036835
10,2018-11-30,12.601266043221983,8.03271805286599,16.014133391116626,12.601266043221983,12.601266043221983,-0.6362093835542771,-0.6362093835542771,-0.6362093835542771,-0.6362093835542771,-0.6362093835542771,-0.6362093835542771,0.0,0.0,0.0,11.965056659667706
11,2018-12-31,12.62244342991756,8.598420243649803,16.904735742317804,12.62244342991756,12.62244342991756,0.12305712608725802,0.12305712608725802,0.12305712608725802,0.12305712608725802,0.12305712608725802,0.12305712608725802,0.0,0.0,0.0,12.745500556004817
12,2019-01-31,12.643620816613138,7.635911825817031,15.432467659783843,12.643620816613138,12.643620816613138,-0.8624869051884754,-0.8624869051884754,-0.8624869051884754,-0.8624869051884754,-0.8624869051884754,-0.8624869051884754,0.0,0.0,0.0,11.781133911424662
13,2019-02-28,12.662748778150664,14.64720131416548,22.70928494992288,12.662748778150664,12.662748778150664,5.980591006430127,5.980591006430127,5.980591006430127,5.980591006430127,5.980591006430127,5.980591006430127,0.0,0.0,0.0,18.643339784580792
14,2019-03-31,12.68392616413864,7.572477357377974,15.630789417749368,12.68392616413864,12.68392616413864,-1.086246364566437,-1.086246364566437,-1.086246364566437,-1.086246364566437,-1.086246364566437,-1.086246364566437,0.0,0.0,0.0,11.597679799572203
15,2019-04-30,12.70442040886123,10.262442421311317,17.795644494585453,12.70442040886123,12.70442040886123,1.1810820767835462,1.1810820767835462,1.1810820767835462,1.1810820767835462,1.1810820767835462,1.1810820767835462,0.0,0.0,0.0,13.885502485644777
16,2019-05-31,12.725597795074574,8.745891720378149,16.782382466228267,12.725597795074574,12.725597795074574,0.032528888127915746,0.032528888127915746,0.032528888127915746,0.032528888127915746,0.032528888127915746,0.032528888127915746,0.0,0.0,0.0,12.758126683202489
17,2019-06-30,12.746092039431216,9.888446140316665,17.76819062415329,12.746092039431216,12.746092039431216,1.2518504910668735,1.2518504910668735,1.2518504910668735,1.2518504910668735,1.2518504910668735,1.2518504910668735,0.0,0.0,0.0,13.99794253049809
18,2019-07-31,12.767269425266411,11.221051860313171,18.907140537529013,12.767269425266411,12.767269425266411,2.4938104415642215,2.4938104415642215,2.4938104415642215,2.4938104415642215,2.4938104415642215,2.4938104415642215,0.0,0.0,0.0,15.261079866830633
19,2019-08-31,12.788446810579488,10.204858446306611,18.17550007348841,12.788446810579488,12.788446810579488,1.365783001602377,1.365783001602377,1.365783001602377,1.365783001602377,1.365783001602377,1.365783001602377,0.0,0.0,0.0,14.154229812181866
20,2019-09-30,12.808941054430854,10.891751338835169,18.72916743036847,12.808941054430854,12.808941054430854,2.0568391423750194,2.0568391423750194,2.0568391423750194,2.0568391423750194,2.0568391423750194,2.0568391423750194,0.0,0.0,0.0,14.865780196805872
21,2019-10-31,12.830118439877575,8.650397761637556,16.8061173294228,12.830118439877575,12.830118439877575,-0.1111494586266079,-0.1111494586266079,-0.1111494586266079,-0.1111494586266079,-0.1111494586266079,-0.1111494586266079,0.0,0.0,0.0,12.718968981250967
22,2019-11-30,12.850612683858271,7.054129509005425,14.762522468888445,12.850612683858271,12.850612683858271,-1.822313793684606,-1.822313793684606,-1.822313793684606,-1.822313793684606,-1.822313793684606,-1.822313793684606,0.0,0.0,0.0,11.028298890173666
23,2019-12-31,12.871786665633264,9.174774011983997,17.176950931710895,12.871786665633264,12.871786665633264,0.2432326426570906,0.2432326426570906,0.2432326426570906,0.2432326426570906,0.2432326426570906,0.2432326426570906,0.0,0.0,0.0,13.115019308290355
24,2020-01-31,12.892960647408255,7.131306808886202,14.884970861642037,12.892960647408255,12.892960647408255,-1.908363754344777,-1.908363754344777,-1.908363754344777,-1.908363754344777,-1.908363754344777,-1.908363754344777,0.0,0.0,0.0,10.984596893063479
25,2020-02-29,12.912768565874389,9.651892149821105,17.344804765614,12.912768565874389,12.912768565874389,0.5396200320766696,0.5396200320766696,0.5396200320766696,0.5396200320766696,0.5396200320766696,0.5396200320766696,0.0,0.0,0.0,13.452388597951058
26,2020-03-31,12.933942547722568,9.175824831901101,16.916188548737182,12.933942547722568,12.933942547722568,-0.08561319537977644,-0.08561319537977644,-0.08561319537977644,-0.08561319537977644,-0.08561319537977644,-0.08561319537977644,0.0,0.0,0.0,12.848329352342791
27,2020-04-30,12.954433497898224,7.898538017646652,15.808845258764912,12.954433497898224,12.954433497898224,-1.124026591901932,-1.124026591901932,-1.124026591901932,-1.124026591901932,-1.124026591901932,-1.124026591901932,0.0,0.0,0.0,11.830406905996291
28,2020-05-31,12.975607478883406,12.413510643803228,20.619136790539002,12.975607478883406,12.975607478883406,3.6248506644201943,3.6248506644201943,3.6248506644201943,3.6248506644201943,3.6248506644201943,3.6248506644201943,0.0,0.0,0.0,16.6004581433036
29,2020-06-30,12.996098428223904,12.819443017494518,20.6356437099334,12.996098428223904,12.996098428223904,3.9055224453808153,3.9055224453808153,3.9055224453808153,3.9055224453808153,3.9055224453808153,3.9055224453808153,0.0,0.0,0.0,16.90162087360472
30,2020-07-31,13.017272409080281,10.519834781558915,18.55094448640035,13.017272409080281,13.017272409080281,1.6295443720471212,1.6295443720471212,1.6295443720471212,1.6295443720471212,1.6295443720471212,1.6295443720471212,0.0,0.0,0.0,14.646816781127402
31,2020-08-31,13.03844638993666,8.680918751799819,16.511921682302763,13.03844638993666,13.03844638993666,-0.5913062209545189,-0.5913062209545189,-0.5913062209545189,-0.5913062209545189,-0.5913062209545189,-0.5913062209545189,0.0,0.0,0.0,12.447140168982141
32,2020-09-30,13.058937338303148,7.945713503375474,15.837940465376763,13.058937338303148,13.058937338303148,-1.1688690818221297,-1.1688690818221297,-1.1688690818221297,-1.1688690818221297,-1.1688690818221297,-1.1688690818221297,0.0,0.0,0.0,11.890068256481017
33,2020-10-31,13.08011131828185,9.775187924236356,17.49867132387306,13.08011131828185,13.08011131828185,0.40628532067247763,0.40628532067247763,0.40628532067247763,0.40628532067247763,0.40628532067247763,0.40628532067247763,0.0,0.0,0.0,13.486396638954327
34,2020-11-30,13.100602266278113,10.690507795185633,18.868115586094554,13.100602266278113,13.100602266278113,1.7254272045557357,1.7254272045557357,1.7254272045557357,1.7254272045557357,1.7254272045557357,1.7254272045557357,0.0,0.0,0.0,14.826029470833848
35,2020-12-31,13.121776245874253,8.980643526622078,16.864055157242156,13.121776245874253,13.121776245874253,-0.08812946842522133,-0.08812946842522133,-0.08812946842522133,-0.08812946842522133,-0.08812946842522133,-0.08812946842522133,0.0,0.0,0.0,13.033646777449032
36,2021-01-31,13.142950225714392,10.47143465920507,18.36272985081891,13.142950225714392,13.142950225714392,1.314712913869913,1.314712913869913,1.314712913869913,1.314712913869913,1.314712913869913,1.314712913869913,0.0,0.0,0.0,14.457663139584305
37,2021-02-28,13.16207511073129,11.51119328897325,19.375748168538887,13.16207511073129,13.16207511073129,2.3468006922780886,2.3468006922780886,2.3468006922780886,2.3468006922780886,2.3468006922780886,2.3468006922780886,0.0,0.0,0.0,15.50887580300938
38,2021-03-31,13.183249088931412,8.736473903545576,16.591938024958413,13.183249088931412,13.183249088931412,-0.4011253006142978,-0.4011253006142978,-0.4011253006142978,-0.4011253006142978,-0.4011253006142978,-0.4011253006142978,0.0,0.0,0.0,12.782123788317113
39,2021-04-30,13.20374003557669,9.16914554784507,16.822742857701055,13.20374003557669,13.20374003557669,-0.33040552451961785,-0.33040552451961785,-0.33040552451961785,-0.33040552451961785,-0.33040552451961785,-0.33040552451961785,0.0,0.0,0.0,12.873334511057072
40,2021-05-31,13.22491401290706,11.832435573116037,19.651222939852623,13.22491401290706,13.22491401290706,2.4519283595688446,2.4519283595688446,2.4519283595688446,2.4519283595688446,2.4519283595688446,2.4519283595688446,0.0,0.0,0.0,15.676842372475905
41,2021-06-30,13.245404958710642,12.355513937347958,20.06636758324287,13.245404958710642,13.245404958710642,2.996557088224174,2.996557088224174,2.996557088224174,2.996557088224174,2.996557088224174,2.996557088224174,0.0,0.0,0.0,16.241962046934816
42,2021-07-31,13.26657893622496,11.249691337900382,19.01762134597379,13.26657893622496,13.26657893622496,1.8835820775358234,1.8835820775358234,1.8835820775358234,1.8835820775358234,1.8835820775358234,1.8835820775358234,0.0,0.0,0.0,15.150161013760783
43,2021-08-31,13.28775291373928,9.709238751588812,17.002862561567618,13.28775291373928,13.28775291373928,0.04345335406598624,0.04345335406598624,0.04345335406598624,0.04345335406598624,0.04345335406598624,0.04345335406598624,0.0,0.0,0.0,13.331206267805266
44,2021-09-30,13.308243859107018,9.049366703153163,16.882141183297634,13.308243859107018,13.308243859107018,-0.07435107188275163,-0.07435107188275163,-0.07435107188275163,-0.07435107188275163,-0.07435107188275163,-0.07435107188275163,0.0,0.0,0.0,13.233892787224265
45,2021-10-31,13.329417835987014,9.642514450011333,17.513283557806563,13.329417835987014,13.329417835987014,0.2719600333578185,0.2719600333578185,0.2719600333578185,0.2719600333578185,0.2719600333578185,0.2719600333578185,0.0,0.0,0.0,13.601377869344832
46,2021-11-30,13.349908781377778,9.779392971542602,17.588014411743593,13.349908781377778,13.349908781377778,0.5468766564678101,0.5468766564678101,0.5468766564678101,0.5468766564678101,0.5468766564678101,0.5468766564678101,0.0,0.0,0.0,13.896785437845589
47,2021-12-31,13.371082758281565,9.320638305413611,17.377152121930457,13.371082758281565,13.371082758281565,0.012793419595288342,0.012793419595288342,0.012793419595288342,0.012793419595288342,0.012793419595288342,0.012793419595288342,0.0,0.0,0.0,13.383876177876854
48,2022-01-31,13.39225673435511,9.390949409421664,17.81650758544383,13.39225673435511,13.39225673435511,0.21217105886966317,0.21217105886966317,0.21217105886966317,0.21217105886966317,0.21217105886966317,0.21217105886966317,0.0,0.0,0.0,13.604427793224772
49,2022-02-28,13.411381615969926,13.342768607257069,21.219405502890957,13.411381615969926,13.411381615969926,4.161117250554255,4.161117250554255,4.161117250554255,4.161117250554255,4.161117250554255,4.161117250554255,0.0,0.0,0.0,17.57249886652418
50,2022-03-31,13.432555592043471,8.67423049101506,16.62345970250713,13.432555592043471,13.432555592043471,-0.734545588420317,-0.734545588420317,-0.734545588420317,-0.734545588420317,-0.734545588420317,-0.734545588420317,0.0,0.0,0.0,12.698010003623153
51,2022-04-30,13.453046536630772,10.190391708129768,18.154195309631717,13.453046536630772,13.453046536630772,0.4381187881539413,0.4381187881539413,0.4381187881539413,0.4381187881539413,0.4381187881539413,0.4381187881539413,0.0,0.0,0.0,13.891165324784714
52,2022-05-31,13.474220512704319,10.711416665501734,18.716845358329355,13.474220512704319,13.474220512704319,1.2539874925823375,1.2539874925823375,1.2539874925823375,1.2539874925823375,1.2539874925823375,1.2539874925823375,0.0,0.0,0.0,14.728208005286657
53,2022-06-30,13.49471145729162,11.68929686015592,19.35273998015853,13.49471145729162,13.49471145729162,2.1115587800990356,2.1115587800990356,2.1115587800990356,2.1115587800990356,2.1115587800990356,2.1115587800990356,0.0,0.0,0.0,15.606270237390657
54,2022-07-31,13.515885433365165,11.773985697732433,19.72377129049732,13.515885433365165,13.515885433365165,2.1717571489185437,2.1717571489185437,2.1717571489185437,2.1717571489185437,2.1717571489185437,2.1717571489185437,0.0,0.0,0.0,15.687642582283708
55,2022-08-31,13.537059409438712,10.116356917708819,18.342328231868002,13.537059409438712,13.537059409438712,0.6962118872531895,0.6962118872531895,0.6962118872531895,0.6962118872531895,0.6962118872531895,0.6962118872531895,0.0,0.0,0.0,14.233271296691901
56,2022-09-30,13.557550354026013,10.827308572751072,18.589383194375593,13.557550354026013,13.557550354026013,1.0013674278873284,1.0013674278873284,1.0013674278873284,1.0013674278873284,1.0013674278873284,1.0013674278873284,0.0,0.0,0.0,14.55891778191334
57,2022-10-31,13.57872433009956,9.792030461688723,17.67099052754025,13.57872433009956,13.57872433009956,0.09942188301004228,0.09942188301004228,0.09942188301004228,0.09942188301004228,0.09942188301004228,0.09942188301004228,0.0,0.0,0.0,13.678146213109601
58,2022-11-30,13.599215275038299,8.662844366829097,16.89444279778143,13.599215275038299,13.599215275038299,-0.6362093835464885,-0.6362093835464885,-0.6362093835464885,-0.6362093835464885,-0.6362093835464885,-0.6362093835464885,0.0,0.0,0.0,12.963005891491811
59,2022-12-31,13.620389251474995,9.896827602525322,17.446281979314584,13.620389251474995,13.620389251474995,0.12305712608090455,0.12305712608090455,0.12305712608090455,0.12305712608090455,0.12305712608090455,0.12305712608090455,0.0,0.0,0.0,13.7434463775559
60,2023-01-31,13.641563227911691,9.155476907752936,16.52234869793084,13.641563227911691,13.641563227911691,-0.8624869051808807,-0.8624869051808807,-0.8624869051808807,-0.8624869051808807,-0.8624869051808807,-0.8624869051808807,0.0,0.0,0.0,12.77907632273081
61,2023-02-28,13.660688109854512,15.791467481994632,23.382963562668667,13.660688109854512,13.660688109854512,5.980591006430642,5.980591006430642,5.980591006430642,5.980591006430642,5.980591006430642,5.980591006430642,0.0,0.0,0.0,19.641279116285155
62,2023-03-31,13.68186208629121,8.733835463648903,16.59408725188899,13.68186208629121,13.68186208629121,-1.086246364572796,-1.086246364572796,-1.086246364572796,-1.086246364572796,-1.086246364572796,-1.086246364572796,0.0,0.0,0.0,12.595615721718413
63,2023-04-30,13.702353031229949,10.557515604244626,19.047494949248545,13.702353031229949,13.702353031229949,1.181082076781997,1.181082076781997,1.181082076781997,1.181082076781997,1.181082076781997,1.181082076781997,0.0,0.0,0.0,14.883435108011946
64,2023-05-31,13.723527007666643,9.749450296522209,17.544836853034596,13.723527007666643,13.723527007666643,0.03252888813425419,0.03252888813425419,0.03252888813425419,0.03252888813425419,0.03252888813425419,0.03252888813425419,0.0,0.0,0.0,13.756055895800896
65,2023-06-30,13.744017952605384,10.739081056989567,18.85045490875496,13.744017952605384,13.744017952605384,1.2518504910594677,1.2518504910594677,1.2518504910594677,1.2518504910594677,1.2518504910594677,1.2518504910594677,0.0,0.0,0.0,14.995868443664852
66,2023-07-31,13.76519192904208,12.096860140813899,20.09003757852432,13.76519192904208,13.76519192904208,2.4938104415647255,2.4938104415647255,2.4938104415647255,2.4938104415647255,2.4938104415647255,2.4938104415647255,0.0,0.0,0.0,16.259002370606805
67,2023-08-31,13.786365905478775,11.465387741023953,19.003368501897533,13.786365905478775,13.786365905478775,1.365783001612291,1.365783001612291,1.365783001612291,1.365783001612291,1.365783001612291,1.365783001612291,0.0,0.0,0.0,15.152148907091066
68,2023-09-30,13.806856850417514,12.134405610557723,20.031418087804862,13.806856850417514,13.806856850417514,2.056839142385382,2.056839142385382,2.056839142385382,2.056839142385382,2.056839142385382,2.056839142385382,0.0,0.0,0.0,15.863695992802896
69,2023-10-31,13.82803082685421,9.885517234124459,17.657308262914842,13.82803082685421,13.82803082685421,-0.11114945862795635,-0.11114945862795635,-0.11114945862795635,-0.11114945862795635,-0.11114945862795635,-0.11114945862795635,0.0,0.0,0.0,13.716881368226254
70,2023-11-30,13.84852177179295,8.093220543384923,15.772313317257593,13.84852177179295,13.84852177179295,-1.8223137936896467,-1.8223137936896467,-1.8223137936896467,-1.8223137936896467,-1.8223137936896467,-1.8223137936896467,0.0,0.0,0.0,12.026207978103303
71,2023-12-31,13.869695748229645,10.35131030502308,18.071499968667776,13.869695748229645,13.869695748229645,0.24323264265259809,0.24323264265259809,0.24323264265259809,0.24323264265259809,0.24323264265259809,0.24323264265259809,0.0,0.0,0.0,14.112928390882244
72,2024-01-01,13.870378779727602,9.754867033039327,17.554423156667028,13.870378779727602,13.870378779727602,-0.18030298117014112,-0.18030298117014112,-0.18030298117014112,-0.18030298117014112,-0.18030298117014112,-0.18030298117014112,0.0,0.0,0.0,13.69007579855746
73,2024-01-02,13.87106181122556,9.471552012106828,17.38395617725162,13.87106181122556,13.87106181122556,-0.47394941167776317,-0.47394941167776317,-0.47394941167776317,-0.47394941167776317,-0.47394941167776317,-0.47394941167776317,0.0,0.0,0.0,13.397112399547797
74,2024-01-03,13.871744842723519,9.420842667345546,16.855536055410916,13.871744842723519,13.871744842723519,-0.6790240802154669,-0.6790240802154669,-0.6790240802154669,-0.6790240802154669,-0.6790240802154669,-0.6790240802154669,0.0,0.0,0.0,13.192720762508053
75,2024-01-04,13.872427874221476,8.918814076348808,17.208998225247573,13.872427874221476,13.872427874221476,-0.839263148288824,-0.839263148288824,-0.839263148288824,-0.839263148288824,-0.839263148288824,-0.839263148288824,0.0,0.0,0.0,13.033164725932652
76,2024-01-05,13.873110905719434,8.723162584427596,16.60420742202783,13.873110905719434,13.873110905719434,-0.9988489334866718,-0.9988489334866718,-0.9988489334866718,-0.9988489334866718,-0.9988489334866718,-0.9988489334866718,0.0,0.0,0.0,12.874261972232762
77,2024-01-06,13.873793937217393,8.694710326143474,16.728747962495987,13.873793937217393,13.873793937217393,-1.200424980111066,-1.200424980111066,-1.200424980111066,-1.200424980111066,-1.200424980111066,-1.200424980111066,0.0,0.0,0.0,12.673368957106327
78,2024-01-07,13.87447696871535,8.269977217832094,15.97921306425012,13.87447696871535,13.87447696871535,-1.483166395718815,-1.483166395718815,-1.483166395718815,-1.483166395718815,-1.483166395718815,-1.483166395718815,0.0,0.0,0.0,12.391310572996534
79,2024-01-08,13.87516000021331,7.945899300623671,15.923883239410587,13.87516000021331,13.87516000021331,-1.8809713973087883,-1.8809713973087883,-1.8809713973087883,-1.8809713973087883,-1.8809713973087883,-1.8809713973087883,0.0,0.0,0.0,11.994188602904522
80,2024-01-09,13.875843031711266,7.344093825084471,15.302985656412282,13.875843031711266,13.875843031711266,-2.420836259831522,-2.420836259831522,-2.420836259831522,-2.420836259831522,-2.420836259831522,-2.420836259831522,0.0,0.0,0.0,11.455006771879745
81,2024-01-10,13.876526063209225,6.713778881793224,14.660436845428869,13.876526063209225,13.876526063209225,-3.1214701476364413,-3.1214701476364413,-3.1214701476364413,-3.1214701476364413,-3.1214701476364413,-3.1214701476364413,0.0,0.0,0.0,10.755055915572783
82,2024-01-11,13.877209094707183,5.894130349717937,13.589279835856637,13.877209094707183,13.877209094707183,-3.992198808834145,-3.992198808834145,-3.992198808834145,-3.992198808834145,-3.992198808834145,-3.992198808834145,0.0,0.0,0.0,9.885010285873038
83,2024-01-12,13.87789212620514,4.761379438730081,13.149906315177732,13.87789212620514,13.87789212620514,-5.032197053900196,-5.032197053900196,-5.032197053900196,-5.032197053900196,-5.032197053900196,-5.032197053900196,0.0,0.0,0.0,8.845695072304943
84,2024-01-13,13.878575157703098,3.8472622606353823,11.547417447177983,13.878575157703098,13.878575157703098,-6.230079595309292,-6.230079595309292,-6.230079595309292,-6.230079595309292,-6.230079595309292,-6.230079595309292,0.0,0.0,0.0,7.648495562393807
85,2024-01-14,13.879258189201057,2.4739079340530736,10.138641675046143,13.879258189201057,13.879258189201057,-7.563868512757932,-7.563868512757932,-7.563868512757932,-7.563868512757932,-7.563868512757932,-7.563868512757932,0.0,0.0,0.0,6.315389676443124
86,2024-01-15,13.879941220699013,1.1734315674572675,8.920439899014818,13.879941220699013,13.879941220699013,-9.001343671189348,-9.001343671189348,-9.001343671189348,-9.001343671189348,-9.001343671189348,-9.001343671189348,0.0,0.0,0.0,4.878597549509665
87,2024-01-16,13.880624252196972,-0.7851901433213243,7.2745516012810265,13.880624252196972,13.880624252196972,-10.500770222422661,-10.500770222422661,-10.500770222422661,-10.500770222422661,-10.500770222422661,-10.500770222422661,0.0,0.0,0.0,3.379854029774311
88,2024-01-17,13.88130728369493,-2.020171954501466,5.764484274645166,13.88130728369493,13.88130728369493,-12.011985237494534,-12.011985237494534,-12.011985237494534,-12.011985237494534,-12.011985237494534,-12.011985237494534,0.0,0.0,0.0,1.8693220462003968
89,2024-01-18,13.881990315192887,-3.3844574656140893,4.428271818606996,13.881990315192887,13.881990315192887,-13.477813917582461,-13.477813917582461,-13.477813917582461,-13.477813917582461,-13.477813917582461,-13.477813917582461,0.0,0.0,0.0,0.404176397610426
90,2024-01-19,13.882673346690845,-4.794334247560163,3.017442293429437,13.882673346230845,13.882673346938248,-14.835775071683738,-14.835775071683738,-14.835775071683738,-14.835775071683738,-14.835775071683738,-14.835775071683738,0.0,0.0,0.0,-0.9531017249928926
91,2024-01-20,13.883356378188804,-6.419256967240456,1.624091471187543,13.883356376415685,13.88335637893445,-16.020025962660256,-16.020025962660256,-16.020025962660256,-16.020025962660256,-16.020025962660256,-16.020025962660256,0.0,0.0,0.0,-2.136669584471452
92,2024-01-21,13.88403940968676,-6.814516548204138,0.7437685899253416,13.88403940628284,13.884039411412836,-16.963488505704323,-16.963488505704323,-16.963488505704323,-16.963488505704323,-16.963488505704323,-16.963488505704323,0.0,0.0,0.0,-3.0794490960175622
93,2024-01-22,13.884722441184719,-7.673911848954494,0.3537044633478597,13.884722436878837,13.884722443762993,-17.600092410066196,-17.600092410066196,-17.600092410066196,-17.600092410066196,-17.600092410066196,-17.600092410066196,0.0,0.0,0.0,-3.715369968881477
94,2024-01-23,13.885405472682677,-8.05223446904451,-0.25039609451362993,13.885405467139975,13.88540547742005,-17.867066387248304,-17.867066387248304,-17.867066387248304,-17.867066387248304,-17.867066387248304,-17.867066387248304,0.0,0.0,0.0,-3.9816609145656265
95,2024-01-24,13.886088504180636,-7.533117076096076,-0.04556711368410798,13.886088496453988,13.886088510039515,-17.707206153082428,-17.707206153082428,-17.707206153082428,-17.707206153082428,-17.707206153082428,-17.707206153082428,0.0,0.0,0.0,-3.821117648901792
