,ds,trend,yhat_lower,yhat_upper,trend_lower,trend_upper,additive_terms,additive_terms_lower,additive_terms_upper,yearly,yearly_lower,yearly_upper,multiplicative_terms,multiplicative_terms_lower,multiplicative_terms_upper,yhat
0,2009-01-31,22.827151304347826,15.703980365607624,25.565464374999635,22.827151304347826,22.827151304347826,-1.9217663980184658,-1.9217663980184658,-1.9217663980184658,-1.9217663980184658,-1.9217663980184658,-1.9217663980184658,0.0,0.0,0.0,20.90538490632936
1,2009-02-28,22.787869252129212,19.347575305850082,29.039894528472363,22.787869252129212,22.787869252129212,1.3345862263905799,1.3345862263905799,1.3345862263905799,1.3345862263905799,1.3345862263905799,1.3345862263905799,0.0,0.0,0.0,24.122455478519793
2,2009-03-31,22.744378408601463,18.183311623609036,27.636857934089072,22.744378408601463,22.744378408601463,0.14874324978055808,0.14874324978055808,0.14874324978055808,0.14874324978055808,0.14874324978055808,0.14874324978055808,0.0,0.0,0.0,22.89312165838202
3,2009-04-30,22.702290495510095,17.369430179657197,26.722936893947864,22.702290495510095,22.702290495510095,-0.529458722525176,-0.529458722525176,-0.529458722525176,-0.529458722525176,-0.529458722525176,-0.529458722525176,0.0,0.0,0.0,22.172831772984917
4,2009-05-31,22.658799651982342,18.139467309956274,28.155409455088982,22.658799651982342,22.658799651982342,0.31336717464004143,0.31336717464004143,0.31336717464004143,0.31336717464004143,0.31336717464004143,0.31336717464004143,0.0,0.0,0.0,22.972166826622384
5,2009-06-30,22.616711738890974,17.418618269682884,27.776381231919203,22.616711738890974,22.616711738890974,-0.17101067507415627,-0.17101067507415627,-0.17101067507415627,-0.17101067507415627,-0.17101067507415627,-0.17101067507415627,0.0,0.0,0.0,22.445701063816816
6,2009-07-31,22.573220895363225,18.316121078021716,28.130154142038744,22.573220895363225,22.573220895363225,0.7724503805199078,0.7724503805199078,0.7724503805199078,0.7724503805199078,0.7724503805199078,0.7724503805199078,0.0,0.0,0.0,23.34567127588313
7,2009-08-31,22.52973004749529,18.494187826280196,28.320232858663317,22.52973004749529,22.52973004749529,0.9953245692785988,0.9953245692785988,0.9953245692785988,0.9953245692785988,0.9953245692785988,0.9953245692785988,0.0,0.0,0.0,23.525054616773886
8,2009-09-30,22.48764213020374,16.75690019265583,26.333506752759337,22.48764213020374,22.48764213020374,-0.9316960545845842,-0.9316960545845842,-0.9316960545845842,-0.9316960545845842,-0.9316960545845842,-0.9316960545845842,0.0,0.0,0.0,21.555946075619154
9,2009-10-31,22.444151282335806,18.634802702618572,28.138758935876677,22.444151282335806,22.444151282335806,0.9450290573296692,0.9450290573296692,0.9450290573296692,0.9450290573296692,0.9450290573296692,0.9450290573296692,0.0,0.0,0.0,23.389180339665476
10,2009-11-30,22.402063365044256,17.10717256268291,27.030768325907854,22.402063365044256,22.402063365044256,-0.03733109157262183,-0.03733109157262183,-0.03733109157262183,-0.03733109157262183,-0.03733109157262183,-0.03733109157262183,0.0,0.0,0.0,22.364732273471635
11,2009-12-31,22.358572517176324,16.608309431653907,26.415895130382232,22.358572517176324,22.358572517176324,-0.6853607196983794,-0.6853607196983794,-0.6853607196983794,-0.6853607196983794,-0.6853607196983794,-0.6853607196983794,0.0,0.0,0.0,21.673211797477943
12,2010-01-31,22.315081669350626,15.59289825127609,25.005526580589684,22.315081669350626,22.315081669350626,-1.9621739671035656,-1.9621739671035656,-1.9621739671035656,-1.9621739671035656,-1.9621739671035656,-1.9621739671035656,0.0,0.0,0.0,20.35290770224706
13,2010-02-28,22.275799613249994,18.97295466894224,28.28600484631174,22.275799613249994,22.275799613249994,1.352012211508428,1.352012211508428,1.352012211508428,1.352012211508428,1.352012211508428,1.352012211508428,0.0,0.0,0.0,23.62781182475842
14,2010-03-31,22.2323087654243,17.52331613620069,27.13865649897816,22.2323087654243,22.2323087654243,0.06705181816632434,0.06705181816632434,0.06705181816632434,0.06705181816632434,0.06705181816632434,0.06705181816632434,0.0,0.0,0.0,22.299360583590623
15,2010-04-30,22.19022084817363,16.775845613739946,26.567034176328,22.19022084817363,22.19022084817363,-0.4342837496997904,-0.4342837496997904,-0.4342837496997904,-0.4342837496997904,-0.4342837496997904,-0.4342837496997904,0.0,0.0,0.0,21.75593709847384
16,2010-05-31,22.14673000034793,17.64902173133403,27.560378915525266,22.14673000034793,22.14673000034793,0.3020105884000792,0.3020105884000792,0.3020105884000792,0.3020105884000792,0.3020105884000792,0.3020105884000792,0.0,0.0,0.0,22.44874058874801
17,2010-06-30,22.10464208309726,17.037888801990885,26.774489854013442,22.10464208309726,22.10464208309726,-0.1946038129743995,-0.1946038129743995,-0.1946038129743995,-0.1946038129743995,-0.1946038129743995,-0.1946038129743995,0.0,0.0,0.0,21.91003827012286
18,2010-07-31,22.061151235624102,18.314902117686827,27.780323229945438,22.061151235624102,22.061151235624102,0.7639690687658226,0.7639690687658226,0.7639690687658226,0.7639690687658226,0.7639690687658226,0.7639690687658226,0.0,0.0,0.0,22.825120304389923
19,2010-08-31,22.017660388150947,18.09958935810738,27.76738493476843,22.017660388150947,22.017660388150947,0.9849314703914145,0.9849314703914145,0.9849314703914145,0.9849314703914145,0.9849314703914145,0.9849314703914145,0.0,0.0,0.0,23.002591858542363
20,2010-09-30,21.975572471241442,16.089011727615567,26.14840601104839,21.975572471241442,21.975572471241442,-0.8997530237739894,-0.8997530237739894,-0.8997530237739894,-0.8997530237739894,-0.8997530237739894,-0.8997530237739894,0.0,0.0,0.0,21.075819447467453
21,2010-10-31,21.932081623768287,17.92374180522539,27.855202922164267,21.932081623768287,21.932081623768287,0.9591193803234028,0.9591193803234028,0.9591193803234028,0.9591193803234028,0.9591193803234028,0.9591193803234028,0.0,0.0,0.0,22.89120100409169
22,2010-11-30,21.889993706858785,16.937683808171375,26.953116973901697,21.889993706858785,21.889993706858785,-0.09294899177110609,-0.09294899177110609,-0.09294899177110609,-0.09294899177110609,-0.09294899177110609,-0.09294899177110609,0.0,0.0,0.0,21.79704471508768
23,2010-12-31,21.846502859385627,16.456780729145997,25.98793970054606,21.846502859385627,21.846502859385627,-0.6136110258913063,-0.6136110258913063,-0.6136110258913063,-0.6136110258913063,-0.6136110258913063,-0.6136110258913063,0.0,0.0,0.0,21.23289183349432
24,2011-01-31,21.80301201117059,15.12601461996302,24.706518649837754,21.80301201117059,21.80301201117059,-2.002325167649768,-2.002325167649768,-2.002325167649768,-2.002325167649768,-2.002325167649768,-2.002325167649768,0.0,0.0,0.0,19.800686843520822
25,2011-02-28,21.763729954718293,18.52845648020875,28.065288539309318,21.763729954718293,21.763729954718293,1.3680516051628295,1.3680516051628295,1.3680516051628295,1.3680516051628295,1.3680516051628295,1.3680516051628295,0.0,0.0,0.0,23.131781559881123
26,2011-03-31,21.720239106503257,17.456160445469038,26.534897453790027,21.720239106503257,21.720239106503257,-0.013577706732646024,-0.013577706732646024,-0.013577706732646024,-0.013577706732646024,-0.013577706732646024,-0.013577706732646024,0.0,0.0,0.0,21.70666139977061
27,2011-04-30,21.6781511888758,16.207803709105782,25.80259497935086,21.6781511888758,21.6781511888758,-0.3381288790536748,-0.3381288790536748,-0.3381288790536748,-0.3381288790536748,-0.3381288790536748,-0.3381288790536748,0.0,0.0,0.0,21.340022309822125
28,2011-05-31,21.634660340660762,17.15668989166721,26.88975573159036,21.634660340660762,21.634660340660762,0.2890972624567648,0.2890972624567648,0.2890972624567648,0.2890972624567648,0.2890972624567648,0.2890972624567648,0.0,0.0,0.0,21.923757603117526
29,2011-06-30,21.592572423033303,16.540034640524897,26.483601311789144,21.592572423033303,21.592572423033303,-0.21819188702696468,-0.21819188702696468,-0.21819188702696468,-0.21819188702696468,-0.21819188702696468,-0.21819188702696468,0.0,0.0,0.0,21.37438053600634
30,2011-07-31,21.54908159344668,17.499990623222672,27.292942055338926,21.54908159344668,21.54908159344668,0.755558022323245,0.755558022323245,0.755558022323245,0.755558022323245,0.755558022323245,0.755558022323245,0.0,0.0,0.0,22.304639615769926
31,2011-08-31,21.505590763860056,17.691312899599357,27.896074873187068,21.505590763860056,21.505590763860056,0.9747949285325515,0.9747949285325515,0.9747949285325515,0.9747949285325515,0.9747949285325515,0.9747949285325515,0.0,0.0,0.0,22.48038569239261
32,2011-09-30,21.463502864260096,15.71492839249256,25.188411015405137,21.463502864260096,21.463502864260096,-0.8669120261864465,-0.8669120261864465,-0.8669120261864465,-0.8669120261864465,-0.8669120261864465,-0.8669120261864465,0.0,0.0,0.0,20.59659083807365
33,2011-10-31,21.420012034673476,17.61994279693323,27.13576723877857,21.420012034673476,21.420012034673476,0.9717793661783716,0.9717793661783716,0.9717793661783716,0.9717793661783716,0.9717793661783716,0.9717793661783716,0.0,0.0,0.0,22.391791400851847
34,2011-11-30,21.377924135073517,16.32966188968402,26.310587883836433,21.377924135073517,21.377924135073517,-0.14797548770808364,-0.14797548770808364,-0.14797548770808364,-0.14797548770808364,-0.14797548770808364,-0.14797548770808364,0.0,0.0,0.0,21.229948647365433
35,2011-12-31,21.334434443129823,15.86227808581156,25.807092345258052,21.334434443129823,21.334434443129823,-0.5416797641908137,-0.5416797641908137,-0.5416797641908137,-0.5416797641908137,-0.5416797641908137,-0.5416797641908137,0.0,0.0,0.0,20.79275467893901
36,2012-01-31,21.29094475118614,14.206745571658555,24.259257650552154,21.29094475118614,21.29094475118614,-2.042209965086908,-2.042209965086908,-2.042209965086908,-2.042209965086908,-2.042209965086908,-2.042209965086908,0.0,0.0,0.0,19.24873478609923
37,2012-02-29,21.250260845819458,17.57455916373535,27.383302914050283,21.250260845819458,21.250260845819458,1.3157782292698084,1.3157782292698084,1.3157782292698084,1.3157782292698084,1.3157782292698084,1.3157782292698084,0.0,0.0,0.0,22.566039075089265
38,2012-03-31,21.206771153875767,16.582511741283543,26.360394406574084,21.206771153875767,21.206771153875767,0.2314191427283031,0.2314191427283031,0.2314191427283031,0.2314191427283031,0.2314191427283031,0.2314191427283031,0.0,0.0,0.0,21.43819029660407
39,2012-04-30,21.164684355220587,15.610782206568429,25.17853772652967,21.164684355220587,21.164684355220587,-0.6235649571713352,-0.6235649571713352,-0.6235649571713352,-0.6235649571713352,-0.6235649571713352,-0.6235649571713352,0.0,0.0,0.0,20.54111939804925
40,2012-05-31,21.121194663276892,16.64282068938109,26.24530053108345,21.121194663276892,21.121194663276892,0.3231759680527221,0.3231759680527221,0.3231759680527221,0.3231759680527221,0.3231759680527221,0.3231759680527221,0.0,0.0,0.0,21.444370631329615
41,2012-06-30,21.079108044708168,15.967942447450701,25.55799455300313,21.079108044708168,21.079108044708168,-0.14744206078143593,-0.14744206078143593,-0.14744206078143593,-0.14744206078143593,-0.14744206078143593,-0.14744206078143593,0.0,0.0,0.0,20.93166598392673
42,2012-07-31,21.035618538853814,16.877514203552796,26.587871880122073,21.035618538853814,21.035618538853814,0.780988138698317,0.780988138698317,0.780988138698317,0.780988138698317,0.780988138698317,0.780988138698317,0.0,0.0,0.0,21.81660667755213
43,2012-08-31,20.99212903299946,16.905666049867648,26.813814649766,20.99212903299946,20.99212903299946,1.0059566645822096,1.0059566645822096,1.0059566645822096,1.0059566645822096,1.0059566645822096,1.0059566645822096,0.0,0.0,0.0,21.998085697581672
44,2012-09-30,20.950042414430737,15.157592947496658,24.780323712020245,20.950042414430737,20.950042414430737,-0.9627039075386968,-0.9627039075386968,-0.9627039075386968,-0.9627039075386968,-0.9627039075386968,-0.9627039075386968,0.0,0.0,0.0,19.98733850689204
45,2012-10-31,20.906552908576383,17.220855032738502,26.656879243024378,20.906552908576383,20.906552908576383,0.9295250506759662,0.9295250506759662,0.9295250506759662,0.9295250506759662,0.9295250506759662,0.9295250506759662,0.0,0.0,0.0,21.83607795925235
46,2012-11-30,20.86446629000766,15.96173998286645,25.718542788162512,20.86446629000766,20.86446629000766,0.018825806044472513,0.018825806044472513,0.018825806044472513,0.018825806044472513,0.018825806044472513,0.018825806044472513,0.0,0.0,0.0,20.88329209605213
47,2012-12-31,20.82150321660643,15.42415650042627,24.994165160938845,20.82150321660643,20.82150321660643,-0.7568831142807344,-0.7568831142807344,-0.7568831142807344,-0.7568831142807344,-0.7568831142807344,-0.7568831142807344,0.0,0.0,0.0,20.064620102325698
48,2013-01-31,20.778540143205205,14.0444213498102,23.66645511491452,20.778540143205205,20.778540143205205,-1.9217663980187403,-1.9217663980187403,-1.9217663980187403,-1.9217663980187403,-1.9217663980187403,-1.9217663980187403,0.0,0.0,0.0,18.856773745186466
49,2013-02-28,20.73973478658474,17.26705789450733,26.850891345401575,20.73973478658474,20.73973478658474,1.3345862263904515,1.3345862263904515,1.3345862263904515,1.3345862263904515,1.3345862263904515,1.3345862263904515,0.0,0.0,0.0,22.074321012975194
50,2013-03-31,20.696771713183512,16.000592921965765,25.98285517153841,20.696771713183512,20.696771713183512,0.14874324978063355,0.14874324978063355,0.14874324978063355,0.14874324978063355,0.14874324978063355,0.14874324978063355,0.0,0.0,0.0,20.845514962964145
51,2013-04-30,20.65519454537587,15.195531460500472,24.797418755436865,20.65519454537587,20.65519454537587,-0.529458722524778,-0.529458722524778,-0.529458722524778,-0.529458722524778,-0.529458722524778,-0.529458722524778,0.0,0.0,0.0,20.12573582285109
52,2013-05-31,20.612644198998215,16.11589843950464,25.80467497951768,20.612644198998215,20.612644198998215,0.3133671746401266,0.3133671746401266,0.3133671746401266,0.3133671746401266,0.3133671746401266,0.3133671746401266,0.0,0.0,0.0,20.926011373638342
53,2013-06-30,20.571466444439192,15.773621459659413,25.19563127473584,20.571466444439192,20.571466444439192,-0.17101067507413664,-0.17101067507413664,-0.17101067507413664,-0.17101067507413664,-0.17101067507413664,-0.17101067507413664,0.0,0.0,0.0,20.400455769365056
54,2013-07-31,20.528916098061536,16.339377079773666,26.169867071627383,20.528916098061536,20.528916098061536,0.7724503805195979,0.7724503805195979,0.7724503805195979,0.7724503805195979,0.7724503805195979,0.7724503805195979,0.0,0.0,0.0,21.301366478581134
55,2013-08-31,20.48636575168388,16.461033606245,26.54562590617138,20.48636575168388,20.48636575168388,0.9953245692790582,0.9953245692790582,0.9953245692790582,0.9953245692790582,0.9953245692790582,0.9953245692790582,0.0,0.0,0.0,21.48169032096294
56,2013-09-30,20.445187997124858,14.641483133280136,24.23447166381981,20.445187997124858,20.445187997124858,-0.9316960545847862,-0.9316960545847862,-0.9316960545847862,-0.9316960545847862,-0.9316960545847862,-0.9316960545847862,0.0,0.0,0.0,19.51349194254007
57,2013-10-31,20.402637650747202,16.68010353295929,26.41026931288018,20.402637650747202,20.402637650747202,0.9450290573293973,0.9450290573293973,0.9450290573293973,0.9450290573293973,0.9450290573293973,0.9450290573293973,0.0,0.0,0.0,21.3476667080766
58,2013-11-30,20.36172810895149,15.550740789244081,25.15507433166213,20.36172810895149,20.36172810895149,-0.037331091572683654,-0.037331091572683654,-0.037331091572683654,-0.037331091572683654,-0.037331091572683654,-0.037331091572683654,0.0,0.0,0.0,20.324397017378807
59,2013-12-31,20.319454915762584,14.968415045695876,24.252259237745175,20.319454915762584,20.319454915762584,-0.6853607196981533,-0.6853607196981533,-0.6853607196981533,-0.6853607196981533,-0.6853607196981533,-0.6853607196981533,0.0,0.0,0.0,19.63409419606443
60,2014-01-31,20.27718172257368,13.247103871696638,23.272027117450722,20.27718172257368,20.27718172257368,-1.962173967103111,-1.962173967103111,-1.962173967103111,-1.962173967103111,-1.962173967103111,-1.962173967103111,0.0,0.0,0.0,18.315007755470567
61,2014-02-28,20.238999483564346,16.91077496417406,26.321998663401494,20.238999483564346,20.238999483564346,1.3520122115084232,1.3520122115084232,1.3520122115084232,1.3520122115084232,1.3520122115084232,1.3520122115084232,0.0,0.0,0.0,21.59101169507277
62,2014-03-31,20.196726290375445,15.600848879879184,25.31712003154478,20.196726290375445,20.196726290375445,0.06705181816617023,0.06705181816617023,0.06705181816617023,0.06705181816617023,0.06705181816617023,0.06705181816617023,0.0,0.0,0.0,20.263778108541615
63,2014-04-30,20.15581674857973,14.904549154762083,24.448621406060504,20.15581674857973,20.15581674857973,-0.4342837496993833,-0.4342837496993833,-0.4342837496993833,-0.4342837496993833,-0.4342837496993833,-0.4342837496993833,0.0,0.0,0.0,19.72153299888035
64,2014-05-31,20.114481612337368,15.72260676335441,25.500161367070014,20.114481612337368,20.114481612337368,0.30201058840002626,0.30201058840002626,0.30201058840002626,0.30201058840002626,0.30201058840002626,0.30201058840002626,0.0,0.0,0.0,20.416492200737395
65,2014-06-30,20.0744798675867,15.0396168274523,24.967334843133063,20.0744798675867,20.0744798675867,-0.19460381297427545,-0.19460381297427545,-0.19460381297427545,-0.19460381297427545,-0.19460381297427545,-0.19460381297427545,0.0,0.0,0.0,19.879876054612424
66,2014-07-31,20.033144731344336,15.793803995079031,25.512075812854217,20.033144731344336,20.033144731344336,0.7639690687657722,0.7639690687657722,0.7639690687657722,0.7639690687657722,0.7639690687657722,0.7639690687657722,0.0,0.0,0.0,20.797113800110107
67,2014-08-31,19.991809595101977,16.035742864102446,26.176007301155522,19.991809595101977,19.991809595101977,0.9849314703913177,0.9849314703913177,0.9849314703913177,0.9849314703913177,0.9849314703913177,0.9849314703913177,0.0,0.0,0.0,20.976741065493293
68,2014-09-30,19.951807850351308,14.451395915613027,24.04143230881965,19.951807850351308,19.951807850351308,-0.8997530237741875,-0.8997530237741875,-0.8997530237741875,-0.8997530237741875,-0.8997530237741875,-0.8997530237741875,0.0,0.0,0.0,19.05205482657712
69,2014-10-31,19.91047271410895,15.886115840210827,25.73011134632783,19.91047271410895,19.91047271410895,0.9591193803235172,0.9591193803235172,0.9591193803235172,0.9591193803235172,0.9591193803235172,0.9591193803235172,0.0,0.0,0.0,20.869592094432466
70,2014-11-30,19.871377651967773,14.751470453688743,24.565088668462458,19.871377651967773,19.871377651967773,-0.09294899177116658,-0.09294899177116658,-0.09294899177116658,-0.09294899177116658,-0.09294899177116658,-0.09294899177116658,0.0,0.0,0.0,19.778428660196607
71,2014-12-31,19.830979421088557,14.674307823294793,24.089715305371243,19.830979421088557,19.830979421088557,-0.613611025891218,-0.613611025891218,-0.613611025891218,-0.613611025891218,-0.613611025891218,-0.613611025891218,0.0,0.0,0.0,19.21736839519734
72,2015-01-31,19.790581190209338,13.024795421356787,22.550660709767723,19.790581190209338,19.790581190209338,-2.0023251676496203,-2.0023251676496203,-2.0023251676496203,-2.0023251676496203,-2.0023251676496203,-2.0023251676496203,0.0,0.0,0.0,17.788256022559718
73,2015-02-28,19.75409246554424,16.141539130761327,26.073451436273388,19.75409246554424,19.75409246554424,1.3680516051627691,1.3680516051627691,1.3680516051627691,1.3680516051627691,1.3680516051627691,1.3680516051627691,0.0,0.0,0.0,21.12214407070701
74,2015-03-31,19.713694234665024,14.978312453837239,24.63902589073353,19.713694234665024,19.713694234665024,-0.013577706732320838,-0.013577706732320838,-0.013577706732320838,-0.013577706732320838,-0.013577706732320838,-0.013577706732320838,0.0,0.0,0.0,19.700116527932703
75,2015-04-30,19.675470154766966,14.260625705722553,24.297174348286937,19.675470154766966,19.675470154766966,-0.3381288790539568,-0.3381288790539568,-0.3381288790539568,-0.3381288790539568,-0.3381288790539568,-0.3381288790539568,0.0,0.0,0.0,19.33734127571301
76,2015-05-31,19.635971938872302,15.067794497713441,24.99820447283632,19.635971938872302,19.635971938872302,0.2890972624567702,0.2890972624567702,0.2890972624567702,0.2890972624567702,0.2890972624567702,0.2890972624567702,0.0,0.0,0.0,19.925069201329073
77,2015-06-30,19.597747858974245,14.518586717454117,24.59486117068161,19.597747858974245,19.597747858974245,-0.21819188702701497,-0.21819188702701497,-0.21819188702701497,-0.21819188702701497,-0.21819188702701497,-0.21819188702701497,0.0,0.0,0.0,19.37955597194723
78,2015-07-31,19.55824964307958,15.545446322693522,25.389732440492995,19.55824964307958,19.55824964307958,0.755558022323105,0.755558022323105,0.755558022323105,0.755558022323105,0.755558022323105,0.755558022323105,0.0,0.0,0.0,20.313807665402685
79,2015-08-31,19.51875142718492,15.362962932608125,25.182347622258554,19.51875142718492,19.51875142718492,0.9747949285325013,0.9747949285325013,0.9747949285325013,0.9747949285325013,0.9747949285325013,0.9747949285325013,0.0,0.0,0.0,20.49354635571742
80,2015-09-30,19.480527347286856,13.905379292507163,23.449372649909158,19.480527347286856,19.480527347286856,-0.8669120261864439,-0.8669120261864439,-0.8669120261864439,-0.8669120261864439,-0.8669120261864439,-0.8669120261864439,0.0,0.0,0.0,18.61361532110041
81,2015-10-31,19.441795333787134,15.62000040461337,25.146117368632265,19.441795333787134,19.441795333787134,0.9717793661784795,0.9717793661784795,0.9717793661784795,0.9717793661784795,0.9717793661784795,0.9717793661784795,0.0,0.0,0.0,20.413574699965615
82,2015-11-30,19.40431274007772,14.684965975557425,24.08517389216144,19.40431274007772,19.40431274007772,-0.1479754877081446,-0.1479754877081446,-0.1479754877081446,-0.1479754877081446,-0.1479754877081446,-0.1479754877081446,0.0,0.0,0.0,19.256337252369576
83,2015-12-31,19.365580726577992,13.917625221257587,23.54898104342894,19.365580726577992,19.365580726577992,-0.5416797641903687,-0.5416797641903687,-0.5416797641903687,-0.5416797641903687,-0.5416797641903687,-0.5416797641903687,0.0,0.0,0.0,18.823900962387622
84,2016-01-31,19.326848713078267,12.412147994025458,22.14884367318576,19.326848713078267,19.326848713078267,-2.0422099650866516,-2.0422099650866516,-2.0422099650866516,-2.0422099650866516,-2.0422099650866516,-2.0422099650866516,0.0,0.0,0.0,17.284638747991615
85,2016-02-29,19.29061553915917,16.05246965630878,25.57590506256998,19.29061553915917,19.29061553915917,1.3157782292697389,1.3157782292697389,1.3157782292697389,1.3157782292697389,1.3157782292697389,1.3157782292697389,0.0,0.0,0.0,20.60639376842891
86,2016-03-31,19.251883525659444,14.508385276882027,24.33890014821778,19.251883525659444,19.251883525659444,0.23141914272807815,0.23141914272807815,0.23141914272807815,0.23141914272807815,0.23141914272807815,0.23141914272807815,0.0,0.0,0.0,19.483302668387523
87,2016-04-30,19.21714375450094,13.813920626020497,23.702411472347222,19.21714375450094,19.21714375450094,-0.6235649571715361,-0.6235649571715361,-0.6235649571715361,-0.6235649571715361,-0.6235649571715361,-0.6235649571715361,0.0,0.0,0.0,18.593578797329403
88,2016-05-31,19.181245990970485,14.53143739113091,24.249115120474496,19.181245990970485,19.181245990970485,0.32317596805249993,0.32317596805249993,0.32317596805249993,0.32317596805249993,0.32317596805249993,0.32317596805249993,0.0,0.0,0.0,19.504421959022984
89,2016-06-30,19.14650621981198,14.486505293364486,23.733854619112645,19.14650621981198,19.14650621981198,-0.14744206078141547,-0.14744206078141547,-0.14744206078141547,-0.14744206078141547,-0.14744206078141547,-0.14744206078141547,0.0,0.0,0.0,18.999064159030564
90,2016-07-31,19.110608456281522,14.997984115374758,24.533685655657965,19.110608456281522,19.110608456281522,0.7809881386980677,0.7809881386980677,0.7809881386980677,0.7809881386980677,0.7809881386980677,0.7809881386980677,0.0,0.0,0.0,19.89159659497959
91,2016-08-31,19.074710692751065,15.296403536667741,24.699301263733716,19.074710692751065,19.074710692751065,1.005956664582282,1.005956664582282,1.005956664582282,1.005956664582282,1.005956664582282,1.005956664582282,0.0,0.0,0.0,20.080667357333347
92,2016-09-30,19.03997092159256,13.01205383561954,22.75548070755075,19.03997092159256,19.03997092159256,-0.9627039075384985,-0.9627039075384985,-0.9627039075384985,-0.9627039075384985,-0.9627039075384985,-0.9627039075384985,0.0,0.0,0.0,18.077267014054062
93,2016-10-31,19.01042758592267,14.86179271746392,24.984436168544427,19.01042758592267,19.01042758592267,0.9295250506762921,0.9295250506762921,0.9295250506762921,0.9295250506762921,0.9295250506762921,0.9295250506762921,0.0,0.0,0.0,19.939952636598964
94,2016-11-30,18.981837261080845,14.141735250490136,23.867182761887147,18.981837261080845,18.981837261080845,0.01882580604427777,0.01882580604427777,0.01882580604427777,0.01882580604427777,0.01882580604427777,0.01882580604427777,0.0,0.0,0.0,19.00066306712512
95,2016-12-31,18.95229392541096,13.16670229150576,22.902549367482877,18.95229392541096,18.95229392541096,-0.7568831142812363,-0.7568831142812363,-0.7568831142812363,-0.7568831142812363,-0.7568831142812363,-0.7568831142812363,0.0,0.0,0.0,18.195410811129722
96,2017-01-31,18.92275058974107,12.057992697129052,22.01601391606935,18.92275058974107,18.92275058974107,-1.9217663980188329,-1.9217663980188329,-1.9217663980188329,-1.9217663980188329,-1.9217663980188329,-1.9217663980188329,0.0,0.0,0.0,17.00098419172224
97,2017-02-28,18.896066286555367,15.309909071179229,25.174197473776037,18.896066286555367,18.896066286555367,1.3345862263906871,1.3345862263906871,1.3345862263906871,1.3345862263906871,1.3345862263906871,1.3345862263906871,0.0,0.0,0.0,20.230652512946055
98,2017-03-31,18.874553761827283,14.230753994532549,24.127018548318627,18.874553761827283,18.874553761827283,0.14874324978047174,0.14874324978047174,0.14874324978047174,0.14874324978047174,0.14874324978047174,0.14874324978047174,0.0,0.0,0.0,19.023297011607756
99,2017-04-30,18.85373518950978,13.312417733799847,23.24085065534105,18.85373518950978,18.85373518950978,-0.5294587225246636,-0.5294587225246636,-0.5294587225246636,-0.5294587225246636,-0.5294587225246636,-0.5294587225246636,0.0,0.0,0.0,18.32427646698512
100,2017-05-31,18.832222664781696,14.016369283061458,23.89469312062773,18.832222664781696,18.832222664781696,0.31336717463990565,0.31336717463990565,0.31336717463990565,0.31336717463990565,0.31336717463990565,0.31336717463990565,0.0,0.0,0.0,19.145589839421604
101,2017-06-30,18.811404092464194,14.088446857425682,23.756837758209343,18.811404092464194,18.811404092464194,-0.17101067507402817,-0.17101067507402817,-0.17101067507402817,-0.17101067507402817,-0.17101067507402817,-0.17101067507402817,0.0,0.0,0.0,18.640393417390165
102,2017-07-31,18.789891567736113,15.053858318666531,24.70329121851285,18.789891567736113,18.789891567736113,0.7724503805195913,0.7724503805195913,0.7724503805195913,0.7724503805195913,0.7724503805195913,0.7724503805195913,0.0,0.0,0.0,19.562341948255703
103,2017-08-31,18.768379043008025,15.173447886882808,24.86438428141295,18.768379043008025,18.768379043008025,0.9953245692793626,0.9953245692793626,0.9953245692793626,0.9953245692793626,0.9953245692793626,0.9953245692793626,0.0,0.0,0.0,19.763703612287387
104,2017-09-30,18.756410467864878,13.02680726717673,22.77101595535427,18.756410467864878,18.756410467864878,-0.9316960545843268,-0.9316960545843268,-0.9316960545843268,-0.9316960545843268,-0.9316960545843268,-0.9316960545843268,0.0,0.0,0.0,17.824714413280553
105,2017-10-31,18.744042940216957,14.811569863725952,24.307007387158414,18.744042940216957,18.744042940216957,0.9450290573295642,0.9450290573295642,0.9450290573295642,0.9450290573295642,0.9450290573295642,0.9450290573295642,0.0,0.0,0.0,19.68907199754652
106,2017-11-30,18.732074365073807,14.205769775370218,23.484617904831353,18.732074365073807,18.732074365073807,-0.0373310915727394,-0.0373310915727394,-0.0373310915727394,-0.0373310915727394,-0.0373310915727394,-0.0373310915727394,0.0,0.0,0.0,18.694743273501068
107,2017-12-31,18.71970683742589,12.83856433743525,22.78253442883053,18.71970683742589,18.71970683742589,-0.6853607196982956,-0.6853607196982956,-0.6853607196982956,-0.6853607196982956,-0.6853607196982956,-0.6853607196982956,0.0,0.0,0.0,18.034346117727594
108,2018-01-31,18.707339309777968,12.03859639767593,22.067237789242096,18.707339309777968,18.707339309777968,-1.9621739671034275,-1.9621739671034275,-1.9621739671034275,-1.9621739671034275,-1.9621739671034275,-1.9621739671034275,0.0,0.0,0.0,16.74516534267454
109,2018-02-28,18.696168639644362,15.181192249002585,24.85670563422694,18.696168639644362,18.696168639644362,1.3520122115083661,1.3520122115083661,1.3520122115083661,1.3520122115083661,1.3520122115083661,1.3520122115083661,0.0,0.0,0.0,20.04818085115273
110,2018-03-31,18.693390321277978,13.786112202015163,23.798513172477342,18.693390321277978,18.693390321277978,0.06705181816647428,0.06705181816647428,0.06705181816647428,0.06705181816647428,0.06705181816647428,0.06705181816647428,0.0,0.0,0.0,18.76044213944445
111,2018-04-30,18.690701626084703,13.596390646250528,22.89699863439868,18.690701626084703,18.690701626084703,-0.43428374970002925,-0.43428374970002925,-0.43428374970002925,-0.43428374970002925,-0.43428374970002925,-0.43428374970002925,0.0,0.0,0.0,18.256417876384674
112,2018-05-31,18.687923307718314,13.93023528447311,23.59020793721303,18.687923307718314,18.687923307718314,0.30201058839994116,0.30201058839994116,0.30201058839994116,0.30201058839994116,0.30201058839994116,0.30201058839994116,0.0,0.0,0.0,18.989933896118256
113,2018-06-30,18.68523461252504,13.629681075135293,23.43723542083721,18.68523461252504,18.68523461252504,-0.19460381297413992,-0.19460381297413992,-0.19460381297413992,-0.19460381297413992,-0.19460381297413992,-0.19460381297413992,0.0,0.0,0.0,18.4906307995509
114,2018-07-31,18.682456294158655,14.129076156876586,24.06015789972266,18.682456294158655,18.682456294158655,0.763969068765664,0.763969068765664,0.763969068765664,0.763969068765664,0.763969068765664,0.763969068765664,0.0,0.0,0.0,19.44642536292432
115,2018-08-31,18.688661213946496,15.159149423080382,24.58906574547827,18.688661213946496,18.688661213946496,0.9849314703907609,0.9849314703907609,0.9849314703907609,0.9849314703907609,0.9849314703907609,0.9849314703907609,0.0,0.0,0.0,19.673592684337258
116,2018-09-30,18.69466597503151,12.991960388695782,22.462014521183864,18.69466597503151,18.69466597503151,-0.899753023774203,-0.899753023774203,-0.899753023774203,-0.899753023774203,-0.899753023774203,-0.899753023774203,0.0,0.0,0.0,17.794912951257306
117,2018-10-31,18.700870894819353,14.782994500921827,24.354986544357974,18.700870894819353,18.700870894819353,0.9591193803235034,0.9591193803235034,0.9591193803235034,0.9591193803235034,0.9591193803235034,0.9591193803235034,0.0,0.0,0.0,19.659990275142857
118,2018-11-30,18.706875655904362,13.715082035540311,23.715044371461428,18.706875655904362,18.706875655904362,-0.09294899177120658,-0.09294899177120658,-0.09294899177120658,-0.09294899177120658,-0.09294899177120658,-0.09294899177120658,0.0,0.0,0.0,18.613926664133157
119,2018-12-31,18.713080575692207,13.423467849639598,22.970749797403702,18.713080575692207,18.713080575692207,-0.613611025891436,-0.613611025891436,-0.613611025891436,-0.613611025891436,-0.613611025891436,-0.613611025891436,0.0,0.0,0.0,18.09946954980077
120,2019-01-31,18.71928549548005,12.11279616632742,21.426800085396202,18.71928549548005,18.71928549548005,-2.0023251676499845,-2.0023251676499845,-2.0023251676499845,-2.0023251676499845,-2.0023251676499845,-2.0023251676499845,0.0,0.0,0.0,16.716960327830066
121,2019-02-28,18.731796298948986,15.410118884664646,24.624780228270957,18.731796298948986,18.731796298948986,1.3680516051628944,1.3680516051628944,1.3680516051628944,1.3680516051628944,1.3680516051628944,1.3680516051628944,0.0,0.0,0.0,20.09984790411188
122,2019-03-31,18.74564754564674,13.852283958237665,23.64848564107402,18.74564754564674,18.74564754564674,-0.013577706731817891,-0.013577706731817891,-0.013577706731817891,-0.013577706731817891,-0.013577706731817891,-0.013577706731817891,0.0,0.0,0.0,18.73206983891492
123,2019-04-30,18.759051977934885,13.715154546791855,23.466475817767996,18.759051977934885,18.759051977934885,-0.33812887905389527,-0.33812887905389527,-0.33812887905389527,-0.33812887905389527,-0.33812887905389527,-0.33812887905389527,0.0,0.0,0.0,18.42092309888099
124,2019-05-31,18.772903224632635,14.110045478472523,24.148539961550096,18.772903224632635,18.772903224632635,0.28909726245678935,0.28909726245678935,0.28909726245678935,0.28909726245678935,0.28909726245678935,0.28909726245678935,0.0,0.0,0.0,19.062000487089424
125,2019-06-30,18.78630765692078,13.728486805981289,23.214707178749222,18.78630765692078,18.78630765692078,-0.21819188702689993,-0.21819188702689993,-0.21819188702689993,-0.21819188702689993,-0.21819188702689993,-0.21819188702689993,0.0,0.0,0.0,18.56811576989388
126,2019-07-31,18.80015890361853,14.712921073907415,24.48918804710969,18.80015890361853,18.80015890361853,0.7555580223228989,0.7555580223228989,0.7555580223228989,0.7555580223228989,0.7555580223228989,0.7555580223228989,0.0,0.0,0.0,19.55571692594143
127,2019-08-31,18.819239506889105,14.925444911148245,24.55810060002674,18.819239506889105,18.819239506889105,0.9747949285325106,0.9747949285325106,0.9747949285325106,0.9747949285325106,0.9747949285325106,0.9747949285325106,0.0,0.0,0.0,19.794034435421615
128,2019-09-30,18.83770460682837,13.075756283228243,22.69738567215719,18.83770460682837,18.83770460682837,-0.8669120261861472,-0.8669120261861472,-0.8669120261861472,-0.8669120261861472,-0.8669120261861472,-0.8669120261861472,0.0,0.0,0.0,17.970792580642225
129,2019-10-31,18.856785210098945,14.747515320458366,24.537002192435303,18.856785210098945,18.856785210098945,0.9717793661784689,0.9717793661784689,0.9717793661784689,0.9717793661784689,0.9717793661784689,0.9717793661784689,0.0,0.0,0.0,19.828564576277415
130,2019-11-30,18.87525031003821,14.254828574335312,23.7802892570053,18.87525031003821,18.87525031003821,-0.14797548770806312,-0.14797548770806312,-0.14797548770806312,-0.14797548770806312,-0.14797548770806312,-0.14797548770806312,0.0,0.0,0.0,18.72727482233015
131,2019-12-31,18.894330913308785,13.234904958993003,22.84341673918084,18.894330913308785,18.894330913308785,-0.5416797641904153,-0.5416797641904153,-0.5416797641904153,-0.5416797641904153,-0.5416797641904153,-0.5416797641904153,0.0,0.0,0.0,18.35265114911837
132,2020-01-31,18.913411516579362,12.139395746970958,21.757146175358116,18.913411516579362,18.913411516579362,-2.042209965087013,-2.042209965087013,-2.042209965087013,-2.042209965087013,-2.042209965087013,-2.042209965087013,0.0,0.0,0.0,16.871201551492348
133,2020-02-29,18.933642181218385,15.615971221440585,25.375778762333034,18.933642181218385,18.933642181218385,1.3157782292700886,1.3157782292700886,1.3157782292700886,1.3157782292700886,1.3157782292700886,1.3157782292700886,0.0,0.0,0.0,20.249420410488472
134,2020-03-31,18.955268064108378,13.98764607304467,23.689065903459184,18.955268064108378,18.955268064108378,0.23141914272780348,0.23141914272780348,0.23141914272780348,0.23141914272780348,0.23141914272780348,0.23141914272780348,0.0,0.0,0.0,19.18668720683618
135,2020-04-30,18.976196337872885,13.882222113817024,23.4115861263176,18.976196337872885,18.976196337872885,-0.6235649571717314,-0.6235649571717314,-0.6235649571717314,-0.6235649571717314,-0.6235649571717314,-0.6235649571717314,0.0,0.0,0.0,18.352631380701155
136,2020-05-31,18.99782222076287,14.466258305326868,24.569924562237507,18.99782222076287,18.99782222076287,0.32317596805234916,0.32317596805234916,0.32317596805234916,0.32317596805234916,0.32317596805234916,0.32317596805234916,0.0,0.0,0.0,19.32099818881522
137,2020-06-30,19.01875049452738,14.068176309015277,24.004372092581814,19.01875049452738,19.01875049452738,-0.14744206078155186,-0.14744206078155186,-0.14744206078155186,-0.14744206078155186,-0.14744206078155186,-0.14744206078155186,0.0,0.0,0.0,18.87130843374583
138,2020-07-31,19.040376569014686,14.74372422563456,24.4312207150209,19.040376569014686,19.040376569014686,0.7809881386977184,0.7809881386977184,0.7809881386977184,0.7809881386977184,0.7809881386977184,0.7809881386977184,0.0,0.0,0.0,19.821364707712405
139,2020-08-31,19.062002643501994,15.275434869473427,25.069042128703792,19.062002643501994,19.062002643501994,1.005956664581956,1.005956664581956,1.005956664581956,1.005956664581956,1.005956664581956,1.005956664581956,0.0,0.0,0.0,20.06795930808395
140,2020-09-30,19.082931102683258,12.902147485685477,22.741460007148273,19.082931102683258,19.082931102683258,-0.9627039075383618,-0.9627039075383618,-0.9627039075383618,-0.9627039075383618,-0.9627039075383618,-0.9627039075383618,0.0,0.0,0.0,18.120227195144896
141,2020-10-31,19.104557177170562,14.851102931310491,25.077208943103585,19.104557177170562,19.104557177170562,0.9295250506761269,0.9295250506761269,0.9295250506761269,0.9295250506761269,0.9295250506761269,0.9295250506761269,0.0,0.0,0.0,20.03408222784669
142,2020-11-30,19.12548563635183,14.059019412057365,23.947851772149967,19.12548563635183,19.12548563635183,0.018825806044374827,0.018825806044374827,0.018825806044374827,0.018825806044374827,0.018825806044374827,0.018825806044374827,0.0,0.0,0.0,19.144311442396205
143,2020-12-31,19.147111710839134,13.46880616076401,22.997657650171593,19.147111710839134,19.147111710839134,-0.7568831142809973,-0.7568831142809973,-0.7568831142809973,-0.7568831142809973,-0.7568831142809973,-0.7568831142809973,0.0,0.0,0.0,18.39022859655814
144,2021-01-31,19.168737786021175,12.41665635454997,21.678103374429732,19.168737786021175,19.168737786021175,-1.9217663980187503,-1.9217663980187503,-1.9217663980187503,-1.9217663980187503,-1.9217663980187503,-1.9217663980187503,0.0,0.0,0.0,17.246971388002425
145,2021-02-28,19.18827101521785,15.66781033257676,25.412283162862547,19.18827101521785,19.18827101521785,1.334586226390616,1.334586226390616,1.334586226390616,1.334586226390616,1.334586226390616,1.334586226390616,0.0,0.0,0.0,20.522857241608467
146,2021-03-31,19.209897090399892,14.715535015981155,24.610786678490978,19.209897090399892,19.209897090399892,0.1487432497805457,0.1487432497805457,0.1487432497805457,0.1487432497805457,0.1487432497805457,0.1487432497805457,0.0,0.0,0.0,19.358640340180436
147,2021-04-30,19.230825550253474,13.778010235999574,23.79816784971202,19.230825550253474,19.230825550253474,-0.5294587225247938,-0.5294587225247938,-0.5294587225247938,-0.5294587225247938,-0.5294587225247938,-0.5294587225247938,0.0,0.0,0.0,18.70136682772868
148,2021-05-31,19.252451625435512,14.842920370310292,24.47927843620791,19.252451625435512,19.252451625435512,0.3133671746400842,0.3133671746400842,0.3133671746400842,0.3133671746400842,0.3133671746400842,0.3133671746400842,0.0,0.0,0.0,19.565818800075597
149,2021-06-30,19.2733800852891,14.175444824289105,23.865325282701217,19.2733800852891,19.2733800852891,-0.1710106750742742,-0.1710106750742742,-0.1710106750742742,-0.1710106750742742,-0.1710106750742742,-0.1710106750742742,0.0,0.0,0.0,19.102369410214827
150,2021-07-31,19.29500616047114,14.96731337385272,25.154350682989534,19.29500616047114,19.29500616047114,0.7724503805194542,0.7724503805194542,0.7724503805194542,0.7724503805194542,0.7724503805194542,0.7724503805194542,0.0,0.0,0.0,20.067456540990595
151,2021-08-31,19.316632235653174,15.500567401654187,25.50015462677688,19.316632235653174,19.316632235653174,0.995324569279529,0.995324569279529,0.995324569279529,0.995324569279529,0.995324569279529,0.995324569279529,0.0,0.0,0.0,20.311956804932702
152,2021-09-30,19.337560695506763,13.330396314937959,23.007191178398124,19.337560695506763,19.337560695506763,-0.9316960545847556,-0.9316960545847556,-0.9316960545847556,-0.9316960545847556,-0.9316960545847556,-0.9316960545847556,0.0,0.0,0.0,18.405864640922008
153,2021-10-31,19.3591867706888,15.659934476569239,25.001100255547282,19.3591867706888,19.3591867706888,0.9450290573294079,0.9450290573294079,0.9450290573294079,0.9450290573294079,0.9450290573294079,0.9450290573294079,0.0,0.0,0.0,20.304215828018208
154,2021-11-30,19.380115230542383,14.418126575550147,24.002813244203573,19.380115230542383,19.380115230542383,-0.03733109157268122,-0.03733109157268122,-0.03733109157268122,-0.03733109157268122,-0.03733109157268122,-0.03733109157268122,0.0,0.0,0.0,19.3427841389697
155,2021-12-31,19.401741305724425,13.9451459621732,23.736368114386025,19.401741305724425,19.401741305724425,-0.6853607196979598,-0.6853607196979598,-0.6853607196979598,-0.6853607196979598,-0.6853607196979598,-0.6853607196979598,0.0,0.0,0.0,18.716380586026464
156,2022-01-31,19.423367380906463,12.867724394925729,22.477114713836055,19.423367380906463,19.423367380906463,-1.9621739671029266,-1.9621739671029266,-1.9621739671029266,-1.9621739671029266,-1.9621739671029266,-1.9621739671029266,0.0,0.0,0.0,17.461193413803535
157,2022-02-28,19.44290061010314,16.050004209942006,25.673996051349533,19.44290061010314,19.44290061010314,1.3520122115087048,1.3520122115087048,1.3520122115087048,1.3520122115087048,1.3520122115087048,1.3520122115087048,0.0,0.0,0.0,20.794912821611845
158,2022-03-31,19.46452668528518,14.318197878641314,24.11783201868578,19.46452668528518,19.46452668528518,0.06705181816611296,0.06705181816611296,0.06705181816611296,0.06705181816611296,0.06705181816611296,0.06705181816611296,0.0,0.0,0.0,19.531578503451293
159,2022-04-30,19.485455145138765,14.128740512627626,23.644396782778422,19.485455145138765,19.485455145138765,-0.4342837497000823,-0.4342837497000823,-0.4342837497000823,-0.4342837497000823,-0.4342837497000823,-0.4342837497000823,0.0,0.0,0.0,19.051171395438683
160,2022-05-31,19.507081220320803,14.983396899707131,24.67868901402733,19.507081220320803,19.507081220320803,0.30201058840018175,0.30201058840018175,0.30201058840018175,0.30201058840018175,0.30201058840018175,0.30201058840018175,0.0,0.0,0.0,19.809091808720986
161,2022-06-30,19.52800968017439,14.345706637751345,23.992025171293548,19.52800968017439,19.52800968017439,-0.194603812974219,-0.194603812974219,-0.194603812974219,-0.194603812974219,-0.194603812974219,-0.194603812974219,0.0,0.0,0.0,19.33340586720017
162,2022-07-31,19.549635755356427,15.84404844996278,25.304146367174354,19.549635755356427,19.549635755356427,0.7639690687655973,0.7639690687655973,0.7639690687655973,0.7639690687655973,0.7639690687655973,0.7639690687655973,0.0,0.0,0.0,20.313604824122024
163,2022-08-31,19.571261830538464,15.865308247031011,25.312776853123722,19.571261830538464,19.571261830538464,0.9849314703911874,0.9849314703911874,0.9849314703911874,0.9849314703911874,0.9849314703911874,0.9849314703911874,0.0,0.0,0.0,20.556193300929653
164,2022-09-30,19.59219029039205,14.102877905559623,23.654757929381276,19.59219029039205,19.59219029039205,-0.8997530237739575,-0.8997530237739575,-0.8997530237739575,-0.8997530237739575,-0.8997530237739575,-0.8997530237739575,0.0,0.0,0.0,18.692437266618093
165,2022-10-31,19.613816365574092,15.594189722204447,25.221430908209445,19.613816365574092,19.613816365574092,0.9591193803234188,0.9591193803234188,0.9591193803234188,0.9591193803234188,0.9591193803234188,0.9591193803234188,0.0,0.0,0.0,20.57293574589751
166,2022-11-30,19.634744825427674,14.60670388773415,24.22561016282759,19.634744825427674,19.634744825427674,-0.0929489917711771,-0.0929489917711771,-0.0929489917711771,-0.0929489917711771,-0.0929489917711771,-0.0929489917711771,0.0,0.0,0.0,19.541795833656497
167,2022-12-31,19.656370900609716,14.313740319502477,24.25722527811276,19.656370900609716,19.656370900609716,-0.6136110258914869,-0.6136110258914869,-0.6136110258914869,-0.6136110258914869,-0.6136110258914869,-0.6136110258914869,0.0,0.0,0.0,19.04275987471823
168,2023-01-31,19.677996975791753,12.683058280291235,22.719022395910283,19.677996975791753,19.677996975791753,-2.002325167649455,-2.002325167649455,-2.002325167649455,-2.002325167649455,-2.002325167649455,-2.002325167649455,0.0,0.0,0.0,17.675671808142297
169,2023-02-28,19.697530204988432,16.748316675091537,26.092990941658794,19.697530204988432,19.697530204988432,1.3680516051628755,1.3680516051628755,1.3680516051628755,1.3680516051628755,1.3680516051628755,1.3680516051628755,0.0,0.0,0.0,21.065581810151308
170,2023-03-31,19.71915628017047,14.919874182988416,24.382083579727993,19.71915628017047,19.71915628017047,-0.01357770673235885,-0.01357770673235885,-0.01357770673235885,-0.01357770673235885,-0.01357770673235885,-0.01357770673235885,0.0,0.0,0.0,19.70557857343811
171,2023-04-30,19.740084740024056,15.047938869105042,23.927594399321464,19.740084740024056,19.740084740024056,-0.33812887905369265,-0.33812887905369265,-0.33812887905369265,-0.33812887905369265,-0.33812887905369265,-0.33812887905369265,0.0,0.0,0.0,19.401955860970364
172,2023-05-31,19.761710815206094,15.088683770310256,24.695676344158578,19.761710815206094,19.761710815206094,0.2890972624564715,0.2890972624564715,0.2890972624564715,0.2890972624564715,0.2890972624564715,0.2890972624564715,0.0,0.0,0.0,20.050808077662566
173,2023-06-30,19.78263927505968,14.295348744580476,24.08671563407088,19.78263927505968,19.78263927505968,-0.21819188702697326,-0.21819188702697326,-0.21819188702697326,-0.21819188702697326,-0.21819188702697326,-0.21819188702697326,0.0,0.0,0.0,19.564447388032708
174,2023-07-31,19.804265350241717,15.288044014786824,25.058383746533192,19.804265350241717,19.804265350241717,0.7555580223229582,0.7555580223229582,0.7555580223229582,0.7555580223229582,0.7555580223229582,0.7555580223229582,0.0,0.0,0.0,20.559823372564676
175,2023-08-31,19.825891425423755,16.168083454363696,25.724033539718203,19.825891425423755,19.825891425423755,0.974794928532649,0.974794928532649,0.974794928532649,0.974794928532649,0.974794928532649,0.974794928532649,0.0,0.0,0.0,20.800686353956404
176,2023-09-30,19.84681988527734,13.812157690492217,24.021288532351104,19.84681988527734,19.84681988527734,-0.8669120261858113,-0.8669120261858113,-0.8669120261858113,-0.8669120261858113,-0.8669120261858113,-0.8669120261858113,0.0,0.0,0.0,18.97990785909153
177,2023-10-31,19.86844596045938,16.05926453204688,26.03493877654355,19.86844596045938,19.86844596045938,0.9717793661784629,0.9717793661784629,0.9717793661784629,0.9717793661784629,0.9717793661784629,0.9717793661784629,0.0,0.0,0.0,20.840225326637842
178,2023-11-30,19.889374420312965,15.074489286879889,24.665532352172093,19.889374420312965,19.889374420312965,-0.14797548770786811,-0.14797548770786811,-0.14797548770786811,-0.14797548770786811,-0.14797548770786811,-0.14797548770786811,0.0,0.0,0.0,19.741398932605097
179,2023-12-31,19.911000495495003,14.486564570427014,24.257967451858867,19.911000495495003,19.911000495495003,-0.5416797641903365,-0.5416797641903365,-0.5416797641903365,-0.5416797641903365,-0.5416797641903365,-0.5416797641903365,0.0,0.0,0.0,19.369320731304665
180,2024-01-01,19.911698110823455,14.07198275375833,23.862676160464368,19.911698110823455,19.911698110823455,-0.8281329861239555,-0.8281329861239555,-0.8281329861239555,-0.8281329861239555,-0.8281329861239555,-0.8281329861239555,0.0,0.0,0.0,19.0835651246995
181,2024-01-02,19.91239572615191,14.003788482799706,23.76286174137341,19.91239572615191,19.91239572615191,-1.1095226072097528,-1.1095226072097528,-1.1095226072097528,-1.1095226072097528,-1.1095226072097528,-1.1095226072097528,0.0,0.0,0.0,18.80287311894216
182,2024-01-03,19.91309334148036,13.470616942560001,23.119783709632205,19.91309334148036,19.91309334148036,-1.3830905192105674,-1.3830905192105674,-1.3830905192105674,-1.3830905192105674,-1.3830905192105674,-1.3830905192105674,0.0,0.0,0.0,18.53000282226979
183,2024-01-04,19.913790956808814,13.205721245326162,22.801518423393038,19.913790956808814,19.913790956808814,-1.6462615424280995,-1.6462615424280995,-1.6462615424280995,-1.6462615424280995,-1.6462615424280995,-1.6462615424280995,0.0,0.0,0.0,18.267529414380714
184,2024-01-05,19.914488572137266,13.17029696794309,22.824850427942604,19.914488572137266,19.914488572137266,-1.8966738784605834,-1.8966738784605834,-1.8966738784605834,-1.8966738784605834,-1.8966738784605834,-1.8966738784605834,0.0,0.0,0.0,18.017814693676684
185,2024-01-06,19.91518618746572,13.154847512159218,22.66129767308172,19.91518618746572,19.91518618746572,-2.132204878420368,-2.132204878420368,-2.132204878420368,-2.132204878420368,-2.132204878420368,-2.132204878420368,0.0,0.0,0.0,17.782981309045354
186,2024-01-07,19.915883802794173,12.671917097700298,22.669152110549646,19.915883802794173,19.915883802794173,-2.3509917764514627,-2.3509917764514627,-2.3509917764514627,-2.3509917764514627,-2.3509917764514627,-2.3509917764514627,0.0,0.0,0.0,17.56489202634271
187,2024-01-08,19.916581418122625,12.517265150990543,22.035277703841565,19.916581418122625,19.916581418122625,-2.5514471410707267,-2.5514471410707267,-2.5514471410707267,-2.5514471410707267,-2.5514471410707267,-2.5514471410707267,0.0,0.0,0.0,17.365134277051897
188,2024-01-09,19.917279033451077,12.099419061998152,22.060479193432922,19.917279033451077,19.917279033451077,-2.732268904376184,-2.732268904376184,-2.732268904376184,-2.732268904376184,-2.732268904376184,-2.732268904376184,0.0,0.0,0.0,17.185010129074893
189,2024-01-10,19.91797664877953,12.265047221252857,21.563913044452747,19.91797664877953,19.91797664877953,-2.892444939444345,-2.892444939444345,-2.892444939444345,-2.892444939444345,-2.892444939444345,-2.892444939444345,0.0,0.0,0.0,17.025531709335183
190,2024-01-11,19.918674264107985,12.33946883424036,21.72177497454636,19.918674264107985,19.918674264107985,-3.0312522670940556,-3.0312522670940556,-3.0312522670940556,-3.0312522670940556,-3.0312522670940556,-3.0312522670940556,0.0,0.0,0.0,16.88742199701393
191,2024-01-12,19.919371879436437,11.822166850727042,21.686486067152014,19.919371879436437,19.919371879436437,-3.1482510824209733,-3.1482510824209733,-3.1482510824209733,-3.1482510824209733,-3.1482510824209733,-3.1482510824209733,0.0,0.0,0.0,16.771120797015463
192,2024-01-13,19.920069494764892,11.782947269602616,21.593012659895535,19.920069494764892,19.920069494764892,-3.2432738967952757,-3.2432738967952757,-3.2432738967952757,-3.2432738967952757,-3.2432738967952757,-3.2432738967952757,0.0,0.0,0.0,16.676795597969615
193,2024-01-14,19.92076711009334,11.63106973206923,21.30791516102209,19.92076711009334,19.92076711009334,-3.3164101901377667,-3.3164101901377667,-3.3164101901377667,-3.3164101901377667,-3.3164101901377667,-3.3164101901377667,0.0,0.0,0.0,16.604356919955574
194,2024-01-15,19.921464725421796,11.679398139922688,21.40690710679096,19.921464725421796,19.921464725421796,-3.3679870589965484,-3.3679870589965484,-3.3679870589965484,-3.3679870589965484,-3.3679870589965484,-3.3679870589965484,0.0,0.0,0.0,16.55347766642525
195,2024-01-16,19.922162340750248,11.405942065378017,21.173010992190456,19.922162340750248,19.922162340750248,-3.3985464262172282,-3.3985464262172282,-3.3985464262172282,-3.3985464262172282,-3.3985464262172282,-3.3985464262172282,0.0,0.0,0.0,16.523615914533018
196,2024-01-17,19.9228599560787,11.569944204693577,21.16011610224233,19.9228599560787,19.9228599560787,-3.4088194458256913,-3.4088194458256913,-3.4088194458256913,-3.4088194458256913,-3.4088194458256913,-3.4088194458256913,0.0,0.0,0.0,16.514040510253007
197,2024-01-18,19.923557571407155,11.530624797135596,21.34473382247421,19.923557571407155,19.923557571407155,-3.3996987905121507,-3.3996987905121507,-3.3996987905121507,-3.3996987905121507,-3.3996987905121507,-3.3996987905121507,0.0,0.0,0.0,16.523858780895004
198,2024-01-19,19.924255186735607,11.327630141472152,21.520172841571362,19.924255186735607,19.924255186735607,-3.3722095472885396,-3.3722095472885396,-3.3722095472885396,-3.3722095472885396,-3.3722095472885396,-3.3722095472885396,0.0,0.0,0.0,16.552045639447066
199,2024-01-20,19.924952802064062,11.617965756012694,21.42429409906028,19.924952802064062,19.924952802064062,-3.3274794684083946,-3.3274794684083946,-3.3274794684083946,-3.3274794684083946,-3.3274794684083946,-3.3274794684083946,0.0,0.0,0.0,16.597473333655667
200,2024-01-21,19.92565041739251,11.903700767678355,21.595117441073146,19.92565041739251,19.92565041739251,-3.266709328689124,-3.266709328689124,-3.266709328689124,-3.266709328689124,-3.266709328689124,-3.266709328689124,0.0,0.0,0.0,16.658941088703386
201,2024-01-22,19.926348032720966,11.770667875606728,21.558877528389495,19.926348032720966,19.926348032720966,-3.1911441265362246,-3.1911441265362246,-3.1911441265362246,-3.1911441265362246,-3.1911441265362246,-3.1911441265362246,0.0,0.0,0.0,16.735203906184744
202,2024-01-23,19.92704564804942,11.845888047848304,21.62540421707841,19.92704564804942,19.92704564804942,-3.102045834275531,-3.102045834275531,-3.102045834275531,-3.102045834275531,-3.102045834275531,-3.102045834275531,0.0,0.0,0.0,16.824999813773886
203,2024-01-24,19.92774326337787,11.839643107340617,21.768618675848526,19.92774326337787,19.92774326337787,-3.0006683542485817,-3.0006683542485817,-3.0006683542485817,-3.0006683542485817,-3.0006683542485817,-3.0006683542485817,0.0,0.0,0.0,16.92707490912929
