,ds,trend,yhat_lower,yhat_upper,trend_lower,trend_upper,additive_terms,additive_terms_lower,additive_terms_upper,yearly,yearly_lower,yearly_upper,multiplicative_terms,multiplicative_terms_lower,multiplicative_terms_upper,yhat
0,2021-01-31,8.025402,19.53145787195283,35.831496652137,8.025402,8.025402,19.386094188965135,19.386094188965135,19.386094188965135,19.386094188965135,19.386094188965135,19.386094188965135,0.0,0.0,0.0,27.411496188965135
1,2021-02-28,8.826916421052632,6.983324639130774,23.227492772578884,8.826916421052632,8.826916421052632,6.474350748357536,6.474350748357536,6.474350748357536,6.474350748357536,6.474350748357536,6.474350748357536,0.0,0.0,0.0,15.301267169410167
2,2021-03-31,9.714307387230436,14.809860516008225,30.595698330435894,9.714307387230436,9.714307387230436,12.663081103831438,12.663081103831438,12.663081103831438,12.663081103831438,12.663081103831438,12.663081103831438,0.0,0.0,0.0,22.377388491061872
3,2021-04-30,10.57307283824102,10.936713550488749,27.282840074037605,10.57307283824102,10.57307283824102,8.692708821666011,8.692708821666011,8.692708821666011,8.692708821666011,8.692708821666011,8.692708821666011,0.0,0.0,0.0,19.26578165990703
4,2021-05-31,11.460463804304709,12.071826318080397,28.27356853912289,11.460463804304709,11.460463804304709,8.747555563490245,8.747555563490245,8.747555563490245,8.747555563490245,8.747555563490245,8.747555563490245,0.0,0.0,0.0,20.208019367794954
5,2021-06-30,12.319229255471706,10.265737771869274,26.509561674085177,12.319229255471706,12.319229255471706,5.925636771632447,5.925636771632447,5.925636771632447,5.925636771632447,5.925636771632447,5.925636771632447,0.0,0.0,0.0,18.244866027104152
6,2021-07-31,13.206620221577786,9.292824377606047,26.197686340871186,13.206620221577786,13.206620221577786,4.091085723089751,4.091085723089751,4.091085723089751,4.091085723089751,4.091085723089751,4.091085723089751,0.0,0.0,0.0,17.297705944667538
7,2021-08-31,14.09401113109966,4.049615565736748,20.283821698412762,14.09401113109966,14.09401113109966,-1.331438579762971,-1.331438579762971,-1.331438579762971,-1.331438579762971,-1.331438579762971,-1.331438579762971,0.0,0.0,0.0,12.762572551336689
8,2021-09-30,14.952776527411151,8.139999741398722,24.63023087018829,14.952776527411151,14.952776527411151,1.1117946704978159,1.1117946704978159,1.1117946704978159,1.1117946704978159,1.1117946704978159,1.1117946704978159,0.0,0.0,0.0,16.06457119790897
9,2021-10-31,15.84016743671964,12.00698050380047,28.44402128186741,15.84016743671964,15.84016743671964,4.106559380951286,4.106559380951286,4.106559380951286,4.106559380951286,4.106559380951286,4.106559380951286,0.0,0.0,0.0,19.946726817670925
10,2021-11-30,16.698932832872305,5.5471539498803475,21.479685387546542,16.698932832872305,16.698932832872305,-2.5721912665096363,-2.5721912665096363,-2.5721912665096363,-2.5721912665096363,-2.5721912665096363,-2.5721912665096363,0.0,0.0,0.0,14.12674156636267
11,2021-12-31,17.586323742137775,19.407691742804477,36.351046902042604,17.586323742137775,17.586323742137775,10.293625983785926,10.293625983785926,10.293625983785926,10.293625983785926,10.293625983785926,10.293625983785926,0.0,0.0,0.0,27.8799497259237
12,2022-01-31,18.47371465151819,20.612924298738946,36.44464962170465,18.47371465151819,18.47371465151819,9.944784396223293,9.944784396223293,9.944784396223293,9.944784396223293,9.944784396223293,9.944784396223293,0.0,0.0,0.0,28.418499047741484
13,2022-02-28,19.275229021396605,28.22967825257353,43.674261228495396,19.275229021396605,19.275229021396605,16.83928956485447,16.83928956485447,16.83928956485447,16.83928956485447,16.83928956485447,16.83928956485447,0.0,0.0,0.0,36.11451858625108
14,2022-03-31,20.16261993073515,23.334791486385317,39.83239827928445,20.16261993073515,20.16261993073515,11.07985691840446,11.07985691840446,11.07985691840446,11.07985691840446,11.07985691840446,11.07985691840446,0.0,0.0,0.0,31.24247684913961
15,2022-04-30,21.021385326883735,19.36678572780719,35.67677987491586,21.021385326883735,21.021385326883735,6.474624965619468,6.474624965619468,6.474624965619468,6.474624965619468,6.474624965619468,6.474624965619468,0.0,0.0,0.0,27.496010292503204
16,2022-05-31,21.908776236250464,21.274398280620748,36.82029474538728,21.908776236250464,21.908776236250464,6.843747298358582,6.843747298358582,6.843747298358582,6.843747298358582,6.843747298358582,6.843747298358582,0.0,0.0,0.0,28.752523534609047
17,2022-06-30,22.767541632487422,19.617775550885625,34.617267268018125,22.767541632487422,22.767541632487422,4.617835948523856,4.617835948523856,4.617835948523856,4.617835948523856,4.617835948523856,4.617835948523856,0.0,0.0,0.0,27.385377581011277
18,2022-07-31,23.654932542090133,24.90510095419634,41.35938367208905,23.654932542090133,23.654932542090133,9.231718316389411,9.231718316389411,9.231718316389411,9.231718316389411,9.231718316389411,9.231718316389411,0.0,0.0,0.0,32.88665085847954
19,2022-08-31,24.54232345175305,20.541085406069204,37.292573653569164,24.54232345175305,24.54232345175305,4.281909325885742,4.281909325885742,4.281909325885742,4.281909325885742,4.281909325885742,4.281909325885742,0.0,0.0,0.0,28.82423277763879
20,2022-09-30,25.401088848130648,8.280790283693223,24.123096300015966,25.401088848130648,25.401088848130648,-9.612976839142382,-9.612976839142382,-9.612976839142382,-9.612976839142382,-9.612976839142382,-9.612976839142382,0.0,0.0,0.0,15.788112008988266
21,2022-10-31,26.28847975772084,20.003847600148685,36.19331363435712,26.28847975772084,26.28847975772084,2.133980312025606,2.133980312025606,2.133980312025606,2.133980312025606,2.133980312025606,2.133980312025606,0.0,0.0,0.0,28.422460069746446
22,2022-11-30,27.14724515423292,27.88972594825602,43.17391860401257,27.14724515423292,27.14724515423292,8.236787147160358,8.236787147160358,8.236787147160358,8.236787147160358,8.236787147160358,8.236787147160358,0.0,0.0,0.0,35.384032301393276
23,2022-12-31,28.034636064147936,27.837172967387737,43.267840407940895,28.034636064147936,28.034636064147936,7.53662348504311,7.53662348504311,7.53662348504311,7.53662348504311,7.53662348504311,7.53662348504311,0.0,0.0,0.0,35.57125954919105
24,2023-01-31,28.922026974070757,21.512929971385756,37.53364598524577,28.922026974070757,28.922026974070757,0.605373675904383,0.605373675904383,0.605373675904383,0.605373675904383,0.605373675904383,0.605373675904383,0.0,0.0,0.0,29.52740064997514
25,2023-02-28,29.72354134439149,48.76251013234452,64.91374098116202,29.72354134439149,29.72354134439149,27.26225329975815,27.26225329975815,27.26225329975815,27.26225329975815,27.26225329975815,27.26225329975815,0.0,0.0,0.0,56.985794644149635
26,2023-03-31,30.610932254241927,31.92016556055878,47.9076126416516,30.610932254241927,30.610932254241927,9.343317438301183,9.343317438301183,9.343317438301183,9.343317438301183,9.343317438301183,9.343317438301183,0.0,0.0,0.0,39.95424969254311
27,2023-04-30,31.469697650977658,27.378360914410788,43.534882241983,31.469697650977658,31.469697650977658,4.225035050182152,4.225035050182152,4.225035050182152,4.225035050182152,4.225035050182152,4.225035050182152,0.0,0.0,0.0,35.69473270115981
28,2023-05-31,32.35708856088505,29.007903659427292,45.777332788896416,32.35708856088505,32.35708856088505,4.975888082326373,4.975888082326373,4.975888082326373,4.975888082326373,4.975888082326373,4.975888082326373,0.0,0.0,0.0,37.332976643211424
29,2023-06-30,33.21585395756963,27.902369348792472,44.90065051924092,33.21585395756963,33.21585395756963,3.431685322921499,3.431685322921499,3.431685322921499,3.431685322921499,3.431685322921499,3.431685322921499,0.0,0.0,0.0,36.64753928049113
30,2023-07-31,34.103244867477024,40.35731030359255,56.7959854308479,34.103244867477024,34.103244867477024,14.429062391392169,14.429062391392169,14.429062391392169,14.429062391392169,14.429062391392169,14.429062391392169,0.0,0.0,0.0,48.532307258869196
31,2023-08-31,34.99063577738441,36.787126602613895,52.93298181371494,34.99063577738441,34.99063577738441,9.687455608143317,9.687455608143317,9.687455608143317,9.687455608143317,9.687455608143317,9.687455608143317,0.0,0.0,0.0,44.67809138552773
32,2023-09-30,35.84940117406899,7.118439950117962,23.484862389734303,35.84940117406899,35.84940117406899,-20.40301335335773,-20.40301335335773,-20.40301335335773,-20.40301335335773,-20.40301335335773,-20.40301335335773,0.0,0.0,0.0,15.446387820711259
33,2023-10-31,36.73679208397638,28.607258217361007,45.88791729017576,36.73679208397638,36.73679208397638,0.41038047142499157,0.41038047142499157,0.41038047142499157,0.41038047142499157,0.41038047142499157,0.41038047142499157,0.0,0.0,0.0,37.147172555401376
34,2023-11-30,37.59555748066096,48.240313109137205,64.45504616093994,37.59555748066096,37.59555748066096,19.02854147456715,19.02854147456715,19.02854147456715,19.02854147456715,19.02854147456715,19.02854147456715,0.0,0.0,0.0,56.624098955228106
35,2023-12-31,38.482948390568346,35.624666175944995,51.12121609351057,38.482948390568346,38.482948390568346,4.554173236720332,4.554173236720332,4.554173236720332,4.554173236720332,4.554173236720332,4.554173236720332,0.0,0.0,0.0,43.03712162728868
36,2024-01-01,38.511573903791174,45.56376417326622,61.44917514832262,38.511573903791174,38.511573903791174,15.121246600219711,15.121246600219711,15.121246600219711,15.121246600219711,15.121246600219711,15.121246600219711,0.0,0.0,0.0,53.63282050401089
37,2024-01-02,38.54019941701399,52.50871817799643,69.1403083774274,38.54019941701399,38.54019941701399,21.980057222939823,21.980057222939823,21.980057222939823,21.980057222939823,21.980057222939823,21.980057222939823,0.0,0.0,0.0,60.520256639953814
38,2024-01-03,38.56882493023681,55.51543501062761,72.23295575200942,38.56882493023681,38.56882493023681,25.064708321305964,25.064708321305964,25.064708321305964,25.064708321305964,25.064708321305964,25.064708321305964,0.0,0.0,0.0,63.63353325154277
39,2024-01-04,38.59745044345962,54.99102369674447,71.07626320820904,38.59745044345962,38.59745044345962,24.39916487213373,24.39916487213373,24.39916487213373,24.39916487213373,24.39916487213373,24.39916487213373,0.0,0.0,0.0,62.99661531559335
40,2024-01-05,38.62607595668244,50.487090927305225,67.10999226037697,38.62607595668244,38.62607595668244,20.096275366015345,20.096275366015345,20.096275366015345,20.096275366015345,20.096275366015345,20.096275366015345,0.0,0.0,0.0,58.72235132269779
41,2024-01-06,38.65470146990527,42.40927413192186,58.8412502367695,38.65470146990527,38.65470146990527,12.354931753603177,12.354931753603177,12.354931753603177,12.354931753603177,12.354931753603177,12.354931753603177,0.0,0.0,0.0,51.009633223508445
42,2024-01-07,38.68332698312808,31.919100423891997,48.454960640250675,38.68332698312808,38.68332698312808,1.4554329920194458,1.4554329920194458,1.4554329920194458,1.4554329920194458,1.4554329920194458,1.4554329920194458,0.0,0.0,0.0,40.13875997514753
43,2024-01-08,38.711952496350904,18.552260057614024,35.18372694170886,38.711952496350904,38.711952496350904,-12.246846337042255,-12.246846337042255,-12.246846337042255,-12.246846337042255,-12.246846337042255,-12.246846337042255,0.0,0.0,0.0,26.465106159308647
44,2024-01-09,38.74057800957372,2.4085604549080433,18.999327660735172,38.74057800957372,38.74057800957372,-28.329347011475946,-28.329347011475946,-28.329347011475946,-28.329347011475946,-28.329347011475946,-28.329347011475946,0.0,0.0,0.0,10.411230998097771
45,2024-01-10,38.76920352279654,-14.777703717242291,0.1897892590920251,38.76920352279654,38.76920352281118,-46.311609439834676,-46.311609439834676,-46.311609439834676,-46.311609439834676,-46.311609439834676,-46.311609439834676,0.0,0.0,0.0,-7.542405917038138
46,2024-01-11,38.797829036019365,-35.306947221274456,-19.080208119639092,38.797829036019365,38.7978290361596,-65.66575735482898,-65.66575735482898,-65.66575735482898,-65.66575735482898,-65.66575735482898,-65.66575735482898,0.0,0.0,0.0,-26.867928318809618
47,2024-01-12,38.82645454924218,-54.921072968247756,-39.2771923441912,38.82645454910608,38.82645454971592,-85.82796349696689,-85.82796349696689,-85.82796349696689,-85.82796349696689,-85.82796349696689,-85.82796349696689,0.0,0.0,0.0,-47.00150894772471
48,2024-01-13,38.855080062465,-75.14046748157273,-59.10393243680107,38.85508006203135,38.85508006309587,-106.21066069135401,-106.21066069135401,-106.21066069135401,-106.21066069135401,-106.21066069135401,-106.21066069135401,0.0,0.0,0.0,-67.35558062888902
49,2024-01-14,38.88370557568781,-95.53881173320332,-79.23913449656682,38.883705574885525,38.883705576542106,-126.21524732403321,-126.21524732403321,-126.21524732403321,-126.21524732403321,-126.21524732403321,-126.21524732403321,0.0,0.0,0.0,-87.3315417483454
50,2024-01-15,38.91233108891063,-114.44756472956497,-98.29627338860912,38.91233108777747,38.91233109008637,-145.24502686050837,-145.24502686050837,-145.24502686050837,-145.24502686050837,-145.24502686050837,-145.24502686050837,0.0,0.0,0.0,-106.33269577159774
51,2024-01-16,38.940956602133454,-131.53595914849666,-116.0111186138309,38.940956600620744,38.940956603645105,-162.71811687145689,-162.71811687145689,-162.71811687145689,-162.71811687145689,-162.71811687145689,-162.71811687145689,0.0,0.0,0.0,-123.77716026932343
52,2024-01-17,38.969582115356275,-147.73971588586957,-131.49839118071952,38.969582113308135,38.969582117202215,-178.08006411947943,-178.08006411947943,-178.08006411947943,-178.08006411947943,-178.08006411947943,-178.08006411947943,0.0,0.0,0.0,-139.11048200412316
53,2024-01-18,38.998207628579095,-160.04186876441656,-143.75996657150617,38.99820762619488,38.998207630732985,-190.81590857496522,-190.81590857496522,-190.81590857496522,-190.81590857496522,-190.81590857496522,-190.81590857496522,0.0,0.0,0.0,-151.81770094638614
54,2024-01-19,39.026833141801916,-169.55800052935396,-153.61218237948796,39.02683313906551,39.0268331442899,-200.46145062821896,-200.46145062821896,-200.46145062821896,-200.46145062821896,-200.46145062821896,-200.46145062821896,0.0,0.0,0.0,-161.43461748641704
55,2024-01-20,39.05545865502473,-175.3523424817012,-159.45894262114606,39.05545865172817,39.05545865790925,-206.61349203645486,-206.61349203645486,-206.61349203645486,-206.61349203645486,-206.61349203645486,-206.61349203645486,0.0,0.0,0.0,-167.55803338143014
56,2024-01-21,39.08408416824754,-178.0864943542142,-161.58157101698183,39.084084163988145,39.08408417175407,-208.93884194123387,-208.93884194123387,-208.93884194123387,-208.93884194123387,-208.93884194123387,-208.93884194123387,0.0,0.0,0.0,-169.85475777298632
57,2024-01-22,39.11270968147037,-176.16745929728813,-160.47889290617056,39.11270967654937,39.112709685496874,-207.18190422748324,-207.18190422748324,-207.18190422748324,-207.18190422748324,-207.18190422748324,-207.18190422748324,0.0,0.0,0.0,-168.06919454601288
58,2024-01-23,39.14133519469319,-169.67203073207708,-153.6921719828621,39.14133518926691,39.1413351991766,-201.1706910623983,-201.1706910623983,-201.1706910623983,-201.1706910623983,-201.1706910623983,-201.1706910623983,0.0,0.0,0.0,-162.0293558677051
59,2024-01-24,39.16996070791601,-159.78196856019656,-143.13475127641303,39.16996070197733,39.169960713129875,-190.82113910213135,-190.82113910213135,-190.82113910213135,-190.82113910213135,-190.82113910213135,-190.82113910213135,0.0,0.0,0.0,-151.65117839421535
