,ds,trend,yhat_lower,yhat_upper,trend_lower,trend_upper,additive_terms,additive_terms_lower,additive_terms_upper,yearly,yearly_lower,yearly_upper,multiplicative_terms,multiplicative_terms_lower,multiplicative_terms_upper,yhat
0,2015-01-31,28.709444166666664,21.08217919712068,34.1710574901656,28.709444166666664,28.709444166666664,-1.0182471887397762,-1.0182471887397762,-1.0182471887397762,-1.0182471887397762,-1.0182471887397762,-1.0182471887397762,0.0,0.0,0.0,27.69119697792689
1,2015-02-28,28.530821571713755,27.666679757886588,40.64973044098567,28.530821571713755,28.530821571713755,5.637053992038184,5.637053992038184,5.637053992038184,5.637053992038184,5.637053992038184,5.637053992038184,0.0,0.0,0.0,34.16787556375194
2,2015-03-31,28.333060841587326,21.469787022451786,35.47413224141451,28.333060841587326,28.333060841587326,0.08647066403356078,0.08647066403356078,0.08647066403356078,0.08647066403356078,0.08647066403356078,0.08647066403356078,0.0,0.0,0.0,28.419531505620885
3,2015-04-30,28.141679489852066,20.9317829677809,33.96736218845628,28.141679489852066,28.141679489852066,-0.6696411057248233,-0.6696411057248233,-0.6696411057248233,-0.6696411057248233,-0.6696411057248233,-0.6696411057248233,0.0,0.0,0.0,27.47203838412724
4,2015-05-31,27.943918759476112,22.0335304272679,35.0759597010888,27.943918759476112,27.943918759476112,0.3783408609726314,0.3783408609726314,0.3783408609726314,0.3783408609726314,0.3783408609726314,0.3783408609726314,0.0,0.0,0.0,28.322259620448744
5,2015-06-30,27.75253740749938,23.812963022397795,36.86760303618735,27.75253740749938,27.75253740749938,2.684820997028227,2.684820997028227,2.684820997028227,2.684820997028227,2.684820997028227,2.684820997028227,0.0,0.0,0.0,30.437358404527604
6,2015-07-31,27.55477667712342,21.26226931697412,35.01939825101154,27.55477667712342,27.55477667712342,0.3940490847474001,0.3940490847474001,0.3940490847474001,0.3940490847474001,0.3940490847474001,0.3940490847474001,0.0,0.0,0.0,27.948825761870822
7,2015-08-31,27.357015946747467,19.226352930150675,32.93070615240078,27.357015946747467,27.357015946747467,-1.6432948807702226,-1.6432948807702226,-1.6432948807702226,-1.6432948807702226,-1.6432948807702226,-1.6432948807702226,0.0,0.0,0.0,25.713721065977243
8,2015-09-30,27.16563459376607,17.809677890663725,30.842908444822783,27.16563459376607,27.16563459376607,-2.874667880167814,-2.874667880167814,-2.874667880167814,-2.874667880167814,-2.874667880167814,-2.874667880167814,0.0,0.0,0.0,24.29096671359826
9,2015-10-31,26.967873862351965,19.743616694271072,33.282579811884744,26.967873862351965,26.967873862351965,-0.6118931768430024,-0.6118931768430024,-0.6118931768430024,-0.6118931768430024,-0.6118931768430024,-0.6118931768430024,0.0,0.0,0.0,26.355980685508964
10,2015-11-30,26.776492509370577,18.192175977117767,30.9798966584977,26.776492509370577,26.776492509370577,-2.3673843127215,-2.3673843127215,-2.3673843127215,-2.3673843127215,-2.3673843127215,-2.3673843127215,0.0,0.0,0.0,24.409108196649075
11,2015-12-31,26.578731778702203,20.38584981183209,32.52920571029363,26.578731778702203,26.578731778702203,-0.23484378653406549,-0.23484378653406549,-0.23484378653406549,-0.23484378653406549,-0.23484378653406549,-0.23484378653406549,0.0,0.0,0.0,26.34388799216814
12,2016-01-31,26.380971048033835,19.258061084616852,31.63958203249479,26.380971048033835,26.380971048033835,-1.011867269445246,-1.011867269445246,-1.011867269445246,-1.011867269445246,-1.011867269445246,-1.011867269445246,0.0,0.0,0.0,25.36910377858859
13,2016-02-29,26.19596907418278,25.680162434655074,38.42262833107177,26.19596907418278,26.19596907418278,5.70515477387677,5.70515477387677,5.70515477387677,5.70515477387677,5.70515477387677,5.70515477387677,0.0,0.0,0.0,31.90112384805955
14,2016-03-31,25.998208343514406,19.85505730083893,32.883647248448064,25.998208343514406,25.998208343514406,0.46705058829789514,0.46705058829789514,0.46705058829789514,0.46705058829789514,0.46705058829789514,0.46705058829789514,0.0,0.0,0.0,26.4652589318123
15,2016-04-30,25.80682699440472,19.177976988111652,31.773858082663118,25.80682699440472,25.80682699440472,-0.6030930163344257,-0.6030930163344257,-0.6030930163344257,-0.6030930163344257,-0.6030930163344257,-0.6030930163344257,0.0,0.0,0.0,25.203733978070293
16,2016-05-31,25.609066266991384,19.321405607487996,32.1182367766539,25.609066266991384,25.609066266991384,0.14403879130655545,0.14403879130655545,0.14403879130655545,0.14403879130655545,0.14403879130655545,0.14403879130655545,0.0,0.0,0.0,25.75310505829794
17,2016-06-30,25.4176849178817,21.568383310417744,33.889887568248675,25.4176849178817,25.4176849178817,2.4599189339388956,2.4599189339388956,2.4599189339388956,2.4599189339388956,2.4599189339388956,2.4599189339388956,0.0,0.0,0.0,27.877603851820595
18,2016-07-31,25.221226482461987,18.59401966605738,32.041147034145965,25.221226482461987,25.221226482461987,0.3261439823949049,0.3261439823949049,0.3261439823949049,0.3261439823949049,0.3261439823949049,0.3261439823949049,0.0,0.0,0.0,25.54737046485689
19,2016-08-31,25.024768047042276,17.47026456274505,30.067157388952985,25.024768047042276,25.024768047042276,-1.46958336937384,-1.46958336937384,-1.46958336937384,-1.46958336937384,-1.46958336937384,-1.46958336937384,0.0,0.0,0.0,23.555184677668436
20,2016-09-30,24.834646980507067,15.10485348449199,28.526314089339248,24.834646980507067,24.834646980507067,-2.902415982243924,-2.902415982243924,-2.902415982243924,-2.902415982243924,-2.902415982243924,-2.902415982243924,0.0,0.0,0.0,21.932230998263144
21,2016-10-31,24.64576552840022,17.80757746451991,30.772129284980007,24.64576552840022,24.64576552840022,-0.43896494680007025,-0.43896494680007025,-0.43896494680007025,-0.43896494680007025,-0.43896494680007025,-0.43896494680007025,0.0,0.0,0.0,24.20680058160015
22,2016-11-30,24.462977026361326,15.554475627525717,28.978703459728507,24.462977026361326,24.462977026361326,-2.163107287330999,-2.163107287330999,-2.163107287330999,-2.163107287330999,-2.163107287330999,-2.163107287330999,0.0,0.0,0.0,22.299869739030328
23,2016-12-31,24.27409557425447,16.9624893023753,30.24411101670421,24.27409557425447,24.27409557425447,-0.7114171326876905,-0.7114171326876905,-0.7114171326876905,-0.7114171326876905,-0.7114171326876905,-0.7114171326876905,0.0,0.0,0.0,23.56267844156678
24,2017-01-31,24.085214122147615,16.772395100260546,29.555397225464954,24.085214122147615,24.085214122147615,-1.034328179414262,-1.034328179414262,-1.034328179414262,-1.034328179414262,-1.034328179414262,-1.034328179414262,0.0,0.0,0.0,23.050885942733352
25,2017-02-28,23.926343935170937,22.467726515337713,36.430568711377575,23.926343935170937,23.926343935170937,5.687528342985636,5.687528342985636,5.687528342985636,5.687528342985636,5.687528342985636,5.687528342985636,0.0,0.0,0.0,29.613872278156574
26,2017-03-31,23.750451942446762,17.868286146848707,30.24238681636128,23.750451942446762,23.750451942446762,0.3395521640900035,0.3395521640900035,0.3395521640900035,0.3395521640900035,0.3395521640900035,0.3395521640900035,0.0,0.0,0.0,24.090004106536767
27,2017-04-30,23.580233884971754,16.538303820554788,29.470768261621362,23.580233884971754,23.580233884971754,-0.6294958908423132,-0.6294958908423132,-0.6294958908423132,-0.6294958908423132,-0.6294958908423132,-0.6294958908423132,0.0,0.0,0.0,22.95073799412944
28,2017-05-31,23.419220483751726,16.87684274833616,29.959502353229336,23.419220483751726,23.419220483751726,0.21953065091577095,0.21953065091577095,0.21953065091577095,0.21953065091577095,0.21953065091577095,0.21953065091577095,0.0,0.0,0.0,23.638751134667498
29,2017-06-30,23.26340106321621,19.066092397917274,32.197355480956745,23.26340106321621,23.26340106321621,2.536909310881042,2.536909310881042,2.536909310881042,2.536909310881042,2.536909310881042,2.536909310881042,0.0,0.0,0.0,25.800310374097254
30,2017-07-31,23.102387661996183,17.180036270517313,30.04491016936865,23.102387661996183,23.102387661996183,0.35142940513646426,0.35142940513646426,0.35142940513646426,0.35142940513646426,0.35142940513646426,0.35142940513646426,0.0,0.0,0.0,23.453817067132647
31,2017-08-31,22.94137426077615,14.17830497366484,27.805360691122964,22.94137426077615,22.94137426077615,-1.5265259980235621,-1.5265259980235621,-1.5265259980235621,-1.5265259980235621,-1.5265259980235621,-1.5265259980235621,0.0,0.0,0.0,21.41484826275259
32,2017-09-30,22.800167247527188,13.522526912619744,27.254849069809957,22.800167247527188,22.800167247527188,-2.893671403167803,-2.893671403167803,-2.893671403167803,-2.893671403167803,-2.893671403167803,-2.893671403167803,0.0,0.0,0.0,19.906495844359384
33,2017-10-31,22.65425333383659,15.347642838287225,28.569837549187703,22.65425333383659,22.65425333383659,-0.49589822821189017,-0.49589822821189017,-0.49589822821189017,-0.49589822821189017,-0.49589822821189017,-0.49589822821189017,0.0,0.0,0.0,22.1583551056247
34,2017-11-30,22.51304632058763,13.139251596739847,26.671992617510003,22.51304632058763,22.51304632058763,-2.2352604918237824,-2.2352604918237824,-2.2352604918237824,-2.2352604918237824,-2.2352604918237824,-2.2352604918237824,0.0,0.0,0.0,20.277785828763847
35,2017-12-31,22.381113120080382,15.3636033693379,28.788553846386268,22.381113120080382,22.381113120080382,-0.5538306224686912,-0.5538306224686912,-0.5538306224686912,-0.5538306224686912,-0.5538306224686912,-0.5538306224686912,0.0,0.0,0.0,21.82728249761169
36,2018-01-31,22.249179919573145,14.12229615776514,28.006491463758366,22.249179919573145,22.249179919573145,-1.0257691461131904,-1.0257691461131904,-1.0257691461131904,-1.0257691461131904,-1.0257691461131904,-1.0257691461131904,0.0,0.0,0.0,21.223410773459953
37,2018-02-28,22.13001444814724,21.026324322082875,34.31781683568452,22.13001444814724,22.13001444814724,5.664807934335286,5.664807934335286,5.664807934335286,5.664807934335286,5.664807934335286,5.664807934335286,0.0,0.0,0.0,27.794822382482526
38,2018-03-31,22.010405160102888,16.0052962550945,28.581226336993318,22.010405160102888,22.010405160102888,0.2126221999892608,0.2126221999892608,0.2126221999892608,0.2126221999892608,0.2126221999892608,0.2126221999892608,0.0,0.0,0.0,22.22302736009215
39,2018-04-30,21.894654236188998,14.869879472244868,27.75696518380089,21.894654236188998,21.894654236188998,-0.6516917652383507,-0.6516917652383507,-0.6516917652383507,-0.6516917652383507,-0.6516917652383507,-0.6516917652383507,0.0,0.0,0.0,21.242962470950648
40,2018-05-31,21.77504494814464,14.996393845260869,28.700388547803133,21.77504494814464,21.77504494814464,0.2976741321720129,0.2976741321720129,0.2976741321720129,0.2976741321720129,0.2976741321720129,0.2976741321720129,0.0,0.0,0.0,22.072719080316652
41,2018-06-30,21.65929402423075,17.593909355082523,30.483280506316905,21.65929402423075,21.65929402423075,2.611917775600905,2.611917775600905,2.611917775600905,2.611917775600905,2.611917775600905,2.611917775600905,0.0,0.0,0.0,24.271211799831654
42,2018-07-31,21.545745606112433,15.24220541323492,28.460588927100844,21.545745606112433,21.545745606112433,0.3740678275078365,0.3740678275078365,0.3740678275078365,0.3740678275078365,0.3740678275078365,0.3740678275078365,0.0,0.0,0.0,21.91981343362027
43,2018-08-31,21.43219718799411,13.424126977426855,26.33716170691067,21.43219718799411,21.43219718799411,-1.5844575505816543,-1.5844575505816543,-1.5844575505816543,-1.5844575505816543,-1.5844575505816543,-1.5844575505816543,0.0,0.0,0.0,19.847739637412456
44,2018-09-30,21.322311622073155,11.354268641058965,25.252852844797786,21.322311622073155,21.322311622073155,-2.884430637656078,-2.884430637656078,-2.884430637656078,-2.884430637656078,-2.884430637656078,-2.884430637656078,0.0,0.0,0.0,18.437880984417077
45,2018-10-31,21.208764368881393,14.016502219082398,27.418897491718717,21.208764368881393,21.208764368881393,-0.5535694296285919,-0.5535694296285919,-0.5535694296285919,-0.5535694296285919,-0.5535694296285919,-0.5535694296285919,0.0,0.0,0.0,20.6551949392528
46,2018-11-30,21.098879930308716,12.33950439269022,25.471125018936846,21.098879930308716,21.098879930308716,-2.3033677763920606,-2.3033677763920606,-2.3033677763920606,-2.3033677763920606,-2.3033677763920606,-2.3033677763920606,0.0,0.0,0.0,18.795512153916654
47,2018-12-31,20.98533267711695,14.110530273488576,27.125640673992905,20.98533267711695,20.98533267711695,-0.39491077490744364,-0.39491077490744364,-0.39491077490744364,-0.39491077490744364,-0.39491077490744364,-0.39491077490744364,0.0,0.0,0.0,20.590421902209506
48,2019-01-31,20.87178542392519,13.172438238123028,26.12295879112156,20.87178542392519,20.87178542392519,-1.0182471887399882,-1.0182471887399882,-1.0182471887399882,-1.0182471887399882,-1.0182471887399882,-1.0182471887399882,0.0,0.0,0.0,19.8535382351852
49,2019-02-28,20.769226626799828,19.57614656910747,32.89156914517806,20.769226626799828,20.769226626799828,5.637053992038308,5.637053992038308,5.637053992038308,5.637053992038308,5.637053992038308,5.637053992038308,0.0,0.0,0.0,26.406280618838135
50,2019-03-31,20.65567938712532,14.314666868223162,27.83824884632254,20.65567938712532,20.65567938712532,0.08647066403321965,0.08647066403321965,0.08647066403321965,0.08647066403321965,0.08647066403321965,0.08647066403321965,0.0,0.0,0.0,20.74215005115854
51,2019-04-30,20.545794961633863,13.068015945680427,26.65387380535259,20.545794961633863,20.545794961633863,-0.6696411057245492,-0.6696411057245492,-0.6696411057245492,-0.6696411057245492,-0.6696411057245492,-0.6696411057245492,0.0,0.0,0.0,19.876153855909315
52,2019-05-31,20.432247723324508,14.307205564264788,27.235103064674096,20.432247723324508,20.432247723324508,0.37834086097303304,0.37834086097303304,0.37834086097303304,0.37834086097303304,0.37834086097303304,0.37834086097303304,0.0,0.0,0.0,20.81058858429754
53,2019-06-30,20.322363299154166,16.185923248390388,29.368462665177834,20.322363299154166,20.322363299154166,2.6848209970274297,2.6848209970274297,2.6848209970274297,2.6848209970274297,2.6848209970274297,2.6848209970274297,0.0,0.0,0.0,23.007184296181595
54,2019-07-31,20.208816060844814,14.61456051506018,27.34954156615168,20.208816060844814,20.208816060844814,0.3940490847471826,0.3940490847471826,0.3940490847471826,0.3940490847471826,0.3940490847471826,0.3940490847471826,0.0,0.0,0.0,20.602865145592
55,2019-08-31,20.095268836457866,12.248551672985181,25.007317301492265,20.095268836457866,20.095268836457866,-1.643294880770228,-1.643294880770228,-1.643294880770228,-1.643294880770228,-1.643294880770228,-1.643294880770228,0.0,0.0,0.0,18.451973955687638
56,2019-09-30,19.98538442576082,10.914920230614566,23.825410334558033,19.98538442576082,19.98538442576082,-2.87466788016858,-2.87466788016858,-2.87466788016858,-2.87466788016858,-2.87466788016858,-2.87466788016858,0.0,0.0,0.0,17.11071654559224
57,2019-10-31,19.871837201373875,12.764739760881671,25.90254608340854,19.871837201373875,19.871837201373875,-0.6118931768427522,-0.6118931768427522,-0.6118931768427522,-0.6118931768427522,-0.6118931768427522,-0.6118931768427522,0.0,0.0,0.0,19.259944024531123
58,2019-11-30,19.76195279067683,10.89464736861624,23.806290608823275,19.76195279067683,19.76195279067683,-2.3673843127217493,-2.3673843127217493,-2.3673843127217493,-2.3673843127217493,-2.3673843127217493,-2.3673843127217493,0.0,0.0,0.0,17.39456847795508
59,2019-12-31,19.64840556205803,12.762056418671268,26.090862984654265,19.64840556205803,19.64840556205803,-0.23484378653532606,-0.23484378653532606,-0.23484378653532606,-0.23484378653532606,-0.23484378653532606,-0.23484378653532606,0.0,0.0,0.0,19.413561775522705
60,2020-01-31,19.534858333439228,11.713017179172766,25.104322866374556,19.534858333439228,19.534858333439228,-1.0118672694454767,-1.0118672694454767,-1.0118672694454767,-1.0118672694454767,-1.0118672694454767,-1.0118672694454767,0.0,0.0,0.0,18.52299106399375
61,2020-02-29,19.428636732473255,18.343005126838932,31.540270625234818,19.428636732473255,19.428636732473255,5.7051547738771,5.7051547738771,5.7051547738771,5.7051547738771,5.7051547738771,5.7051547738771,0.0,0.0,0.0,25.133791506350356
62,2020-03-31,19.31508950211889,13.033604192603432,26.41716394186733,19.31508950211889,19.31508950211889,0.46705058829841667,0.46705058829841667,0.46705058829841667,0.46705058829841667,0.46705058829841667,0.46705058829841667,0.0,0.0,0.0,19.782140090417307
63,2020-04-30,19.205205085646924,11.854676225340116,25.188543401824045,19.205205085646924,19.205205085646924,-0.6030930163337765,-0.6030930163337765,-0.6030930163337765,-0.6030930163337765,-0.6030930163337765,-0.6030930163337765,0.0,0.0,0.0,18.602112069313147
64,2020-05-31,19.09165785529256,13.077589008208923,25.63011407970474,19.09165785529256,19.09165785529256,0.14403879130580582,0.14403879130580582,0.14403879130580582,0.14403879130580582,0.14403879130580582,0.14403879130580582,0.0,0.0,0.0,19.235696646598367
65,2020-06-30,18.981773438820593,15.025248273754174,27.809386241944733,18.981773438820593,18.981773438820593,2.459918933937817,2.459918933937817,2.459918933937817,2.459918933937817,2.459918933937817,2.459918933937817,0.0,0.0,0.0,21.44169237275841
66,2020-07-31,18.868226211008,12.526066590564142,26.02986062930406,18.868226211008,18.868226211008,0.3261439823947244,0.3261439823947244,0.3261439823947244,0.3261439823947244,0.3261439823947244,0.3261439823947244,0.0,0.0,0.0,19.194370193402726
67,2020-08-31,18.754678983195404,9.942839902096232,23.722336450651188,18.754678983195404,18.754678983195404,-1.4695833693743228,-1.4695833693743228,-1.4695833693743228,-1.4695833693743228,-1.4695833693743228,-1.4695833693743228,0.0,0.0,0.0,17.28509561382108
68,2020-09-30,18.64479456918322,9.01246059858727,22.553205861000485,18.64479456918322,18.64479456918322,-2.902415982244454,-2.902415982244454,-2.902415982244454,-2.902415982244454,-2.902415982244454,-2.902415982244454,0.0,0.0,0.0,15.742378586938765
69,2020-10-31,18.531247343559198,11.860013547010462,24.396399552851587,18.531247343559198,18.531247343559198,-0.4389649468003059,-0.4389649468003059,-0.4389649468003059,-0.4389649468003059,-0.4389649468003059,-0.4389649468003059,0.0,0.0,0.0,18.092282396758893
70,2020-11-30,18.421362931664984,9.474729591648941,23.102628604252235,18.421362931664984,18.421362931664984,-2.1631072873306,-2.1631072873306,-2.1631072873306,-2.1631072873306,-2.1631072873306,-2.1631072873306,0.0,0.0,0.0,16.258255644334383
71,2020-12-31,18.30781570604096,11.129355563791323,23.608274150516706,18.30781570604096,18.30781570604096,-0.7114171326874782,-0.7114171326874782,-0.7114171326874782,-0.7114171326874782,-0.7114171326874782,-0.7114171326874782,0.0,0.0,0.0,17.59639857335348
72,2021-01-31,18.194268483047367,10.168721066538591,23.947305245764127,18.194268483047367,18.194268483047367,-1.034328179413997,-1.034328179413997,-1.034328179413997,-1.034328179413997,-1.034328179413997,-1.034328179413997,0.0,0.0,0.0,17.15994030363337
73,2021-02-28,18.091709700988638,17.23916739883243,30.31238750121492,18.091709700988638,18.091709700988638,5.687528342986008,5.687528342986008,5.687528342986008,5.687528342986008,5.687528342986008,5.687528342986008,0.0,0.0,0.0,23.779238043974644
74,2021-03-31,17.978162477995042,11.688066908697536,24.794724760683565,17.978162477995042,17.978162477995042,0.33955216408928185,0.33955216408928185,0.33955216408928185,0.33955216408928185,0.33955216408928185,0.33955216408928185,0.0,0.0,0.0,18.317714642084322
75,2021-04-30,17.8682780686464,10.447589477481543,23.840144292345627,17.8682780686464,17.8682780686464,-0.6294958908420861,-0.6294958908420861,-0.6294958908420861,-0.6294958908420861,-0.6294958908420861,-0.6294958908420861,0.0,0.0,0.0,17.238782177804314
76,2021-05-31,17.754730846646204,11.281174918916134,24.253668860916804,17.754730846646204,17.754730846646204,0.21953065091607796,0.21953065091607796,0.21953065091607796,0.21953065091607796,0.21953065091607796,0.21953065091607796,0.0,0.0,0.0,17.97426149756228
77,2021-06-30,17.644846438258913,13.39456487675265,26.68974952227004,17.644846438258913,17.644846438258913,2.536909310881679,2.536909310881679,2.536909310881679,2.536909310881679,2.536909310881679,2.536909310881679,0.0,0.0,0.0,20.181755749140592
78,2021-07-31,17.531299216258716,11.36389760272512,24.32159251885715,17.531299216258716,17.531299216258716,0.3514294051367568,0.3514294051367568,0.3514294051367568,0.3514294051367568,0.3514294051367568,0.3514294051367568,0.0,0.0,0.0,17.882728621395472
79,2021-08-31,17.417751993382872,9.236359452071666,22.6342658042046,17.417751993382872,17.417751993382872,-1.5265259980231451,-1.5265259980231451,-1.5265259980231451,-1.5265259980231451,-1.5265259980231451,-1.5265259980231451,0.0,0.0,0.0,15.891225995359727
80,2021-09-30,17.30786758414818,7.672253666044786,20.76581288162463,17.30786758414818,17.30786758414818,-2.8936714031683484,-2.8936714031683484,-2.8936714031683484,-2.8936714031683484,-2.8936714031683484,-2.8936714031683484,0.0,0.0,0.0,14.414196180979832
81,2021-10-31,17.194320361272336,9.761565188951792,22.892088555644836,17.194320361272336,17.194320361272336,-0.49589822821134477,-0.49589822821134477,-0.49589822821134477,-0.49589822821134477,-0.49589822821134477,-0.49589822821134477,0.0,0.0,0.0,16.69842213306099
82,2021-11-30,17.084435952037644,8.094595822376528,21.19786667793803,17.084435952037644,17.084435952037644,-2.235260491824028,-2.235260491824028,-2.235260491824028,-2.235260491824028,-2.235260491824028,-2.235260491824028,0.0,0.0,0.0,14.849175460213615
83,2021-12-31,16.970888727787397,9.72240298962016,23.364158256561314,16.970888727787397,16.970888727787397,-0.5538306224678897,-0.5538306224678897,-0.5538306224678897,-0.5538306224678897,-0.5538306224678897,-0.5538306224678897,0.0,0.0,0.0,16.41705810531951
84,2022-01-31,16.85734150353715,8.969642351808691,22.495414253281385,16.85734150353715,16.85734150353715,-1.025769146112715,-1.025769146112715,-1.025769146112715,-1.025769146112715,-1.025769146112715,-1.025769146112715,0.0,0.0,0.0,15.831572357424434
85,2022-02-28,16.754782720343368,16.09060053138431,28.85937376655031,16.754782720343368,16.754782720343368,5.66480793433517,5.66480793433517,5.66480793433517,5.66480793433517,5.66480793433517,5.66480793433517,0.0,0.0,0.0,22.419590654678537
86,2022-03-31,16.64123551089557,10.6471713523399,23.967820964240037,16.64123551089557,16.64123551089557,0.21262219998865292,0.21262219998865292,0.21262219998865292,0.21262219998865292,0.21262219998865292,0.21262219998865292,0.0,0.0,0.0,16.853857710884224
87,2022-04-30,16.531351114655763,9.693439426223451,22.782227125752534,16.531351114655763,16.531351114655763,-0.6516917652385931,-0.6516917652385931,-0.6516917652385931,-0.6516917652385931,-0.6516917652385931,-0.6516917652385931,0.0,0.0,0.0,15.87965934941717
88,2022-05-31,16.41780390520796,9.949792816165903,23.28003212574907,16.41780390520796,16.41780390520796,0.29767413217254923,0.29767413217254923,0.29767413217254923,0.29767413217254923,0.29767413217254923,0.29767413217254923,0.0,0.0,0.0,16.71547803738051
89,2022-06-30,16.30791950896816,12.176729245969755,25.55365662648861,16.30791950896816,16.30791950896816,2.6119177756016256,2.6119177756016256,2.6119177756016256,2.6119177756016256,2.6119177756016256,2.6119177756016256,0.0,0.0,0.0,18.919837284569784
90,2022-07-31,16.194372299520357,10.05824047359415,23.01945475695349,16.194372299520357,16.194372299520357,0.37406782750688716,0.37406782750688716,0.37406782750688716,0.37406782750688716,0.37406782750688716,0.37406782750688716,0.0,0.0,0.0,16.568440127027245
91,2022-08-31,16.08082509007256,8.108780816814114,21.328383802110107,16.08082509007256,16.08082509007256,-1.584457550581318,-1.584457550581318,-1.584457550581318,-1.584457550581318,-1.584457550581318,-1.584457550581318,0.0,0.0,0.0,14.49636753949124
92,2022-09-30,15.970940693832752,6.490323815786236,19.57159171088166,15.970940693832752,15.970940693832752,-2.884430637655352,-2.884430637655352,-2.884430637655352,-2.884430637655352,-2.884430637655352,-2.884430637655352,0.0,0.0,0.0,13.0865100561774
93,2022-10-31,15.85739348438495,8.543136151438018,21.655217255287663,15.85739348438495,15.85739348438495,-0.5535694296287693,-0.5535694296287693,-0.5535694296287693,-0.5535694296287693,-0.5535694296287693,-0.5535694296287693,0.0,0.0,0.0,15.30382405475618
94,2022-11-30,15.747509088145147,6.5039581799358155,19.94204016843824,15.747509088145147,15.747509088145147,-2.303367776391972,-2.303367776391972,-2.303367776391972,-2.303367776391972,-2.303367776391972,-2.303367776391972,0.0,0.0,0.0,13.444141311753175
95,2022-12-31,15.633961878697345,8.753664978322652,21.64595664668212,15.633961878697345,15.633961878697345,-0.3949107749069029,-0.3949107749069029,-0.3949107749069029,-0.3949107749069029,-0.3949107749069029,-0.3949107749069029,0.0,0.0,0.0,15.239051103790443
96,2023-01-31,15.520414669249545,8.164868972808739,20.960786844401436,15.520414669249545,15.520414669249545,-1.018247188739572,-1.018247188739572,-1.018247188739572,-1.018247188739572,-1.018247188739572,-1.018247188739572,0.0,0.0,0.0,14.502167480509973
97,2023-02-28,15.417855899425726,14.79447703880304,27.596156810795453,15.417855899425726,15.417855899425726,5.637053992038386,5.637053992038386,5.637053992038386,5.637053992038386,5.637053992038386,5.637053992038386,0.0,0.0,0.0,21.054909891464114
98,2023-03-31,15.304308689977926,8.708481662845626,21.569368079540993,15.304308689977926,15.304308689977926,0.0864706640331056,0.0864706640331056,0.0864706640331056,0.0864706640331056,0.0864706640331056,0.0864706640331056,0.0,0.0,0.0,15.390779354011032
99,2023-04-30,15.19442429373812,8.047411101536401,20.73582528336726,15.19442429373812,15.19442429373812,-0.669641105725077,-0.669641105725077,-0.669641105725077,-0.669641105725077,-0.669641105725077,-0.669641105725077,0.0,0.0,0.0,14.524783188013043
100,2023-05-31,15.080877084290318,9.035844105473931,21.982611821382903,15.080877084290318,15.080877084290318,0.3783408609721072,0.3783408609721072,0.3783408609721072,0.3783408609721072,0.3783408609721072,0.3783408609721072,0.0,0.0,0.0,15.459217945262425
101,2023-06-30,14.970992688050513,11.150696329475672,25.0752844402887,14.970992688050513,14.970992688050513,2.684820997028155,2.684820997028155,2.684820997028155,2.684820997028155,2.684820997028155,2.684820997028155,0.0,0.0,0.0,17.65581368507867
102,2023-07-31,14.857445478602713,8.839113083263967,22.02644810003351,14.857445478602713,14.857445478602713,0.39404908474743133,0.39404908474743133,0.39404908474743133,0.39404908474743133,0.39404908474743133,0.39404908474743133,0.0,0.0,0.0,15.251494563350144
103,2023-08-31,14.743898269154915,6.862585055975321,19.88552391681424,14.743898269154915,14.743898269154915,-1.6432948807703545,-1.6432948807703545,-1.6432948807703545,-1.6432948807703545,-1.6432948807703545,-1.6432948807703545,0.0,0.0,0.0,13.10060338838456
104,2023-09-30,14.634013872915109,5.434671842702876,18.372401805681154,14.634013872915109,14.634013872915109,-2.874667880168594,-2.874667880168594,-2.874667880168594,-2.874667880168594,-2.874667880168594,-2.874667880168594,0.0,0.0,0.0,11.759345992746514
105,2023-10-31,14.520466663467307,7.767090200967543,20.979744460839054,14.520466663467307,14.520466663467307,-0.6118931768429368,-0.6118931768429368,-0.6118931768429368,-0.6118931768429368,-0.6118931768429368,-0.6118931768429368,0.0,0.0,0.0,13.90857348662437
106,2023-11-30,14.4105822672275,5.741471566432124,18.51739241708714,14.4105822672275,14.4105822672275,-2.367384312721482,-2.367384312721482,-2.367384312721482,-2.367384312721482,-2.367384312721482,-2.367384312721482,0.0,0.0,0.0,12.043197954506018
107,2023-12-31,14.297035057779702,7.533711748043402,20.166286319312494,14.297035057779702,14.297035057779702,-0.23484378653477983,-0.23484378653477983,-0.23484378653477983,-0.23484378653477983,-0.23484378653477983,-0.23484378653477983,0.0,0.0,0.0,14.062191271244922
108,2024-01-01,14.293372244571707,6.641772184620398,20.207264449647813,14.293372244571707,14.293372244571707,-0.867486997528474,-0.867486997528474,-0.867486997528474,-0.867486997528474,-0.867486997528474,-0.867486997528474,0.0,0.0,0.0,13.425885247043233
109,2024-01-02,14.289709431363717,6.010660851344431,19.660208045629567,14.289709431363717,14.289709431363717,-1.4730502346650989,-1.4730502346650989,-1.4730502346650989,-1.4730502346650989,-1.4730502346650989,-1.4730502346650989,0.0,0.0,0.0,12.816659196698618
110,2024-01-03,14.286046618155721,5.5761070203859155,18.904867187669677,14.286046618155721,14.286046618155721,-2.040615885609096,-2.040615885609096,-2.040615885609096,-2.040615885609096,-2.040615885609096,-2.040615885609096,0.0,0.0,0.0,12.245430732546625
111,2024-01-04,14.282383804947727,5.545388154878811,18.320973884401756,14.282383804947727,14.282383804947727,-2.5604003260622377,-2.5604003260622377,-2.5604003260622377,-2.5604003260622377,-2.5604003260622377,-2.5604003260622377,0.0,0.0,0.0,11.72198347888549
112,2024-01-05,14.278720991739732,4.907094840957893,17.946609770713874,14.278720991739732,14.278720991739732,-3.0239802593507266,-3.0239802593507266,-3.0239802593507266,-3.0239802593507266,-3.0239802593507266,-3.0239802593507266,0.0,0.0,0.0,11.254740732389006
113,2024-01-06,14.275058178531742,4.080752293525456,17.336211215007733,14.275058178531742,14.275058178531742,-3.424480684429723,-3.424480684429723,-3.424480684429723,-3.424480684429723,-3.424480684429723,-3.424480684429723,0.0,0.0,0.0,10.85057749410202
114,2024-01-07,14.271395365323746,4.058660387545581,17.171597123821112,14.271395365323746,14.271395365323746,-3.756719488789737,-3.756719488789737,-3.756719488789737,-3.756719488789737,-3.756719488789737,-3.756719488789737,0.0,0.0,0.0,10.51467587653401
115,2024-01-08,14.267732552115751,3.489692060287982,16.745827190360217,14.267732552115751,14.267732552115751,-4.017304877427002,-4.017304877427002,-4.017304877427002,-4.017304877427002,-4.017304877427002,-4.017304877427002,0.0,0.0,0.0,10.250427674688748
116,2024-01-09,14.26406973890776,3.4078141719329764,16.614180188776974,14.26406973890776,14.26406973890776,-4.204683173229503,-4.204683173229503,-4.204683173229503,-4.204683173229503,-4.204683173229503,-4.204683173229503,0.0,0.0,0.0,10.059386565678258
117,2024-01-10,14.260406925699765,3.7738240587220195,16.6771626641663,14.260406925699765,14.260406925699765,-4.319135920540893,-4.319135920540893,-4.319135920540893,-4.319135920540893,-4.319135920540893,-4.319135920540893,0.0,0.0,0.0,9.941271005158873
118,2024-01-11,14.256744112491774,3.5691717483384853,16.152239794773124,14.256744112491774,14.256744112491774,-4.362726652661969,-4.362726652661969,-4.362726652661969,-4.362726652661969,-4.362726652661969,-4.362726652661969,0.0,0.0,0.0,9.894017459829804
119,2024-01-12,14.253081299283778,3.3426027862812293,16.33004179444457,14.253081299283778,14.253081299283778,-4.339199104872519,-4.339199104872519,-4.339199104872519,-4.339199104872519,-4.339199104872519,-4.339199104872519,0.0,0.0,0.0,9.913882194411258
120,2024-01-13,14.249418486075784,3.7619670758543737,16.71844903707728,14.249418486075784,14.249418486075784,-4.253830026609469,-4.253830026609469,-4.253830026609469,-4.253830026609469,-4.253830026609469,-4.253830026609469,0.0,0.0,0.0,9.995588459466315
121,2024-01-14,14.245755672867793,3.713692766794562,17.0338870055169,14.245755672867793,14.245755672867793,-4.113241030347999,-4.113241030347999,-4.113241030347999,-4.113241030347999,-4.113241030347999,-4.113241030347999,0.0,0.0,0.0,10.132514642519794
122,2024-01-15,14.242092859659797,3.666394393691812,16.975849695106838,14.242092859659797,14.242092859659797,-3.9251750733918676,-3.9251750733918676,-3.9251750733918676,-3.9251750733918676,-3.9251750733918676,-3.9251750733918676,0.0,0.0,0.0,10.316917786267929
123,2024-01-16,14.238430046451807,4.349258448032484,17.233263196935106,14.238430046451807,14.238430046451807,-3.6982441687976966,-3.6982441687976966,-3.6982441687976966,-3.6982441687976966,-3.6982441687976966,-3.6982441687976966,0.0,0.0,0.0,10.54018587765411
124,2024-01-17,14.234767233243812,4.85829177271924,17.658876321365092,14.234767233243812,14.234767233243812,-3.441655733738482,-3.441655733738482,-3.441655733738482,-3.441655733738482,-3.441655733738482,-3.441655733738482,0.0,0.0,0.0,10.79311149950533
125,2024-01-18,14.231104420035818,4.171683496869851,17.426324414773262,14.231104420035818,14.231104420035818,-3.1649255841859096,-3.1649255841859096,-3.1649255841859096,-3.1649255841859096,-3.1649255841859096,-3.1649255841859096,0.0,0.0,0.0,11.066178835849907
126,2024-01-19,14.227441606827824,5.058857192718369,18.06969929070915,14.227441606827824,14.227441606827824,-2.877585955842741,-2.877585955842741,-2.877585955842741,-2.877585955842741,-2.877585955842741,-2.877585955842741,0.0,0.0,0.0,11.349855650985084
127,2024-01-20,14.22377879361983,4.948876662598899,17.961081410009065,14.22377879361983,14.22377879361983,-2.5888970617007576,-2.5888970617007576,-2.5888970617007576,-2.5888970617007576,-2.5888970617007576,-2.5888970617007576,0.0,0.0,0.0,11.634881731919073
128,2024-01-21,14.220115980411837,5.395092423258909,18.550651308748602,14.220115980411837,14.220115980411837,-2.3075705820687906,-2.3075705820687906,-2.3075705820687906,-2.3075705820687906,-2.3075705820687906,-2.3075705820687906,0.0,0.0,0.0,11.912545398343045
129,2024-01-22,14.216453167203843,5.835132306555907,18.677527892905637,14.216453167203843,14.216453167203843,-2.0415131259818224,-2.0415131259818224,-2.0415131259818224,-2.0415131259818224,-2.0415131259818224,-2.0415131259818224,0.0,0.0,0.0,12.17494004122202
130,2024-01-23,14.212790353995851,6.233938696886513,18.99895854408382,14.212790353995851,14.212790353995851,-1.7975971134771116,-1.7975971134771116,-1.7975971134771116,-1.7975971134771116,-1.7975971134771116,-1.7975971134771116,0.0,0.0,0.0,12.41519324051874
131,2024-01-24,14.209127540787858,6.418700049801773,19.0126781470854,14.209127540787858,14.209127540787858,-1.5814657225145377,-1.5814657225145377,-1.5814657225145377,-1.5814657225145377,-1.5814657225145377,-1.5814657225145377,0.0,0.0,0.0,12.627661818273321
