,ds,trend,yhat_lower,yhat_upper,trend_lower,trend_upper,additive_terms,additive_terms_lower,additive_terms_upper,yearly,yearly_lower,yearly_upper,multiplicative_terms,multiplicative_terms_lower,multiplicative_terms_upper,yhat
0,2021-01-31,10.971088000000002,11.618958986146902,19.00513596549405,10.971088000000002,10.971088000000002,4.344545763523638,4.344545763523638,4.344545763523638,4.344545763523638,4.344545763523638,4.344545763523638,0.0,0.0,0.0,15.315633763523639
1,2021-02-28,11.04398230877193,7.788705421890733,15.246563595028611,11.04398230877193,11.04398230877193,0.6356064905367049,0.6356064905367049,0.6356064905367049,0.6356064905367049,0.6356064905367049,0.6356064905367049,0.0,0.0,0.0,11.679588799308636
2,2021-03-31,11.124686716102156,14.37918195008452,22.132197009293183,11.124686716102156,11.124686716102156,7.093081695900914,7.093081695900914,7.093081695900914,7.093081695900914,7.093081695900914,7.093081695900914,0.0,0.0,0.0,18.21776841200307
3,2021-04-30,11.202787751104974,8.644700748084666,16.346168559421013,11.202787751104974,11.202787751104974,1.1688411995411832,1.1688411995411832,1.1688411995411832,1.1688411995411832,1.1688411995411832,1.1688411995411832,0.0,0.0,0.0,12.371628950646159
4,2021-05-31,11.283492155571635,9.471698872616857,17.72535774792747,11.283492155571635,11.283492155571635,2.38089812129754,2.38089812129754,2.38089812129754,2.38089812129754,2.38089812129754,2.38089812129754,0.0,0.0,0.0,13.664390276869174
5,2021-06-30,11.361593195861701,9.785473918408329,17.500262253229874,11.361593195861701,11.361593195861701,2.162622094538348,2.162622094538348,2.162622094538348,2.162622094538348,2.162622094538348,2.162622094538348,0.0,0.0,0.0,13.524215290400049
6,2021-07-31,11.442297607073405,8.595148125793012,16.38133703650462,11.442297607073405,11.442297607073405,1.1181574682240134,1.1181574682240134,1.1181574682240134,1.1181574682240134,1.1181574682240134,1.1181574682240134,0.0,0.0,0.0,12.56045507529742
7,2021-08-31,11.523002014411636,5.1734872736423245,13.17258895764337,11.523002014411636,11.523002014411636,-2.356420442883144,-2.356420442883144,-2.356420442883144,-2.356420442883144,-2.356420442883144,-2.356420442883144,0.0,0.0,0.0,9.166581571528493
8,2021-09-30,11.601103053771217,8.699856637229603,16.280332295327785,11.601103053771217,11.601103053771217,0.8124475680514993,0.8124475680514993,0.8124475680514993,0.8124475680514993,0.8124475680514993,0.8124475680514993,0.0,0.0,0.0,12.413550621822717
9,2021-10-31,11.681807458116305,11.673743339992019,19.41535806649723,11.681807458116305,11.681807458116305,4.083493307326056,4.083493307326056,4.083493307326056,4.083493307326056,4.083493307326056,4.083493307326056,0.0,0.0,0.0,15.765300765442362
10,2021-11-30,11.759908480841213,6.2840950546945775,14.213394915311886,11.759908480841213,11.759908480841213,-1.483278314046055,-1.483278314046055,-1.483278314046055,-1.483278314046055,-1.483278314046055,-1.483278314046055,0.0,0.0,0.0,10.276630166795158
11,2021-12-31,11.840505804079886,14.682499284138931,22.19484820731451,11.840505804079886,11.840505804079886,6.4834778088282885,6.4834778088282885,6.4834778088282885,6.4834778088282885,6.4834778088282885,6.4834778088282885,0.0,0.0,0.0,18.323983612908172
12,2022-01-31,11.920977708476139,9.919147830154438,18.026018914003807,11.920977708476139,11.920977708476139,1.9079521508596244,1.9079521508596244,1.9079521508596244,1.9079521508596244,1.9079521508596244,1.9079521508596244,0.0,0.0,0.0,13.828929859335764
13,2022-02-28,11.993639070593069,15.589140088780484,23.58758118210991,11.993639070593069,11.993639070593069,7.595041589313124,7.595041589313124,7.595041589313124,7.595041589313124,7.595041589313124,7.595041589313124,0.0,0.0,0.0,19.588680659906192
14,2022-03-31,12.074041638675192,13.909054112337095,21.963288506602176,12.074041638675192,12.074041638675192,5.898654902603536,5.898654902603536,5.898654902603536,5.898654902603536,5.898654902603536,5.898654902603536,0.0,0.0,0.0,17.97269654127873
15,2022-04-30,12.151840870514762,7.768577671247576,15.587529408282775,12.151840870514762,12.151840870514762,-0.6178926725819324,-0.6178926725819324,-0.6178926725819324,-0.6178926725819324,-0.6178926725819324,-0.6178926725819324,0.0,0.0,0.0,11.53394819793283
16,2022-05-31,12.231965437584511,9.028935887946936,17.000462654456648,12.231965437584511,12.231965437584511,0.7784778989452804,0.7784778989452804,0.7784778989452804,0.7784778989452804,0.7784778989452804,0.7784778989452804,0.0,0.0,0.0,13.010443336529791
17,2022-06-30,12.309388766162805,9.263022089263423,17.15042092972734,12.309388766162805,12.309388766162805,1.0055798220249443,1.0055798220249443,1.0055798220249443,1.0055798220249443,1.0055798220249443,1.0055798220249443,0.0,0.0,0.0,13.31496858818775
18,2022-07-31,12.389365000334182,10.186333244504693,18.182316150873216,12.389365000334182,12.389365000334182,1.6648757550340467,1.6648757550340467,1.6648757550340467,1.6648757550340467,1.6648757550340467,1.6648757550340467,0.0,0.0,0.0,14.054240755368228
19,2022-08-31,12.469339688679584,11.674929603896402,19.488075821925566,12.469339688679584,12.469339688679584,3.1308431544263953,3.1308431544263953,3.1308431544263953,3.1308431544263953,3.1308431544263953,3.1308431544263953,0.0,0.0,0.0,15.60018284310598
20,2022-09-30,12.546457818490865,6.026182484254435,14.142893277443235,12.546457818490865,12.546457818490865,-2.509940280539647,-2.509940280539647,-2.509940280539647,-2.509940280539647,-2.509940280539647,-2.509940280539647,0.0,0.0,0.0,10.036517537951218
21,2022-10-31,12.626146552629189,12.731637018482383,20.29140154881765,12.626146552629189,12.626146552629189,3.853656214580427,3.853656214580427,3.853656214580427,3.853656214580427,3.853656214580427,3.853656214580427,0.0,0.0,0.0,16.479802767209616
22,2022-11-30,12.703256416308326,8.686499615014466,16.60663384213094,12.703256416308326,12.703256416308326,-0.10870260725251918,-0.10870260725251918,-0.10870260725251918,-0.10870260725251918,-0.10870260725251918,-0.10870260725251918,0.0,0.0,0.0,12.594553809055807
23,2022-12-31,12.782905594567463,11.994708291730236,19.76904704143972,12.782905594567463,12.782905594567463,3.037515055870603,3.037515055870603,3.037515055870603,3.037515055870603,3.037515055870603,3.037515055870603,0.0,0.0,0.0,15.820420650438066
24,2023-01-31,12.862554767738121,8.439090117357768,16.65122283952628,12.862554767738121,12.862554767738121,-0.3969397620390831,-0.3969397620390831,-0.3969397620390831,-0.3969397620390831,-0.3969397620390831,-0.3969397620390831,0.0,0.0,0.0,12.46561500569904
25,2023-02-28,12.934495955522792,23.724383215318547,31.385314981715418,12.934495955522792,12.934495955522792,14.543523104068615,14.543523104068615,14.543523104068615,14.543523104068615,14.543523104068615,14.543523104068615,0.0,0.0,0.0,27.478019059591407
26,2023-03-31,13.014145128390943,13.482585531017472,21.100955112610578,13.014145128390943,13.014145128390943,4.573572747166307,4.573572747166307,4.573572747166307,4.573572747166307,4.573572747166307,4.573572747166307,0.0,0.0,0.0,17.58771787555725
27,2023-04-30,13.091224971899203,6.756799642784933,14.428254341638656,13.091224971899203,13.091224971899203,-2.441027785427513,-2.441027785427513,-2.441027785427513,-2.441027785427513,-2.441027785427513,-2.441027785427513,0.0,0.0,0.0,10.65019718647169
28,2023-05-31,13.170874135657304,9.127229669720526,16.209503921803783,13.170874135657304,13.170874135657304,-0.8101059314105887,-0.8101059314105887,-0.8101059314105887,-0.8101059314105887,-0.8101059314105887,-0.8101059314105887,0.0,0.0,0.0,12.360768204246714
29,2023-06-30,13.24795397155224,9.195475696499626,17.137758223481267,13.24795397155224,13.24795397155224,-0.08490251367108102,-0.08490251367108102,-0.08490251367108102,-0.08490251367108102,-0.08490251367108102,-0.08490251367108102,0.0,0.0,0.0,13.16305145788116
30,2023-07-31,13.327603135310342,11.718599902644346,19.36480777826212,13.327603135310342,13.327603135310342,2.3068733594765547,2.3068733594765547,2.3068733594765547,2.3068733594765547,2.3068733594765547,2.3068733594765547,0.0,0.0,0.0,15.634476494786897
31,2023-08-31,13.407252299068443,17.943923657580978,25.60711754380611,13.407252299068443,13.407252299068443,8.575976771837826,8.575976771837826,8.575976771837826,8.575976771837826,8.575976771837826,8.575976771837826,0.0,0.0,0.0,21.98322907090627
32,2023-09-30,13.48433213496338,3.6217243311487657,11.424871363108295,13.48433213496338,13.48433213496338,-5.9118023062091485,-5.9118023062091485,-5.9118023062091485,-5.9118023062091485,-5.9118023062091485,-5.9118023062091485,0.0,0.0,0.0,7.572529828754231
33,2023-10-31,13.56398129872148,13.382106503249371,21.18922398448673,13.56398129872148,13.56398129872148,3.641696714184614,3.641696714184614,3.641696714184614,3.641696714184614,3.641696714184614,3.641696714184614,0.0,0.0,0.0,17.205678012906095
34,2023-11-30,13.641061134616416,10.779146524026222,19.025347904586006,13.641061134616416,13.641061134616416,1.227837295666082,1.227837295666082,1.227837295666082,1.227837295666082,1.227837295666082,1.227837295666082,0.0,0.0,0.0,14.8688984302825
35,2023-12-31,13.720710298374517,9.608443944685872,17.19953385864617,13.720710298374517,13.720710298374517,-0.42218782392360643,-0.42218782392360643,-0.42218782392360643,-0.42218782392360643,-0.42218782392360643,-0.42218782392360643,0.0,0.0,0.0,13.29852247445091
36,2024-01-01,13.723279626237682,23.007824469687733,30.90922232675202,13.723279626237682,13.723279626237682,13.31702942486611,13.31702942486611,13.31702942486611,13.31702942486611,13.31702942486611,13.31702942486611,0.0,0.0,0.0,27.04030905110379
37,2024-01-02,13.725848954100845,36.42142350159837,44.27588307841495,13.725848954100845,13.725848954100845,26.631189946541543,26.631189946541543,26.631189946541543,26.631189946541543,26.631189946541543,26.631189946541543,0.0,0.0,0.0,40.35703890064239
38,2024-01-03,13.72841828196401,49.129009615470665,56.82533837892085,13.72841828196401,13.72841828196401,39.251280146183696,39.251280146183696,39.251280146183696,39.251280146183696,39.251280146183696,39.251280146183696,0.0,0.0,0.0,52.97969842814771
39,2024-01-04,13.730987609827176,61.08393700120913,68.59532430588168,13.730987609827176,13.730987609827176,50.91986739040295,50.91986739040295,50.91986739040295,50.91986739040295,50.91986739040295,50.91986739040295,0.0,0.0,0.0,64.65085500023012
40,2024-01-05,13.73355693769034,71.45508652099356,79.02520551168219,13.73355693769034,13.73355693769034,61.39798059002126,61.39798059002126,61.39798059002126,61.39798059002126,61.39798059002126,61.39798059002126,0.0,0.0,0.0,75.1315375277116
41,2024-01-06,13.736126265553503,80.29596706739424,88.18684961110625,13.736126265553503,13.736126265553503,70.47171752933559,70.47171752933559,70.47171752933559,70.47171752933559,70.47171752933559,70.47171752933559,0.0,0.0,0.0,84.2078437948891
42,2024-01-07,13.738695593416669,87.52488127232282,95.45682091574749,13.738695593416669,13.738695593416669,77.95838911982382,77.95838911982382,77.95838911982382,77.95838911982382,77.95838911982382,77.95838911982382,0.0,0.0,0.0,91.69708471324049
43,2024-01-08,13.741264921279834,93.66832882591065,101.10871133771555,13.74126477661054,13.741264921279834,83.71201821030905,83.71201821030905,83.71201821030905,83.71201821030905,83.71201821030905,83.71201821030905,0.0,0.0,0.0,97.45328313158889
44,2024-01-09,13.743834249142997,97.29261278243995,105.33540462645308,13.743833749398501,13.743834249142997,87.62802343695087,87.62802343695087,87.62802343695087,87.62802343695087,87.62802343695087,87.62802343695087,0.0,0.0,0.0,101.37185768609386
45,2024-01-10,13.746403577006163,99.57958838110417,107.12654979729417,13.746402754583656,13.746403730603314,89.64693660382417,89.64693660382417,89.64693660382417,89.64693660382417,89.64693660382417,89.64693660382417,0.0,0.0,0.0,103.39334018083034
46,2024-01-11,13.748972904869326,99.70471972538726,107.35750655958557,13.748971513923518,13.748973417231221,89.75702484520791,89.75702484520791,89.75702484520791,89.75702484520791,89.75702484520791,89.75702484520791,0.0,0.0,0.0,103.50599775007723
47,2024-01-12,13.751542232732492,97.80333672148225,105.6619892488088,13.75153994008611,13.751543209526158,87.99571578280451,87.99571578280451,87.99571578280451,87.99571578280451,87.99571578280451,87.99571578280451,0.0,0.0,0.0,101.747258015537
48,2024-01-13,13.754111560595657,94.21711403529054,101.97263191352637,13.754108443386816,13.754113091465547,84.44975437981451,84.44975437981451,84.44975437981451,84.44975437981451,84.44975437981451,84.44975437981451,0.0,0.0,0.0,98.20386594041017
49,2024-01-14,13.75668088845882,88.85309582112592,96.93603193648063,13.756676955827595,13.756683226851564,79.25405340992047,79.25405340992047,79.25405340992047,79.25405340992047,79.25405340992047,79.25405340992047,0.0,0.0,0.0,93.01073429837929
50,2024-01-15,13.759250216321984,82.25587920274307,90.17440973130978,13.759245429990068,13.759253090886366,72.58923451455921,72.58923451455921,72.58923451455921,72.58923451455921,72.58923451455921,72.58923451455921,0.0,0.0,0.0,86.3484847308812
51,2024-01-16,13.76181954418515,74.53830926640036,82.25149942732789,13.761813434764068,13.761823404184256,64.67789276007296,64.67789276007296,64.67789276007296,64.67789276007296,64.67789276007296,64.67789276007296,0.0,0.0,0.0,78.43971230425811
52,2024-01-17,13.764388872048315,65.5869364247732,73.48793532209619,13.76438191620517,13.76439312985399,55.77965342339317,55.77965342339317,55.77965342339317,55.77965342339317,55.77965342339317,55.77965342339317,0.0,0.0,0.0,69.54404229544149
53,2024-01-18,13.766958199911478,56.062820672051934,63.761104530913215,13.76694974527806,13.766963183269716,46.18512441696182,46.18512441696182,46.18512441696182,46.18512441696182,46.18512441696182,46.18512441696182,0.0,0.0,0.0,59.9520826168733
54,2024-01-19,13.769527527774644,46.14836915192119,53.95277570466488,13.76951807170032,13.76953391357803,36.20888031164381,36.20888031164381,36.20888031164381,36.20888031164381,36.20888031164381,36.20888031164381,0.0,0.0,0.0,49.97840783941845
55,2024-01-20,13.772096855637807,36.23096928531257,43.87204807590983,13.772086077499605,13.772103871294693,26.181643368343885,26.181643368343885,26.181643368343885,26.181643368343885,26.181643368343885,26.181643368343885,0.0,0.0,0.0,39.95374022398169
56,2024-01-21,13.774666183500972,26.087633391333835,34.072112290315864,13.774654482912402,13.774674102527179,16.441852467612183,16.441852467612183,16.441852467612183,16.441852467612183,16.441852467612183,16.441852467612183,0.0,0.0,0.0,30.216518651113155
57,2024-01-22,13.777235511364138,17.231878228778726,24.62792153175336,13.777222747659698,13.777244557878568,7.326831535776304,7.326831535776304,7.326831535776304,7.326831535776304,7.326831535776304,7.326831535776304,0.0,0.0,0.0,21.10406704714044
58,2024-01-23,13.779804839227301,9.203220651158226,16.623871638367703,13.77979134877797,13.779814928363297,-0.8362156489459799,-0.8362156489459799,-0.8362156489459799,-0.8362156489459799,-0.8362156489459799,-0.8362156489459799,0.0,0.0,0.0,12.94358919028132
59,2024-01-24,13.782374167090465,2.0502597577621438,9.954846732057886,13.782359553914715,13.782386381280721,-7.739148054809562,-7.739148054809562,-7.739148054809562,-7.739148054809562,-7.739148054809562,-7.739148054809562,0.0,0.0,0.0,6.043226112280903
