,ds,trend,yhat_lower,yhat_upper,trend_lower,trend_upper,additive_terms,additive_terms_lower,additive_terms_upper,yearly,yearly_lower,yearly_upper,multiplicative_terms,multiplicative_terms_lower,multiplicative_terms_upper,yhat
0,2008-01-31,32.731048875,26.40958641928253,36.59145839058139,32.731048875,32.731048875,-1.3108532682832907,-1.3108532682832907,-1.3108532682832907,-1.3108532682832907,-1.3108532682832907,-1.3108532682832907,0.0,0.0,0.0,31.420195606716707
1,2008-02-29,32.67041150260192,30.47387636067522,40.748500660192924,32.67041150260192,32.67041150260192,3.0030233233742933,3.0030233233742933,3.0030233233742933,3.0030233233742933,3.0030233233742933,3.0030233233742933,0.0,0.0,0.0,35.673434825976216
2,2008-03-31,32.60559224245226,27.995328435609274,38.33656693525103,32.60559224245226,32.60559224245226,0.4026972151689262,0.4026972151689262,0.4026972151689262,0.4026972151689262,0.4026972151689262,0.4026972151689262,0.0,0.0,0.0,33.00828945762119
3,2008-04-30,32.54286392617839,26.567032663993846,36.73505716282646,32.54286392617839,32.54286392617839,-1.1528781682240679,-1.1528781682240679,-1.1528781682240679,-1.1528781682240679,-1.1528781682240679,-1.1528781682240679,0.0,0.0,0.0,31.389985757954324
4,2008-05-31,32.47804466602872,26.092055858313515,36.340047070812865,32.47804466602872,32.47804466602872,-1.2548314067592037,-1.2548314067592037,-1.2548314067592037,-1.2548314067592037,-1.2548314067592037,-1.2548314067592037,0.0,0.0,0.0,31.223213259269517
5,2008-06-30,32.41531634975486,28.225043961293977,39.42113015060135,32.41531634975486,32.41531634975486,1.360609134058659,1.360609134058659,1.360609134058659,1.360609134058659,1.360609134058659,1.360609134058659,0.0,0.0,0.0,33.775925483813516
6,2008-07-31,32.35049708960519,25.735578301478753,37.06234472449031,32.35049708960519,32.35049708960519,-0.7542237434181757,-0.7542237434181757,-0.7542237434181757,-0.7542237434181757,-0.7542237434181757,-0.7542237434181757,0.0,0.0,0.0,31.596273346187015
7,2008-08-31,32.28567782934192,25.487635691125853,35.88673342503716,32.28567782934192,32.28567782934192,-1.5469854804953602,-1.5469854804953602,-1.5469854804953602,-1.5469854804953602,-1.5469854804953602,-1.5469854804953602,0.0,0.0,0.0,30.738692348846563
8,2008-09-30,32.22294951295811,25.08913095924879,35.30084439562715,32.22294951295811,32.22294951295811,-1.9067802831078828,-1.9067802831078828,-1.9067802831078828,-1.9067802831078828,-1.9067802831078828,-1.9067802831078828,0.0,0.0,0.0,30.316169229850228
9,2008-10-31,32.158130252694846,28.834798110320506,39.44891165421678,32.158130252694846,32.158130252694846,1.9505960538621399,1.9505960538621399,1.9505960538621399,1.9505960538621399,1.9505960538621399,1.9505960538621399,0.0,0.0,0.0,34.10872630655699
10,2008-11-30,32.095401936311035,28.54968518324385,38.79930042329739,32.095401936311035,32.095401936311035,1.4122935017914213,1.4122935017914213,1.4122935017914213,1.4122935017914213,1.4122935017914213,1.4122935017914213,0.0,0.0,0.0,33.50769543810246
11,2008-12-31,32.03058267604776,26.287897341000754,37.08159016155476,32.03058267604776,32.03058267604776,-0.23485648806128429,-0.23485648806128429,-0.23485648806128429,-0.23485648806128429,-0.23485648806128429,-0.23485648806128429,0.0,0.0,0.0,31.795726187986475
12,2009-01-31,31.965763415784494,25.423951351014892,35.80646603155441,31.965763415784494,31.965763415784494,-1.4578540706432648,-1.4578540706432648,-1.4578540706432648,-1.4578540706432648,-1.4578540706432648,-1.4578540706432648,0.0,0.0,0.0,30.50790934514123
13,2009-02-28,31.90721698686724,29.49857163422059,40.77521387463068,31.90721698686724,31.90721698686724,2.957509935670182,2.957509935670182,2.957509935670182,2.957509935670182,2.957509935670182,2.957509935670182,0.0,0.0,0.0,34.86472692253742
14,2009-03-31,31.842397726280293,26.961752198001122,37.66196896660451,31.842397726280293,31.842397726280293,0.4271219391703274,0.4271219391703274,0.4271219391703274,0.4271219391703274,0.4271219391703274,0.4271219391703274,0.0,0.0,0.0,32.26951966545062
15,2009-04-30,31.77966940958324,24.84540685793597,35.99172503260054,31.77966940958324,31.77966940958324,-1.181407397215614,-1.181407397215614,-1.181407397215614,-1.181407397215614,-1.181407397215614,-1.181407397215614,0.0,0.0,0.0,30.598262012367623
16,2009-05-31,31.714850148996284,24.96175279796576,35.563393511013174,31.714850148996284,31.714850148996284,-1.242152284993456,-1.242152284993456,-1.242152284993456,-1.242152284993456,-1.242152284993456,-1.242152284993456,0.0,0.0,0.0,30.47269786400283
17,2009-06-30,31.65212183229923,27.364310397322555,38.338518241940385,31.65212183229923,31.65212183229923,1.3492293817487873,1.3492293817487873,1.3492293817487873,1.3492293817487873,1.3492293817487873,1.3492293817487873,0.0,0.0,0.0,33.001351214048015
18,2009-07-31,31.587302571712275,25.71476844840972,36.247741695576515,31.587302571712275,31.587302571712275,-0.7289026639210533,-0.7289026639210533,-0.7289026639210533,-0.7289026639210533,-0.7289026639210533,-0.7289026639210533,0.0,0.0,0.0,30.85839990779122
19,2009-08-31,31.522483309814096,24.63551844315217,35.27686262349024,31.522483309814096,31.522483309814096,-1.5672965414569349,-1.5672965414569349,-1.5672965414569349,-1.5672965414569349,-1.5672965414569349,-1.5672965414569349,0.0,0.0,0.0,29.955186768357162
20,2009-09-30,31.45975499184811,24.39289306494169,34.814629665376536,31.45975499184811,31.45975499184811,-1.826211480443066,-1.826211480443066,-1.826211480443066,-1.826211480443066,-1.826211480443066,-1.826211480443066,0.0,0.0,0.0,29.633543511405044
21,2009-10-31,31.39493572994993,27.939924165689884,38.58343770403453,31.39493572994993,31.39493572994993,1.8317213351604327,1.8317213351604327,1.8317213351604327,1.8317213351604327,1.8317213351604327,1.8317213351604327,0.0,0.0,0.0,33.22665706511036
22,2009-11-30,31.332207411983944,27.77389350995334,37.78008866257936,31.332207411983944,31.332207411983944,1.4310345206617603,1.4310345206617603,1.4310345206617603,1.4310345206617603,1.4310345206617603,1.4310345206617603,0.0,0.0,0.0,32.763241932645705
23,2009-12-31,31.267388150085758,25.61820713466945,36.41682132865004,31.267388150085758,31.267388150085758,-0.23183105673987314,-0.23183105673987314,-0.23183105673987314,-0.23183105673987314,-0.23183105673987314,-0.23183105673987314,0.0,0.0,0.0,31.035557093345883
24,2010-01-31,31.202568888187574,24.523808579889607,35.22402539401351,31.202568888187574,31.202568888187574,-1.409696431238132,-1.409696431238132,-1.409696431238132,-1.409696431238132,-1.409696431238132,-1.409696431238132,0.0,0.0,0.0,29.792872456949443
25,2010-02-28,31.144022456237522,28.73800369466482,39.1949898354167,31.144022456237522,31.144022456237522,2.9100133810796147,2.9100133810796147,2.9100133810796147,2.9100133810796147,2.9100133810796147,2.9100133810796147,0.0,0.0,0.0,34.05403583731714
26,2010-03-31,31.07920319229282,26.32103880415988,36.76924921748495,31.07920319229282,31.07920319229282,0.4515182510989527,0.4515182510989527,0.4515182510989527,0.4515182510989527,0.4515182510989527,0.4515182510989527,0.0,0.0,0.0,31.530721443391773
27,2010-04-30,31.016474872346333,24.609379647010666,34.96562816346618,31.016474872346333,31.016474872346333,-1.2094222861074142,-1.2094222861074142,-1.2094222861074142,-1.2094222861074142,-1.2094222861074142,-1.2094222861074142,0.0,0.0,0.0,29.807052586238918
28,2010-05-31,30.951655608401627,23.78049983402644,34.471876415819914,30.951655608401627,30.951655608401627,-1.2285622667821152,-1.2285622667821152,-1.2285622667821152,-1.2285622667821152,-1.2285622667821152,-1.2285622667821152,0.0,0.0,0.0,29.72309334161951
29,2010-06-30,30.888927288455143,26.85972502302849,37.58210176410418,30.888927288455143,30.888927288455143,1.337180488580073,1.337180488580073,1.337180488580073,1.337180488580073,1.337180488580073,1.337180488580073,0.0,0.0,0.0,32.22610777703522
30,2010-07-31,30.824108024510437,24.92035294886762,35.92025525648099,30.824108024510437,30.824108024510437,-0.7033520150514357,-0.7033520150514357,-0.7033520150514357,-0.7033520150514357,-0.7033520150514357,-0.7033520150514357,0.0,0.0,0.0,30.120756009459
31,2010-08-31,30.75928875900868,24.229673098497397,34.570745939084176,30.75928875900868,30.75928875900868,-1.586950909395972,-1.586950909395972,-1.586950909395972,-1.586950909395972,-1.586950909395972,-1.586950909395972,0.0,0.0,0.0,29.172337849612706
32,2010-09-30,30.69656043755537,23.89389064413315,34.079535212757115,30.69656043755537,30.69656043755537,-1.7463619480187584,-1.7463619480187584,-1.7463619480187584,-1.7463619480187584,-1.7463619480187584,-1.7463619480187584,0.0,0.0,0.0,28.95019848953661
33,2010-10-31,30.631741172053612,26.905023473240238,37.46086082615442,30.631741172053612,30.631741172053612,1.7111015730829005,1.7111015730829005,1.7111015730829005,1.7111015730829005,1.7111015730829005,1.7111015730829005,0.0,0.0,0.0,32.342842745136515
34,2010-11-30,30.5690128506003,26.885379143753326,37.2276727791601,30.5690128506003,30.5690128506003,1.4509863863318981,1.4509863863318981,1.4509863863318981,1.4509863863318981,1.4509863863318981,1.4509863863318981,0.0,0.0,0.0,32.01999923693219
35,2010-12-31,30.50419358509854,25.06488846860613,35.58462711036755,30.50419358509854,30.50419358509854,-0.22768264084007186,-0.22768264084007186,-0.22768264084007186,-0.22768264084007186,-0.22768264084007186,-0.22768264084007186,0.0,0.0,0.0,30.27651094425847
36,2011-01-31,30.439374319596787,23.909206597150572,34.331835314159484,30.439374319596787,30.439374319596787,-1.360671012451538,-1.360671012451538,-1.360671012451538,-1.360671012451538,-1.360671012451538,-1.360671012451538,0.0,0.0,0.0,29.07870330714525
37,2011-02-28,30.380827886487914,28.035106739657557,38.390431286126656,30.380827886487914,30.380827886487914,2.8605592750171467,2.8605592750171467,2.8605592750171467,2.8605592750171467,2.8605592750171467,2.8605592750171467,0.0,0.0,0.0,33.24138716150506
38,2011-03-31,30.316008621260238,25.558041453473326,36.033309446053984,30.316008621260238,30.316008621260238,0.4759041013735955,0.4759041013735955,0.4759041013735955,0.4759041013735955,0.4759041013735955,0.4759041013735955,0.0,0.0,0.0,30.791912722633832
39,2011-04-30,30.25328030007216,23.639884038521952,34.18908282055076,30.25328030007216,30.25328030007216,-1.2368862384714199,-1.2368862384714199,-1.2368862384714199,-1.2368862384714199,-1.2368862384714199,-1.2368862384714199,0.0,0.0,0.0,29.01639406160074
40,2011-05-31,30.188461034844476,23.68229154822428,34.3410032261008,30.188461034844476,30.188461034844476,-1.214081757420598,-1.214081757420598,-1.214081757420598,-1.214081757420598,-1.214081757420598,-1.214081757420598,0.0,0.0,0.0,28.97437927742388
41,2011-06-30,30.1257327136564,26.098849187829426,36.49147201575524,30.1257327136564,30.1257327136564,1.3244620261889486,1.3244620261889486,1.3244620261889486,1.3244620261889486,1.3244620261889486,1.3244620261889486,0.0,0.0,0.0,31.45019473984535
42,2011-07-31,30.060913448428717,24.105962526388865,34.4986419887884,30.060913448428717,30.060913448428717,-0.6775783458383544,-0.6775783458383544,-0.6775783458383544,-0.6775783458383544,-0.6775783458383544,-0.6775783458383544,0.0,0.0,0.0,29.38333510259036
43,2011-08-31,29.99609418320104,23.107415983580186,33.643377908396076,29.99609418320104,29.99609418320104,-1.6059468970222321,-1.6059468970222321,-1.6059468970222321,-1.6059468970222321,-1.6059468970222321,-1.6059468970222321,0.0,0.0,0.0,28.39014728617881
44,2011-09-30,29.93336586047534,23.262611263353282,33.65992030945488,29.93336586047534,29.93336586047534,-1.6673078316042107,-1.6673078316042107,-1.6673078316042107,-1.6673078316042107,-1.6673078316042107,-1.6673078316042107,0.0,0.0,0.0,28.26605802887113
45,2011-10-31,29.868546593658788,26.188949883887524,36.736629279512094,29.868546593658788,29.868546593658788,1.5888326653611458,1.5888326653611458,1.5888326653611458,1.5888326653611458,1.5888326653611458,1.5888326653611458,0.0,0.0,0.0,31.457379259019934
46,2011-11-30,29.805818270933088,26.084949763178763,36.99492315428846,29.805818270933088,29.805818270933088,1.4721683433907202,1.4721683433907202,1.4721683433907202,1.4721683433907202,1.4721683433907202,1.4721683433907202,0.0,0.0,0.0,31.277986614323808
47,2011-12-31,29.740999004116535,24.217507482752463,34.77238653393326,29.740999004116535,29.740999004116535,-0.22241663617908733,-0.22241663617908733,-0.22241663617908733,-0.22241663617908733,-0.22241663617908733,-0.22241663617908733,0.0,0.0,0.0,29.518582367937448
48,2012-01-31,29.676179737299982,22.99835141370202,33.62216550273349,29.676179737299982,29.676179737299982,-1.3108532682829654,-1.3108532682829654,-1.3108532682829654,-1.3108532682829654,-1.3108532682829654,-1.3108532682829654,0.0,0.0,0.0,28.365326469017017
49,2012-02-29,29.61554235866514,27.408092122776214,38.19522610162853,29.61554235866514,29.61554235866514,3.0030233233742023,3.0030233233742023,3.0030233233742023,3.0030233233742023,3.0030233233742023,3.0030233233742023,0.0,0.0,0.0,32.618565682039346
50,2012-03-31,29.55072309148998,24.658194667361233,35.1991969337194,29.55072309148998,29.55072309148998,0.4026972151690009,0.4026972151690009,0.4026972151690009,0.4026972151690009,0.4026972151690009,0.4026972151690009,0.0,0.0,0.0,29.953420306658984
51,2012-04-30,29.487994768417245,23.066561482512945,33.69348156184094,29.487994768417245,29.487994768417245,-1.1528781682242275,-1.1528781682242275,-1.1528781682242275,-1.1528781682242275,-1.1528781682242275,-1.1528781682242275,0.0,0.0,0.0,28.335116600193018
52,2012-05-31,29.423175501242085,23.14274418138932,33.43747183520875,29.423175501242085,29.423175501242085,-1.2548314067589579,-1.2548314067589579,-1.2548314067589579,-1.2548314067589579,-1.2548314067589579,-1.2548314067589579,0.0,0.0,0.0,28.16834409448313
53,2012-06-30,29.36044717816934,25.53934024250244,35.75357143585913,29.36044717816934,29.36044717816934,1.3606091340585387,1.3606091340585387,1.3606091340585387,1.3606091340585387,1.3606091340585387,1.3606091340585387,0.0,0.0,0.0,30.72105631222788
54,2012-07-31,29.29562791099418,23.180290429305426,33.623211404022356,29.29562791099418,29.29562791099418,-0.7542237434180372,-0.7542237434180372,-0.7542237434180372,-0.7542237434180372,-0.7542237434180372,-0.7542237434180372,0.0,0.0,0.0,28.541404167576143
55,2012-08-31,29.230808643819017,22.333904078965784,33.13207636721466,29.230808643819017,29.230808643819017,-1.5469854804951366,-1.5469854804951366,-1.5469854804951366,-1.5469854804951366,-1.5469854804951366,-1.5469854804951366,0.0,0.0,0.0,27.68382316332388
56,2012-09-30,29.168080330732376,21.87554100462901,32.23790443155303,29.168080330732376,29.168080330732376,-1.9067802831079346,-1.9067802831079346,-1.9067802831079346,-1.9067802831079346,-1.9067802831079346,-1.9067802831079346,0.0,0.0,0.0,27.26130004762444
57,2012-10-31,29.103261073876183,25.833630105040466,36.29183901033073,29.103261073876183,29.103261073876183,1.9505960538622746,1.9505960538622746,1.9505960538622746,1.9505960538622746,1.9505960538622746,1.9505960538622746,0.0,0.0,0.0,31.053857127738457
58,2012-11-30,29.04053276078954,25.00179589159275,35.759605445570315,29.04053276078954,29.04053276078954,1.412293501791335,1.412293501791335,1.412293501791335,1.412293501791335,1.412293501791335,1.412293501791335,0.0,0.0,0.0,30.452826262580874
59,2012-12-31,28.975713503933346,23.44329031758279,33.965862047518755,28.975713503933346,28.975713503933346,-0.2348564880616175,-0.2348564880616175,-0.2348564880616175,-0.2348564880616175,-0.2348564880616175,-0.2348564880616175,0.0,0.0,0.0,28.74085701587173
60,2013-01-31,28.91089424707714,22.13158854676145,33.2685023729652,28.91089424707714,28.91089424707714,-1.4578540706433198,-1.4578540706433198,-1.4578540706433198,-1.4578540706433198,-1.4578540706433198,-1.4578540706433198,0.0,0.0,0.0,27.453040176433824
61,2013-02-28,28.85234782152961,26.373046598328173,37.37641802436563,28.85234782152961,28.85234782152961,2.9575099356700605,2.9575099356700605,2.9575099356700605,2.9575099356700605,2.9575099356700605,2.9575099356700605,0.0,0.0,0.0,31.80985775719967
62,2013-03-31,28.78753434542667,23.966416555553568,34.655505987296415,28.78753434542667,28.78753434542667,0.42712193917057184,0.42712193917057184,0.42712193917057184,0.42712193917057184,0.42712193917057184,0.42712193917057184,0.0,0.0,0.0,29.214656284597243
63,2013-04-30,28.724811626617388,22.394618515676257,32.81665973571724,28.724811626617388,28.724811626617388,-1.181407397215643,-1.181407397215643,-1.181407397215643,-1.181407397215643,-1.181407397215643,-1.181407397215643,0.0,0.0,0.0,27.543404229401744
64,2013-05-31,28.659998150514454,22.02468558788695,32.50577809958084,28.659998150514454,28.659998150514454,-1.2421522849933546,-1.2421522849933546,-1.2421522849933546,-1.2421522849933546,-1.2421522849933546,-1.2421522849933546,0.0,0.0,0.0,27.417845865521098
65,2013-06-30,28.597275431705164,24.672492919708212,35.26250552209524,28.597275431705164,28.597275431705164,1.3492293817489676,1.3492293817489676,1.3492293817489676,1.3492293817489676,1.3492293817489676,1.3492293817489676,0.0,0.0,0.0,29.94650481345413
66,2013-07-31,28.53246195560223,22.630718504986888,33.261329401977065,28.53246195560223,28.53246195560223,-0.7289026639211518,-0.7289026639211518,-0.7289026639211518,-0.7289026639211518,-0.7289026639211518,-0.7289026639211518,0.0,0.0,0.0,27.80355929168108
67,2013-08-31,28.467648479499303,21.436523088448634,31.856159899640545,28.467648479499303,28.467648479499303,-1.5672965414568512,-1.5672965414568512,-1.5672965414568512,-1.5672965414568512,-1.5672965414568512,-1.5672965414568512,0.0,0.0,0.0,26.90035193804245
68,2013-09-30,28.407797102488566,21.423404208222514,31.941328788169887,28.407797102488566,28.407797102488566,-1.8262114804429832,-1.8262114804429832,-1.8262114804429832,-1.8262114804429832,-1.8262114804429832,-1.8262114804429832,0.0,0.0,0.0,26.581585622045584
69,2013-10-31,28.34595067957747,25.04714917684729,34.72180235039718,28.34595067957747,28.34595067957747,1.8317213351609323,1.8317213351609323,1.8317213351609323,1.8317213351609323,1.8317213351609323,1.8317213351609323,0.0,0.0,0.0,30.177672014738402
70,2013-11-30,28.286099302566736,24.099006830224717,34.63384388082346,28.286099302566736,28.286099302566736,1.4310345206619475,1.4310345206619475,1.4310345206619475,1.4310345206619475,1.4310345206619475,1.4310345206619475,0.0,0.0,0.0,29.717133823228682
71,2013-12-31,28.224252879655644,22.739526433091445,33.644621669414356,28.224252879655644,28.224252879655644,-0.23183105674013865,-0.23183105674013865,-0.23183105674013865,-0.23183105674013865,-0.23183105674013865,-0.23183105674013865,0.0,0.0,0.0,27.992421822915507
72,2014-01-31,28.162406456744556,21.465357721879887,31.976807971292562,28.162406456744556,28.162406456744556,-1.4096964312380833,-1.4096964312380833,-1.4096964312380833,-1.4096964312380833,-1.4096964312380833,-1.4096964312380833,0.0,0.0,0.0,26.752710025506474
73,2014-02-28,28.106545171534535,25.819407428925327,35.92154840644429,28.106545171534535,28.106545171534535,2.910013381079507,2.910013381079507,2.910013381079507,2.910013381079507,2.910013381079507,2.910013381079507,0.0,0.0,0.0,31.016558552614043
74,2014-03-31,28.049634553482516,23.405452109714552,33.85718865261315,28.049634553482516,28.049634553482516,0.45151825109909527,0.45151825109909527,0.45151825109909527,0.45151825109909527,0.45151825109909527,0.45151825109909527,0.0,0.0,0.0,28.50115280458161
75,2014-04-30,27.99455976181928,21.345456897250244,31.677779229563292,27.99455976181928,27.99455976181928,-1.2094222861074373,-1.2094222861074373,-1.2094222861074373,-1.2094222861074373,-1.2094222861074373,-1.2094222861074373,0.0,0.0,0.0,26.785137475711842
76,2014-05-31,27.937649143767267,21.173921421916194,31.65312467502423,27.937649143767267,27.937649143767267,-1.2285622667822431,-1.2285622667822431,-1.2285622667822431,-1.2285622667822431,-1.2285622667822431,-1.2285622667822431,0.0,0.0,0.0,26.709086876985022
77,2014-06-30,27.88257435210403,24.14645788263938,34.60431734067827,27.88257435210403,27.88257435210403,1.3371804885801468,1.3371804885801468,1.3371804885801468,1.3371804885801468,1.3371804885801468,1.3371804885801468,0.0,0.0,0.0,29.219754840684175
78,2014-07-31,27.825663734052018,22.00355228094297,32.395475914294344,27.825663734052018,27.825663734052018,-0.7033520150519468,-0.7033520150519468,-0.7033520150519468,-0.7033520150519468,-0.7033520150519468,-0.7033520150519468,0.0,0.0,0.0,27.12231171900007
79,2014-08-31,27.768753116000006,21.104987923269125,31.484166236282533,27.768753116000006,27.768753116000006,-1.586950909396016,-1.586950909396016,-1.586950909396016,-1.586950909396016,-1.586950909396016,-1.586950909396016,0.0,0.0,0.0,26.18180220660399
80,2014-09-30,27.71517577799882,20.575811626363592,31.085948394763363,27.71517577799882,27.71517577799882,-1.7463619480186718,-1.7463619480186718,-1.7463619480186718,-1.7463619480186718,-1.7463619480186718,-1.7463619480186718,0.0,0.0,0.0,25.96881382998015
81,2014-10-31,27.659812528730924,24.340627999685232,34.45925927361516,27.659812528730924,27.659812528730924,1.711101573082605,1.711101573082605,1.711101573082605,1.711101573082605,1.711101573082605,1.711101573082605,0.0,0.0,0.0,29.37091410181353
82,2014-11-30,27.606235190729734,24.037872126553964,34.28654553642081,27.606235190729734,27.606235190729734,1.4509863863321888,1.4509863863321888,1.4509863863321888,1.4509863863321888,1.4509863863321888,1.4509863863321888,0.0,0.0,0.0,29.057221577061924
83,2014-12-31,27.550871941461846,22.43261887218535,32.9644144045133,27.550871941461846,27.550871941461846,-0.22768264084038106,-0.22768264084038106,-0.22768264084038106,-0.22768264084038106,-0.22768264084038106,-0.22768264084038106,0.0,0.0,0.0,27.323189300621465
84,2015-01-31,27.49550869219395,20.759342834182515,31.77004583642521,27.49550869219395,27.49550869219395,-1.360671012451212,-1.360671012451212,-1.360671012451212,-1.360671012451212,-1.360671012451212,-1.360671012451212,0.0,0.0,0.0,26.134837679742738
85,2015-02-28,27.445503176726177,25.07243804925625,35.69207721605599,27.445503176726177,27.445503176726177,2.8605592750169,2.8605592750169,2.8605592750169,2.8605592750169,2.8605592750169,2.8605592750169,0.0,0.0,0.0,30.306062451743077
86,2015-03-31,27.390140810833067,22.524882368700442,33.43878728670857,27.390140810833067,27.390140810833067,0.47590410137358746,0.47590410137358746,0.47590410137358746,0.47590410137358746,0.47590410137358746,0.47590410137358746,0.0,0.0,0.0,27.866044912206654
87,2015-04-30,27.336564327710708,20.560307127325803,31.193822468663868,27.336564327710708,27.336564327710708,-1.2368862384715293,-1.2368862384715293,-1.2368862384715293,-1.2368862384715293,-1.2368862384715293,-1.2368862384715293,0.0,0.0,0.0,26.099678089239177
88,2015-05-31,27.281201961817597,20.924239217764374,31.594950622620367,27.281201961817597,27.281201961817597,-1.2140817574203315,-1.2140817574203315,-1.2140817574203315,-1.2140817574203315,-1.2140817574203315,-1.2140817574203315,0.0,0.0,0.0,26.067120204397266
89,2015-06-30,27.227625478695238,23.45738002755859,33.94922374028041,27.227625478695238,27.227625478695238,1.324462026188882,1.324462026188882,1.324462026188882,1.324462026188882,1.324462026188882,1.324462026188882,0.0,0.0,0.0,28.55208750488412
90,2015-07-31,27.172263112802135,21.251651563496765,31.222966228437535,27.172263112802135,27.172263112802135,-0.6775783458380817,-0.6775783458380817,-0.6775783458380817,-0.6775783458380817,-0.6775783458380817,-0.6775783458380817,0.0,0.0,0.0,26.494684766964053
91,2015-08-31,27.116900746909025,20.026560777931575,30.4956922788568,27.116900746909025,27.116900746909025,-1.6059468970222863,-1.6059468970222863,-1.6059468970222863,-1.6059468970222863,-1.6059468970222863,-1.6059468970222863,0.0,0.0,0.0,25.51095384988674
92,2015-09-30,27.06333420948032,20.133910302933554,30.879803268254417,27.06333420948032,27.06333420948032,-1.667307831604109,-1.667307831604109,-1.667307831604109,-1.667307831604109,-1.667307831604109,-1.667307831604109,0.0,0.0,0.0,25.39602637787621
93,2015-10-31,27.007982120803998,23.235892845304196,33.666990588558534,27.007982120803998,27.007982120803998,1.5888326653613647,1.5888326653613647,1.5888326653613647,1.5888326653613647,1.5888326653613647,1.5888326653613647,0.0,0.0,0.0,28.596814786165364
94,2015-11-30,26.954415583375294,23.31553454722694,33.32321610997134,26.954415583375294,26.954415583375294,1.4721683433909083,1.4721683433909083,1.4721683433909083,1.4721683433909083,1.4721683433909083,1.4721683433909083,0.0,0.0,0.0,28.426583926766202
95,2015-12-31,26.89906349469897,21.09482001744409,31.435034727398758,26.89906349469897,26.89906349469897,-0.222416636178985,-0.222416636178985,-0.222416636178985,-0.222416636178985,-0.222416636178985,-0.222416636178985,0.0,0.0,0.0,26.676646858519987
96,2016-01-31,26.84371140602265,19.969847737355206,30.824478378002482,26.84371140602265,26.84371140602265,-1.3108532682833078,-1.3108532682833078,-1.3108532682833078,-1.3108532682833078,-1.3108532682833078,-1.3108532682833078,0.0,0.0,0.0,25.532858137739343
97,2016-02-29,26.791930419841567,24.285573126864143,34.559717638177965,26.791930419841567,26.791930419841567,3.003023323374399,3.003023323374399,3.003023323374399,3.003023323374399,3.003023323374399,3.003023323374399,0.0,0.0,0.0,29.794953743215967
98,2016-03-31,26.736585508665314,22.23221759771419,32.33031330126405,26.736585508665314,26.736585508665314,0.40269721516899093,0.40269721516899093,0.40269721516899093,0.40269721516899093,0.40269721516899093,0.40269721516899093,0.0,0.0,0.0,27.139282723834306
99,2016-04-30,26.68302591720442,20.580640607641353,30.509942806305858,26.68302591720442,26.68302591720442,-1.1528781682240004,-1.1528781682240004,-1.1528781682240004,-1.1528781682240004,-1.1528781682240004,-1.1528781682240004,0.0,0.0,0.0,25.530147748980422
100,2016-05-31,26.627681006028165,19.82050516443516,30.67358468253977,26.627681006028165,26.627681006028165,-1.2548314067589672,-1.2548314067589672,-1.2548314067589672,-1.2548314067589672,-1.2548314067589672,-1.2548314067589672,0.0,0.0,0.0,25.3728495992692
101,2016-06-30,26.574121414567273,22.322167241881324,33.243189218917486,26.574121414567273,26.574121414567273,1.3606091340587148,1.3606091340587148,1.3606091340587148,1.3606091340587148,1.3606091340587148,1.3606091340587148,0.0,0.0,0.0,27.93473054862599
102,2016-07-31,26.51877650339102,20.3994594965542,30.570205108749196,26.51877650339102,26.51877650339102,-0.754223743418231,-0.754223743418231,-0.754223743418231,-0.754223743418231,-0.754223743418231,-0.754223743418231,0.0,0.0,0.0,25.76455275997279
103,2016-08-31,26.463431592214764,19.468556033265703,30.056446392817094,26.463431592214764,26.463431592214764,-1.5469854804952408,-1.5469854804952408,-1.5469854804952408,-1.5469854804952408,-1.5469854804952408,-1.5469854804952408,0.0,0.0,0.0,24.916446111719523
104,2016-09-30,26.41004623810098,19.135100825234687,29.783637358276437,26.41004623810098,26.41004623810098,-1.906780283107685,-1.906780283107685,-1.906780283107685,-1.906780283107685,-1.906780283107685,-1.906780283107685,0.0,0.0,0.0,24.503265954993292
105,2016-10-31,26.354881372183403,23.153475824909766,33.576049827970046,26.354881372183403,26.354881372183403,1.950596053862161,1.950596053862161,1.950596053862161,1.950596053862161,1.950596053862161,1.950596053862161,0.0,0.0,0.0,28.305477426045563
106,2016-11-30,26.30149601806962,22.57873091351724,32.88460926575205,26.30149601806962,26.30149601806962,1.4122935017912959,1.4122935017912959,1.4122935017912959,1.4122935017912959,1.4122935017912959,1.4122935017912959,0.0,0.0,0.0,27.713789519860917
107,2016-12-31,26.24633115215205,20.629359627988823,31.067532097812546,26.24633115215205,26.24633115215205,-0.23485648806123843,-0.23485648806123843,-0.23485648806123843,-0.23485648806123843,-0.23485648806123843,-0.23485648806123843,0.0,0.0,0.0,26.01147466409081
108,2017-01-31,26.19116628623447,19.732916163845736,30.430839951748446,26.19116628623447,26.19116628623447,-1.4578540706434717,-1.4578540706434717,-1.4578540706434717,-1.4578540706434717,-1.4578540706434717,-1.4578540706434717,0.0,0.0,0.0,24.733312215591
109,2017-02-28,26.14133995572828,24.117856652680995,34.01993240408441,26.14133995572828,26.14133995572828,2.957509935670003,2.957509935670003,2.957509935670003,2.957509935670003,2.957509935670003,2.957509935670003,0.0,0.0,0.0,29.098849891398284
110,2017-03-31,26.088333762325114,21.47524654989943,31.70792413752207,26.088333762325114,26.088333762325114,0.42712193917071206,0.42712193917071206,0.42712193917071206,0.42712193917071206,0.42712193917071206,0.42712193917071206,0.0,0.0,0.0,26.515455701495824
111,2017-04-30,26.0370374461285,19.997404547753966,29.684498674428756,26.0370374461285,26.0370374461285,-1.1814073972156243,-1.1814073972156243,-1.1814073972156243,-1.1814073972156243,-1.1814073972156243,-1.1814073972156243,0.0,0.0,0.0,24.855630048912875
112,2017-05-31,25.984031252725334,19.93844971837826,30.007635590856257,25.984031252725334,25.984031252725334,-1.242152284993361,-1.242152284993361,-1.242152284993361,-1.242152284993361,-1.242152284993361,-1.242152284993361,0.0,0.0,0.0,24.741878967731974
113,2017-06-30,25.932734936528718,22.100897198445267,32.34863795703316,25.932734936528718,25.932734936528718,1.349229381748997,1.349229381748997,1.349229381748997,1.349229381748997,1.349229381748997,1.349229381748997,0.0,0.0,0.0,27.281964318277716
114,2017-07-31,25.87972874312555,19.774268661450776,30.56172291356095,25.87972874312555,25.87972874312555,-0.7289026639210644,-0.7289026639210644,-0.7289026639210644,-0.7289026639210644,-0.7289026639210644,-0.7289026639210644,0.0,0.0,0.0,25.150826079204485
115,2017-08-31,25.826722549722383,19.139013494268696,29.70905030698248,25.826722549722383,25.826722549722383,-1.567296541456916,-1.567296541456916,-1.567296541456916,-1.567296541456916,-1.567296541456916,-1.567296541456916,0.0,0.0,0.0,24.259426008265468
116,2017-09-30,25.77542623352577,18.68699474169092,28.97397552001866,25.77542623352577,25.77542623352577,-1.826211480443245,-1.826211480443245,-1.826211480443245,-1.826211480443245,-1.826211480443245,-1.826211480443245,0.0,0.0,0.0,23.949214753082526
117,2017-10-31,25.726199529494128,22.28937796645803,33.07297105513657,25.726199529494128,25.726199529494128,1.8317213351603474,1.8317213351603474,1.8317213351603474,1.8317213351603474,1.8317213351603474,1.8317213351603474,0.0,0.0,0.0,27.557920864654477
118,2017-11-30,25.67856078365705,22.155101099905927,32.2738781557097,25.67856078365705,25.67856078365705,1.4310345206620332,1.4310345206620332,1.4310345206620332,1.4310345206620332,1.4310345206620332,1.4310345206620332,0.0,0.0,0.0,27.109595304319086
119,2017-12-31,25.629334079625412,19.907520820569804,30.894330146385062,25.629334079625412,25.629334079625412,-0.23183105673994436,-0.23183105673994436,-0.23183105673994436,-0.23183105673994436,-0.23183105673994436,-0.23183105673994436,0.0,0.0,0.0,25.397503022885466
120,2018-01-31,25.580107375593766,18.882210326166913,29.491148360629374,25.580107375593766,25.580107375593766,-1.409696431238233,-1.409696431238233,-1.409696431238233,-1.409696431238233,-1.409696431238233,-1.409696431238233,0.0,0.0,0.0,24.17041094435553
121,2018-02-28,25.535644546145832,23.374361839663862,33.62676070144797,25.535644546145832,25.535644546145832,2.910013381079268,2.910013381079268,2.910013381079268,2.910013381079268,2.910013381079268,2.910013381079268,0.0,0.0,0.0,28.4456579272251
122,2018-03-31,25.486417842114186,20.590775212382024,30.86254973703078,25.486417842114186,25.486417842114186,0.4515182510994393,0.4515182510994393,0.4515182510994393,0.4515182510994393,0.4515182510994393,0.4515182510994393,0.0,0.0,0.0,25.937936093213626
123,2018-04-30,25.443799000758446,18.6384099506095,29.568804159891716,25.443799000758446,25.443799000758446,-1.209422286106927,-1.209422286106927,-1.209422286106927,-1.209422286106927,-1.209422286106927,-1.209422286106927,0.0,0.0,0.0,24.234376714651518
124,2018-05-31,25.399759531357514,19.227341790952895,29.825893560145506,25.399759531357514,25.399759531357514,-1.2285622667819167,-1.2285622667819167,-1.2285622667819167,-1.2285622667819167,-1.2285622667819167,-1.2285622667819167,0.0,0.0,0.0,24.171197264575596
125,2018-06-30,25.357140690001774,21.542894236355917,31.94713569045568,25.357140690001774,25.357140690001774,1.3371804885798357,1.3371804885798357,1.3371804885798357,1.3371804885798357,1.3371804885798357,1.3371804885798357,0.0,0.0,0.0,26.69432117858161
126,2018-07-31,25.313101220600846,19.53337588666058,29.97160062260567,25.313101220600846,25.313101220600846,-0.7033520150514745,-0.7033520150514745,-0.7033520150514745,-0.7033520150514745,-0.7033520150514745,-0.7033520150514745,0.0,0.0,0.0,24.60974920554937
127,2018-08-31,25.269061751199914,18.220710206506705,29.01458620278689,25.269061751199914,25.269061751199914,-1.5869509093956269,-1.5869509093956269,-1.5869509093956269,-1.5869509093956269,-1.5869509093956269,-1.5869509093956269,0.0,0.0,0.0,23.68211084180429
128,2018-09-30,25.226442909844174,18.05325110048563,28.904714771916492,25.226442909844174,25.226442909844174,-1.7463619480187664,-1.7463619480187664,-1.7463619480187664,-1.7463619480187664,-1.7463619480187664,-1.7463619480187664,0.0,0.0,0.0,23.480080961825408
129,2018-10-31,25.18779353544582,21.547599263114467,32.07168675579441,25.18779353544582,25.18779353544582,1.7111015730827455,1.7111015730827455,1.7111015730827455,1.7111015730827455,1.7111015730827455,1.7111015730827455,0.0,0.0,0.0,26.898895108528567
130,2018-11-30,25.150390915060324,21.039859742315933,32.002108557612516,25.150390915060324,25.150390915060324,1.4509863863321224,1.4509863863321224,1.4509863863321224,1.4509863863321224,1.4509863863321224,1.4509863863321224,0.0,0.0,0.0,26.601377301392446
131,2018-12-31,25.11174154066197,19.778173204214443,30.20296959601566,25.11174154066197,25.11174154066197,-0.22768264084013118,-0.22768264084013118,-0.22768264084013118,-0.22768264084013118,-0.22768264084013118,-0.22768264084013118,0.0,0.0,0.0,24.884058899821838
132,2019-01-31,25.073092166263617,18.564321727464975,29.157343649987375,25.073092166263617,25.073092166263617,-1.360671012451186,-1.360671012451186,-1.360671012451186,-1.360671012451186,-1.360671012451186,-1.360671012451186,0.0,0.0,0.0,23.712421153812432
133,2019-02-28,25.03818305390382,22.701513659922078,32.9306803744429,25.03818305390382,25.03818305390382,2.8605592750168043,2.8605592750168043,2.8605592750168043,2.8605592750168043,2.8605592750168043,2.8605592750168043,0.0,0.0,0.0,27.898742328920623
134,2019-03-31,24.99953367950547,19.980751366081236,30.908432519154132,24.99953367950547,24.99953367950547,0.475904101373148,0.475904101373148,0.475904101373148,0.475904101373148,0.475904101373148,0.475904101373148,0.0,0.0,0.0,25.475437780878615
135,2019-04-30,24.967758202569996,18.682648131983186,29.118555328528714,24.967758202569996,24.967758202569996,-1.2368862384713728,-1.2368862384713728,-1.2368862384713728,-1.2368862384713728,-1.2368862384713728,-1.2368862384713728,0.0,0.0,0.0,23.730871964098622
136,2019-05-31,24.934923543070003,18.385982376220415,28.70124324646299,24.934923543070003,24.934923543070003,-1.2140817574205183,-1.2140817574205183,-1.2140817574205183,-1.2140817574205183,-1.2140817574205183,-1.2140817574205183,0.0,0.0,0.0,23.720841785649483
137,2019-06-30,24.903148066134527,20.907252532132546,31.5872805129145,24.903148066134527,24.903148066134527,1.3244620261889122,1.3244620261889122,1.3244620261889122,1.3244620261889122,1.3244620261889122,1.3244620261889122,0.0,0.0,0.0,26.227610092323438
138,2019-07-31,24.870313406634537,19.125581198339102,29.301529948835174,24.870313406634537,24.870313406634537,-0.6775783458379693,-0.6775783458379693,-0.6775783458379693,-0.6775783458379693,-0.6775783458379693,-0.6775783458379693,0.0,0.0,0.0,24.19273506079657
139,2019-08-31,24.83747874713455,17.481154168158994,28.78195319296075,24.83747874713455,24.83747874713455,-1.6059468970223605,-1.6059468970223605,-1.6059468970223605,-1.6059468970223605,-1.6059468970223605,-1.6059468970223605,0.0,0.0,0.0,23.23153185011219
140,2019-09-30,24.80570327019907,17.79565677851218,28.488481680336104,24.80570327019907,24.80570327019907,-1.6673078316044265,-1.6673078316044265,-1.6673078316044265,-1.6673078316044265,-1.6673078316044265,-1.6673078316044265,0.0,0.0,0.0,23.138395438594646
141,2019-10-31,24.77899153808454,20.986966486944723,31.569350519618975,24.77899153808454,24.77899153808454,1.5888326653615077,1.5888326653615077,1.5888326653615077,1.5888326653615077,1.5888326653615077,1.5888326653615077,0.0,0.0,0.0,26.367824203446048
142,2019-11-30,24.753141474747896,20.86042369861488,31.19639460217973,24.753141474747896,24.753141474747896,1.4721683433905586,1.4721683433905586,1.4721683433905586,1.4721683433905586,1.4721683433905586,1.4721683433905586,0.0,0.0,0.0,26.225309818138456
143,2019-12-31,24.726429742633364,19.1823623638988,29.844519752758867,24.726429742633364,24.726429742633364,-0.222416636179241,-0.222416636179241,-0.222416636179241,-0.222416636179241,-0.222416636179241,-0.222416636179241,0.0,0.0,0.0,24.504013106454124
144,2020-01-31,24.69971801051883,18.202131285878846,28.40822494951373,24.69971801051883,24.69971801051883,-1.310853268283278,-1.310853268283278,-1.310853268283278,-1.310853268283278,-1.310853268283278,-1.310853268283278,0.0,0.0,0.0,23.38886474223555
145,2020-02-29,24.67472961596007,22.390485338912228,32.86394041350786,24.67472961596007,24.67472961596007,3.003023323374323,3.003023323374323,3.003023323374323,3.003023323374323,3.003023323374323,3.003023323374323,0.0,0.0,0.0,27.677752939334393
146,2020-03-31,24.648017883845544,19.462324672872914,30.3769161932084,24.648017883845544,24.648017883845544,0.4026972151690508,0.4026972151690508,0.4026972151690508,0.4026972151690508,0.4026972151690508,0.4026972151690508,0.0,0.0,0.0,25.050715099014596
147,2020-04-30,24.627425543521973,18.110471799027444,28.5995288919398,24.627425543521973,24.627425543521973,-1.1528781682238798,-1.1528781682238798,-1.1528781682238798,-1.1528781682238798,-1.1528781682238798,-1.1528781682238798,0.0,0.0,0.0,23.474547375298094
148,2020-05-31,24.606146791854282,18.001912124418748,29.001957285208828,24.606146791854282,24.606146791854282,-1.2548314067587234,-1.2548314067587234,-1.2548314067587234,-1.2548314067587234,-1.2548314067587234,-1.2548314067587234,0.0,0.0,0.0,23.35131538509556
149,2020-06-30,24.58555445153071,20.898189546033084,31.295068772607305,24.58555445153071,24.58555445153071,1.360609134058337,1.360609134058337,1.360609134058337,1.360609134058337,1.360609134058337,1.360609134058337,0.0,0.0,0.0,25.946163585589048
150,2020-07-31,24.56427569986302,18.22947468810045,28.971433643867776,24.56427569986302,24.56427569986302,-0.7542237434179424,-0.7542237434179424,-0.7542237434179424,-0.7542237434179424,-0.7542237434179424,-0.7542237434179424,0.0,0.0,0.0,23.81005195644508
151,2020-08-31,24.542996948195334,18.03410588343063,27.962343835360247,24.542996948195334,24.542996948195334,-1.5469854804953107,-1.5469854804953107,-1.5469854804953107,-1.5469854804953107,-1.5469854804953107,-1.5469854804953107,0.0,0.0,0.0,22.996011467700022
152,2020-09-30,24.522404607871763,17.496725808409668,27.719311771395848,24.522404607871763,24.522404607871763,-1.9067802831078606,-1.9067802831078606,-1.9067802831078606,-1.9067802831078606,-1.9067802831078606,-1.9067802831078606,0.0,0.0,0.0,22.615624324763903
153,2020-10-31,24.50147152595793,21.52972848542604,31.72572784039483,24.50147152595793,24.50147152595793,1.9505960538615628,1.9505960538615628,1.9505960538615628,1.9505960538615628,1.9505960538615628,1.9505960538615628,0.0,0.0,0.0,26.45206757981949
154,2020-11-30,24.481213704750996,20.464844903572953,30.624982082132234,24.481213704750996,24.481213704750996,1.4122935017913831,1.4122935017913831,1.4122935017913831,1.4122935017913831,1.4122935017913831,1.4122935017913831,0.0,0.0,0.0,25.893507206542377
155,2020-12-31,24.46028062283716,18.93577385091775,29.55562777562604,24.46028062283716,24.46028062283716,-0.23485648806111264,-0.23485648806111264,-0.23485648806111264,-0.23485648806111264,-0.23485648806111264,-0.23485648806111264,0.0,0.0,0.0,24.22542413477605
156,2021-01-31,24.43934754092333,17.6333240954244,28.27752379376929,24.43934754092333,24.43934754092333,-1.457854070643452,-1.457854070643452,-1.457854070643452,-1.457854070643452,-1.457854070643452,-1.457854070643452,0.0,0.0,0.0,22.981493470279876
157,2021-02-28,24.420440241130187,22.268704631931687,32.6811729218759,24.420440241130187,24.420440241130187,2.957509935670211,2.957509935670211,2.957509935670211,2.957509935670211,2.957509935670211,2.957509935670211,0.0,0.0,0.0,27.377950176800397
158,2021-03-31,24.399507159216355,19.286238738379204,29.924249203537986,24.399507159216355,24.399507159216355,0.42712193917013547,0.42712193917013547,0.42712193917013547,0.42712193917013547,0.42712193917013547,0.42712193917013547,0.0,0.0,0.0,24.82662909838649
159,2021-04-30,24.37924933800942,18.15548240094022,28.882945924064906,24.37924933800942,24.37924933800942,-1.181407397215884,-1.181407397215884,-1.181407397215884,-1.181407397215884,-1.181407397215884,-1.181407397215884,0.0,0.0,0.0,23.197841940793534
160,2021-05-31,24.358316256095588,17.846834868825727,28.298155760060958,24.358316256095588,24.358316256095588,-1.2421522849929143,-1.2421522849929143,-1.2421522849929143,-1.2421522849929143,-1.2421522849929143,-1.2421522849929143,0.0,0.0,0.0,23.116163971102672
161,2021-06-30,24.338058434888655,20.377686782385712,30.782416855474324,24.338058434888655,24.338058434888655,1.3492293817491343,1.3492293817491343,1.3492293817491343,1.3492293817491343,1.3492293817491343,1.3492293817491343,0.0,0.0,0.0,25.687287816637788
162,2021-07-31,24.31712535297482,17.934933671719865,28.745632606879134,24.31712535297482,24.31712535297482,-0.7289026639208938,-0.7289026639208938,-0.7289026639208938,-0.7289026639208938,-0.7289026639208938,-0.7289026639208938,0.0,0.0,0.0,23.588222689053925
163,2021-08-31,24.296192271060985,17.548950017881413,27.876596946741667,24.296192271060985,24.296192271060985,-1.5672965414570574,-1.5672965414570574,-1.5672965414570574,-1.5672965414570574,-1.5672965414570574,-1.5672965414570574,0.0,0.0,0.0,22.728895729603927
164,2021-09-30,24.27593444985405,17.153214316375653,27.750049521809505,24.27593444985405,24.27593444985405,-1.826211480443507,-1.826211480443507,-1.826211480443507,-1.826211480443507,-1.826211480443507,-1.826211480443507,0.0,0.0,0.0,22.44972296941054
165,2021-10-31,24.255001367940217,20.545040875568827,31.486059222023254,24.255001367940217,24.255001367940217,1.8317213351606347,1.8317213351606347,1.8317213351606347,1.8317213351606347,1.8317213351606347,1.8317213351606347,0.0,0.0,0.0,26.08672270310085
166,2021-11-30,24.23474354673328,20.73850847532935,31.29016137281092,24.23474354673328,24.23474354673328,1.4310345206616824,1.4310345206616824,1.4310345206616824,1.4310345206616824,1.4310345206616824,1.4310345206616824,0.0,0.0,0.0,25.665778067394964
167,2021-12-31,24.21381046481945,18.626951206236875,29.345968711255896,24.21381046481945,24.21381046481945,-0.23183105674014998,-0.23183105674014998,-0.23183105674014998,-0.23183105674014998,-0.23183105674014998,-0.23183105674014998,0.0,0.0,0.0,23.9819794080793
168,2022-01-31,24.192877382905618,16.935274557407332,28.15573116048176,24.192877382905618,24.192877382905618,-1.4096964312380864,-1.4096964312380864,-1.4096964312380864,-1.4096964312380864,-1.4096964312380864,-1.4096964312380864,0.0,0.0,0.0,22.783180951667532
169,2022-02-28,24.17397008311248,21.592071564910405,32.463138950365,24.17397008311248,24.17397008311248,2.910013381079458,2.910013381079458,2.910013381079458,2.910013381079458,2.910013381079458,2.910013381079458,0.0,0.0,0.0,27.083983464191938
170,2022-03-31,24.153037001198644,19.11865495284659,30.10977857151855,24.153037001198644,24.153037001198644,0.45151825109916727,0.45151825109916727,0.45151825109916727,0.45151825109916727,0.45151825109916727,0.45151825109916727,0.0,0.0,0.0,24.60455525229781
171,2022-04-30,24.13277917999171,17.488686231460154,27.86637619682693,24.13277917999171,24.13277917999171,-1.2094222861072907,-1.2094222861072907,-1.2094222861072907,-1.2094222861072907,-1.2094222861072907,-1.2094222861072907,0.0,0.0,0.0,22.92335689388442
172,2022-05-31,24.111846098077876,17.479429477101952,28.428964754010767,24.111846098077876,24.111846098077876,-1.2285622667823355,-1.2285622667823355,-1.2285622667823355,-1.2285622667823355,-1.2285622667823355,-1.2285622667823355,0.0,0.0,0.0,22.88328383129554
173,2022-06-30,24.09158827687094,20.35812165533118,31.0209113836422,24.09158827687094,24.09158827687094,1.3371804885800993,1.3371804885800993,1.3371804885800993,1.3371804885800993,1.3371804885800993,1.3371804885800993,0.0,0.0,0.0,25.42876876545104
174,2022-07-31,24.070655194957105,17.81070920313174,28.6928474857674,24.070655194957105,24.070655194957105,-0.7033520150518852,-0.7033520150518852,-0.7033520150518852,-0.7033520150518852,-0.7033520150518852,-0.7033520150518852,0.0,0.0,0.0,23.36730317990522
175,2022-08-31,24.049722113043273,17.24900466638019,27.684190502754426,24.049722113043273,24.049722113043273,-1.5869509093956142,-1.5869509093956142,-1.5869509093956142,-1.5869509093956142,-1.5869509093956142,-1.5869509093956142,0.0,0.0,0.0,22.46277120364766
176,2022-09-30,24.029464291836337,17.034348426725,27.452021822847815,24.029464291836337,24.029464291836337,-1.7463619480183228,-1.7463619480183228,-1.7463619480183228,-1.7463619480183228,-1.7463619480183228,-1.7463619480183228,0.0,0.0,0.0,22.283102343818015
177,2022-10-31,24.008531209922506,20.542381923559045,31.243725636863594,24.008531209922506,24.008531209922506,1.7111015730825199,1.7111015730825199,1.7111015730825199,1.7111015730825199,1.7111015730825199,1.7111015730825199,0.0,0.0,0.0,25.719632783005025
178,2022-11-30,23.988273388715573,20.148311895505937,30.98712708457869,23.988273388715573,23.988273388715573,1.4509863863325143,1.4509863863325143,1.4509863863325143,1.4509863863325143,1.4509863863325143,1.4509863863325143,0.0,0.0,0.0,25.439259775048086
179,2022-12-31,23.967340306801738,19.055683453443436,29.258141153449643,23.967340306801738,23.967340306801738,-0.2276826408402636,-0.2276826408402636,-0.2276826408402636,-0.2276826408402636,-0.2276826408402636,-0.2276826408402636,0.0,0.0,0.0,23.739657665961474
180,2023-01-31,23.946407224887903,17.51223079166543,27.692862069408886,23.946407224887903,23.946407224887903,-1.3606710124510286,-1.3606710124510286,-1.3606710124510286,-1.3606710124510286,-1.3606710124510286,-1.3606710124510286,0.0,0.0,0.0,22.585736212436874
181,2023-02-28,23.927499925094764,21.385426896340103,32.048931857803026,23.927499925094764,23.927499925094764,2.860559275017171,2.860559275017171,2.860559275017171,2.860559275017171,2.860559275017171,2.860559275017171,0.0,0.0,0.0,26.788059200111935
182,2023-03-31,23.906566843180933,18.611916747208912,29.587711895414476,23.906566843180933,23.906566843180933,0.4759041013731242,0.4759041013731242,0.4759041013731242,0.4759041013731242,0.4759041013731242,0.4759041013731242,0.0,0.0,0.0,24.382470944554058
183,2023-04-30,23.886309021973997,17.31887905858429,27.934047780172623,23.886309021973997,23.886309021973997,-1.2368862384716963,-1.2368862384716963,-1.2368862384716963,-1.2368862384716963,-1.2368862384716963,-1.2368862384716963,0.0,0.0,0.0,22.6494227835023
184,2023-05-31,23.86537594006016,17.317983753078995,28.481249656532942,23.86537594006016,23.86537594006016,-1.2140817574204696,-1.2140817574204696,-1.2140817574204696,-1.2140817574204696,-1.2140817574204696,-1.2140817574204696,0.0,0.0,0.0,22.651294182639692
185,2023-06-30,23.845118118853225,19.86263143240978,30.126683566977313,23.845118118853225,23.845118118853225,1.3244620261891826,1.3244620261891826,1.3244620261891826,1.3244620261891826,1.3244620261891826,1.3244620261891826,0.0,0.0,0.0,25.169580145042406
186,2023-07-31,23.824185036939394,17.853553199448672,28.426560663625803,23.824185036939394,23.824185036939394,-0.6775783458377234,-0.6775783458377234,-0.6775783458377234,-0.6775783458377234,-0.6775783458377234,-0.6775783458377234,0.0,0.0,0.0,23.14660669110167
187,2023-08-31,23.803251955025562,16.80213007824306,27.255794136499517,23.803251955025562,23.803251955025562,-1.605946897022379,-1.605946897022379,-1.605946897022379,-1.605946897022379,-1.605946897022379,-1.605946897022379,0.0,0.0,0.0,22.197305058003185
188,2023-09-30,23.782994133818626,16.78433300139132,27.48490705291717,23.782994133818626,23.782994133818626,-1.6673078316039855,-1.6673078316039855,-1.6673078316039855,-1.6673078316039855,-1.6673078316039855,-1.6673078316039855,0.0,0.0,0.0,22.11568630221464
189,2023-10-31,23.762061051904794,20.088004832903874,30.979414969465967,23.762061051904794,23.762061051904794,1.5888326653610956,1.5888326653610956,1.5888326653610956,1.5888326653610956,1.5888326653610956,1.5888326653610956,0.0,0.0,0.0,25.35089371726589
190,2023-11-30,23.741803230697858,19.679487654251965,30.468451182176,23.741803230697858,23.741803230697858,1.4721683433900792,1.4721683433900792,1.4721683433900792,1.4721683433900792,1.4721683433900792,1.4721683433900792,0.0,0.0,0.0,25.21397157408794
191,2023-12-31,23.720870148784027,18.179919804262152,28.545473463660187,23.720870148784027,23.720870148784027,-0.22241663617928262,-0.22241663617928262,-0.22241663617928262,-0.22241663617928262,-0.22241663617928262,-0.22241663617928262,0.0,0.0,0.0,23.498453512604744
192,2024-01-01,23.720194888077124,17.81918461096914,28.671350193853012,23.720194888077124,23.720194888077124,-0.23675568206286796,-0.23675568206286796,-0.23675568206286796,-0.23675568206286796,-0.23675568206286796,-0.23675568206286796,0.0,0.0,0.0,23.483439206014257
193,2024-01-02,23.71951962737023,18.52652828550479,28.85206536541041,23.71951962737023,23.71951962737023,-0.23310102960647291,-0.23310102960647291,-0.23310102960647291,-0.23310102960647291,-0.23310102960647291,-0.23310102960647291,0.0,0.0,0.0,23.486418597763755
194,2024-01-03,23.71884436666333,18.11736846889398,28.95233964424238,23.71884436666333,23.71884436666333,-0.2117334472413369,-0.2117334472413369,-0.2117334472413369,-0.2117334472413369,-0.2117334472413369,-0.2117334472413369,0.0,0.0,0.0,23.507110919421994
195,2024-01-04,23.718169105956434,18.628729143554423,28.85588520208821,23.718169105956434,23.718169105956434,-0.17349429878486697,-0.17349429878486697,-0.17349429878486697,-0.17349429878486697,-0.17349429878486697,-0.17349429878486697,0.0,0.0,0.0,23.544674807171567
196,2024-01-05,23.717493845249535,18.229272073588046,28.821327553782467,23.717493845249535,23.717493845249535,-0.11977413305990939,-0.11977413305990939,-0.11977413305990939,-0.11977413305990939,-0.11977413305990939,-0.11977413305990939,0.0,0.0,0.0,23.597719712189626
197,2024-01-06,23.716818584542636,18.416482787064204,28.709594256640337,23.716818584542636,23.716818584542636,-0.05248454069335609,-0.05248454069335609,-0.05248454069335609,-0.05248454069335609,-0.05248454069335609,-0.05248454069335609,0.0,0.0,0.0,23.66433404384928
198,2024-01-07,23.716143323835738,18.361622440920968,29.15892845498247,23.716143323835738,23.716143323835738,0.025986059131430827,0.025986059131430827,0.025986059131430827,0.025986059131430827,0.025986059131430827,0.025986059131430827,0.0,0.0,0.0,23.742129382967168
199,2024-01-08,23.715468063128842,18.43927638829103,29.154295876451744,23.715468063128842,23.715468063128842,0.11283157660439183,0.11283157660439183,0.11283157660439183,0.11283157660439183,0.11283157660439183,0.11283157660439183,0.0,0.0,0.0,23.828299639733235
200,2024-01-09,23.714792802421943,18.738436684024,29.44826335923283,23.714792802421943,23.714792802421943,0.20490079680149442,0.20490079680149442,0.20490079680149442,0.20490079680149442,0.20490079680149442,0.20490079680149442,0.0,0.0,0.0,23.919693599223436
201,2024-01-10,23.714117541715048,18.776411813640213,29.143992534438567,23.714117541715048,23.714117541715048,0.29878136687821094,0.29878136687821094,0.29878136687821094,0.29878136687821094,0.29878136687821094,0.29878136687821094,0.0,0.0,0.0,24.012898908593257
202,2024-01-11,23.71344228100815,18.91091430847475,29.654398183708985,23.71344228100815,23.71344228100815,0.39089294404229663,0.39089294404229663,0.39089294404229663,0.39089294404229663,0.39089294404229663,0.39089294404229663,0.0,0.0,0.0,24.104335225050445
203,2024-01-12,23.71276702030125,18.74385988983358,29.533255273876193,23.71276702030125,23.71276702030125,0.47758695157390996,0.47758695157390996,0.47758695157390996,0.47758695157390996,0.47758695157390996,0.47758695157390996,0.0,0.0,0.0,24.19035397187516
204,2024-01-13,23.71209175959435,19.238786719561347,29.519196907323497,23.71209175959435,23.71209175959435,0.5552501891658618,0.5552501891658618,0.5552501891658618,0.5552501891658618,0.5552501891658618,0.5552501891658618,0.0,0.0,0.0,24.267341948760212
205,2024-01-14,23.711416498887456,18.904066092480853,29.759226134639885,23.711416498887456,23.711416498887456,0.6204094192138527,0.6204094192138527,0.6204094192138527,0.6204094192138527,0.6204094192138527,0.6204094192138527,0.0,0.0,0.0,24.33182591810131
206,2024-01-15,23.710741238180557,19.014371402385205,29.664805059779784,23.710741238180557,23.710741238180557,0.6698340060262278,0.6698340060262278,0.6698340060262278,0.6698340060262278,0.6698340060262278,0.6698340060262278,0.0,0.0,0.0,24.380575244206785
207,2024-01-16,23.71006597747366,18.771835290173442,29.519327729525564,23.71006597747366,23.71006597747366,0.7006337213895736,0.7006337213895736,0.7006337213895736,0.7006337213895736,0.7006337213895736,0.7006337213895736,0.0,0.0,0.0,24.410699698863233
208,2024-01-17,23.709390716766762,18.66774701154896,29.485116333005728,23.709390716766762,23.709390716766762,0.7103489466681537,0.7103489466681537,0.7103489466681537,0.7103489466681537,0.7103489466681537,0.7103489466681537,0.0,0.0,0.0,24.419739663434918
209,2024-01-18,23.708715456059863,19.15810022518317,29.76369779280764,23.708715456059863,23.708715456059863,0.6970306952906807,0.6970306952906807,0.6970306952906807,0.6970306952906807,0.6970306952906807,0.6970306952906807,0.0,0.0,0.0,24.405746151350545
210,2024-01-19,23.708040195352964,19.85150486816665,29.264745526290916,23.708040195352964,23.708040195352964,0.6593081448678989,0.6593081448678989,0.6593081448678989,0.6593081448678989,0.6593081448678989,0.6593081448678989,0.0,0.0,0.0,24.367348340220865
211,2024-01-20,23.70736493464607,19.031640007025384,29.522951463369477,23.70736493464607,23.70736493464607,0.5964416978893753,0.5964416978893753,0.5964416978893753,0.5964416978893753,0.5964416978893753,0.5964416978893753,0.0,0.0,0.0,24.303806632535444
212,2024-01-21,23.70668967393917,19.1940087984329,29.629385435918785,23.70668967393917,23.70668967393917,0.5083599748875388,0.5083599748875388,0.5083599748875388,0.5083599748875388,0.5083599748875388,0.5083599748875388,0.0,0.0,0.0,24.21504964882671
213,2024-01-22,23.70601441323227,19.107991006601555,29.2537403444209,23.70601441323227,23.70601441323227,0.3956795735568815,0.3956795735568815,0.3956795735568815,0.3956795735568815,0.3956795735568815,0.3956795735568815,0.0,0.0,0.0,24.101693986789154
214,2024-01-23,23.705339152525376,18.946893518378193,29.466625028809318,23.705339152525376,23.705339152525376,0.2597068896981221,0.2597068896981221,0.2597068896981221,0.2597068896981221,0.2597068896981221,0.2597068896981221,0.0,0.0,0.0,23.9650460422235
215,2024-01-24,23.704663891818477,18.69019449174437,28.786436082416614,23.704663891818477,23.704663891818477,0.10242177830719604,0.10242177830719604,0.10242177830719604,0.10242177830719604,0.10242177830719604,0.10242177830719604,0.0,0.0,0.0,23.807085670125673
