,ds,trend,yhat_lower,yhat_upper,trend_lower,trend_upper,additive_terms,additive_terms_lower,additive_terms_upper,yearly,yearly_lower,yearly_upper,multiplicative_terms,multiplicative_terms_lower,multiplicative_terms_upper,yhat
0,2010-01-31,37.45678948024771,29.080707742165547,42.26279533775416,37.45678948024771,37.45678948024771,-1.8679249425351252,-1.8679249425351252,-1.8679249425351252,-1.8679249425351252,-1.8679249425351252,-1.8679249425351252,0.0,0.0,0.0,35.58886453771258
1,2010-02-28,37.36116828166328,32.34604241557477,45.290723809727126,37.36116828166328,37.36116828166328,1.2658881428395956,1.2658881428395956,1.2658881428395956,1.2658881428395956,1.2658881428395956,1.2658881428395956,0.0,0.0,0.0,38.627056424502875
2,2010-03-31,37.25530195465909,30.785496972776507,44.21550836049722,37.25530195465909,37.25530195465909,0.22996861598875715,0.22996861598875715,0.22996861598875715,0.22996861598875715,0.22996861598875715,0.22996861598875715,0.0,0.0,0.0,37.48527057064785
3,2010-04-30,37.1528506704615,31.379310688830362,43.23104449896868,37.1528506704615,37.1528506704615,-0.12003701718589058,-0.12003701718589058,-0.12003701718589058,-0.12003701718589058,-0.12003701718589058,-0.12003701718589058,0.0,0.0,0.0,37.0328136532756
4,2010-05-31,37.046984343457304,29.229239723710563,42.67580135406193,37.046984343457304,37.046984343457304,-0.8357994218190189,-0.8357994218190189,-0.8357994218190189,-0.8357994218190189,-0.8357994218190189,-0.8357994218190189,0.0,0.0,0.0,36.211184921638285
5,2010-06-30,36.944533059259705,32.893159311666054,45.09467182321811,36.944533059259705,36.944533059259705,1.9325205979605147,1.9325205979605147,1.9325205979605147,1.9325205979605147,1.9325205979605147,1.9325205979605147,0.0,0.0,0.0,38.877053657220216
6,2010-07-31,36.838666730794124,30.504483454051197,43.56235281018715,36.838666730794124,36.838666730794124,0.18397884311992765,0.18397884311992765,0.18397884311992765,0.18397884311992765,0.18397884311992765,0.18397884311992765,0.0,0.0,0.0,37.022645573914055
7,2010-08-31,36.732800402328536,28.120486895870293,40.94690320941972,36.732800402328536,36.732800402328536,-2.0170975755641947,-2.0170975755641947,-2.0170975755641947,-2.0170975755641947,-2.0170975755641947,-2.0170975755641947,0.0,0.0,0.0,34.71570282676434
8,2010-09-30,36.63034911671667,28.742311319404138,41.78263272263456,36.63034911671667,36.63034911671667,-1.590172569204046,-1.590172569204046,-1.590172569204046,-1.590172569204046,-1.590172569204046,-1.590172569204046,0.0,0.0,0.0,35.04017654751263
9,2010-10-31,36.52448278825109,31.43609282200893,43.81506600932879,36.52448278825109,36.52448278825109,1.0905604143848486,1.0905604143848486,1.0905604143848486,1.0905604143848486,1.0905604143848486,1.0905604143848486,0.0,0.0,0.0,37.61504320263594
10,2010-11-30,36.422031502639236,30.83798993689095,43.72947531333411,36.422031502639236,36.422031502639236,0.9652019886652446,0.9652019886652446,0.9652019886652446,0.9652019886652446,0.9652019886652446,0.9652019886652446,0.0,0.0,0.0,37.38723349130448
11,2010-12-31,36.31616517417365,30.604875328783386,43.96765539342831,36.31616517417365,36.31616517417365,0.8930495248186394,0.8930495248186394,0.8930495248186394,0.8930495248186394,0.8930495248186394,0.8930495248186394,0.0,0.0,0.0,37.209214698992284
12,2011-01-31,36.21029934554586,27.497956839406907,40.364207532760666,36.21029934554586,36.21029934554586,-1.8935705736055166,-1.8935705736055166,-1.8935705736055166,-1.8935705736055166,-1.8935705736055166,-1.8935705736055166,0.0,0.0,0.0,34.31672877194035
13,2011-02-28,36.11467859710786,31.015935654609585,43.2970368682377,36.11467859710786,36.11467859710786,1.1513802971319018,1.1513802971319018,1.1513802971319018,1.1513802971319018,1.1513802971319018,1.1513802971319018,0.0,0.0,0.0,37.26605889423976
14,2011-03-31,36.00881276848008,29.637301745059816,42.38292469049611,36.00881276848008,36.00881276848008,0.1325848293749851,0.1325848293749851,0.1325848293749851,0.1325848293749851,0.1325848293749851,0.1325848293749851,0.0,0.0,0.0,36.14139759785506
15,2011-04-30,35.906361966582224,29.773433247134765,42.68049591952906,35.906361966582224,35.906361966582224,0.04871674820319732,0.04871674820319732,0.04871674820319732,0.04871674820319732,0.04871674820319732,0.04871674820319732,0.0,0.0,0.0,35.95507871478542
16,2011-05-31,35.80049613795445,28.87062755138736,41.3266183819992,35.80049613795445,35.80049613795445,-0.7554837514170236,-0.7554837514170236,-0.7554837514170236,-0.7554837514170236,-0.7554837514170236,-0.7554837514170236,0.0,0.0,0.0,35.04501238653742
17,2011-06-30,35.69804534543868,31.46883873405852,43.91899275157636,35.69804534543868,35.69804534543868,1.9588616192168395,1.9588616192168395,1.9588616192168395,1.9588616192168395,1.9588616192168395,1.9588616192168395,0.0,0.0,0.0,37.65690696465552
18,2011-07-31,35.59217952650572,29.10494391325602,42.08718857206976,35.59217952650572,35.59217952650572,0.08696249243701339,0.08696249243701339,0.08696249243701339,0.08696249243701339,0.08696249243701339,0.08696249243701339,0.0,0.0,0.0,35.67914201894273
19,2011-08-31,35.486313707572755,26.575382883485492,39.908634944184925,35.486313707572755,35.486313707572755,-2.155911870339945,-2.155911870339945,-2.155911870339945,-2.155911870339945,-2.155911870339945,-2.155911870339945,0.0,0.0,0.0,33.33040183723281
20,2011-09-30,35.38386291505699,27.064513754923652,40.49479546352818,35.38386291505699,35.38386291505699,-1.5468809916219857,-1.5468809916219857,-1.5468809916219857,-1.5468809916219857,-1.5468809916219857,-1.5468809916219857,0.0,0.0,0.0,33.836981923435005
21,2011-10-31,35.27799709612403,29.58497023617006,42.3880476633407,35.27799709612403,35.27799709612403,1.1629689140346569,1.1629689140346569,1.1629689140346569,1.1629689140346569,1.1629689140346569,1.1629689140346569,0.0,0.0,0.0,36.44096601015869
22,2011-11-30,35.175546444375314,29.516573422549627,42.91413156724932,35.175546444375314,35.175546444375314,0.9815084942403283,0.9815084942403283,0.9815084942403283,0.9815084942403283,0.9815084942403283,0.9815084942403283,0.0,0.0,0.0,36.157054938615644
23,2011-12-31,35.06968077090164,29.725553800794547,42.36909416171127,35.06968077090164,35.06968077090164,0.9700665711322509,0.9700665711322509,0.9700665711322509,0.9700665711322509,0.9700665711322509,0.9700665711322509,0.0,0.0,0.0,36.03974734203389
24,2012-01-31,34.96381509742797,26.687723996808725,39.57334906535836,34.96381509742797,34.96381509742797,-1.9213014959406194,-1.9213014959406194,-1.9213014959406194,-1.9213014959406194,-1.9213014959406194,-1.9213014959406194,0.0,0.0,0.0,33.04251360148735
25,2012-02-29,34.864779467404205,29.82638649135364,43.015008568850654,34.864779467404205,34.864779467404205,1.492408057485206,1.492408057485206,1.492408057485206,1.492408057485206,1.492408057485206,1.492408057485206,0.0,0.0,0.0,36.35718752488941
26,2012-03-31,34.75891379393053,28.754755857396916,41.93262791458049,34.75891379393053,34.75891379393053,0.43844851996918127,0.43844851996918127,0.43844851996918127,0.43844851996918127,0.43844851996918127,0.43844851996918127,0.0,0.0,0.0,35.19736231389971
27,2012-04-30,34.656463142181806,27.806037980471192,40.24422398721877,34.656463142181806,34.656463142181806,-0.44799478096441,-0.44799478096441,-0.44799478096441,-0.44799478096441,-0.44799478096441,-0.44799478096441,0.0,0.0,0.0,34.2084683612174
28,2012-05-31,34.55059749625994,26.821138173435195,39.54364551749016,34.55059749625994,34.55059749625994,-1.0000152113372722,-1.0000152113372722,-1.0000152113372722,-1.0000152113372722,-1.0000152113372722,-1.0000152113372722,0.0,0.0,0.0,33.55058228492267
29,2012-06-30,34.44814687117426,29.876963007990195,42.99742869753883,34.44814687117426,34.44814687117426,1.864979558605287,1.864979558605287,1.864979558605287,1.864979558605287,1.864979558605287,1.864979558605287,0.0,0.0,0.0,36.313126429779544
30,2012-07-31,34.342281225252385,28.6486496916906,40.767207970470864,34.342281225252385,34.342281225252385,0.36844790098452546,0.36844790098452546,0.36844790098452546,0.36844790098452546,0.36844790098452546,0.36844790098452546,0.0,0.0,0.0,34.71072912623691
31,2012-08-31,34.23641557933052,26.046111100848425,39.1884900068144,34.23641557933052,34.23641557933052,-1.7319968247118798,-1.7319968247118798,-1.7319968247118798,-1.7319968247118798,-1.7319968247118798,-1.7319968247118798,0.0,0.0,0.0,32.50441875461864
32,2012-09-30,34.13396495424483,26.374507085640566,39.322241238208456,34.13396495424483,34.13396495424483,-1.6637379172334086,-1.6637379172334086,-1.6637379172334086,-1.6637379172334086,-1.6637379172334086,-1.6637379172334086,0.0,0.0,0.0,32.470227037011426
33,2012-10-31,34.028100289729046,28.110398131031175,41.57080604736434,34.028100289729046,34.028100289729046,0.9470480347529621,0.9470480347529621,0.9470480347529621,0.9470480347529621,0.9470480347529621,0.9470480347529621,0.0,0.0,0.0,34.97514832448201
34,2012-11-30,33.9256506143912,28.39549826817287,40.892517237949505,33.9256506143912,33.9256506143912,0.9308769769536889,0.9308769769536889,0.9308769769536889,0.9308769769536889,0.9308769769536889,0.9308769769536889,0.0,0.0,0.0,34.85652759134489
35,2012-12-31,33.81978594987542,28.038415970174942,40.546767505783116,33.81978594987542,33.81978594987542,0.7321806096720408,0.7321806096720408,0.7321806096720408,0.7321806096720408,0.7321806096720408,0.7321806096720408,0.0,0.0,0.0,34.55196655954746
36,2013-01-31,33.71392128535964,25.365482935931727,38.301149065320516,33.71392128535964,33.71392128535964,-1.8443967566625863,-1.8443967566625863,-1.8443967566625863,-1.8443967566625863,-1.8443967566625863,-1.8443967566625863,0.0,0.0,0.0,31.869524528697053
37,2013-02-28,33.61830158837765,28.8097176878734,41.5661073364774,33.61830158837765,33.61830158837765,1.379619075932792,1.379619075932792,1.379619075932792,1.379619075932792,1.379619075932792,1.379619075932792,0.0,0.0,0.0,34.99792066431044
38,2013-03-31,33.51324936750175,27.6018885475652,40.11472282880734,33.51324936750175,33.51324936750175,0.3319639595907177,0.3319639595907177,0.3319639595907177,0.3319639595907177,0.3319639595907177,0.3319639595907177,0.0,0.0,0.0,33.845213327092466
39,2013-04-30,33.41158592794442,27.512956760028516,39.56760321848358,33.41158592794442,33.41158592794442,-0.28567261608214645,-0.28567261608214645,-0.28567261608214645,-0.28567261608214645,-0.28567261608214645,-0.28567261608214645,0.0,0.0,0.0,33.12591331186228
40,2013-05-31,33.30653370706852,26.10030434548377,38.875430018323804,33.30653370706852,33.30653370706852,-0.9173684210030272,-0.9173684210030272,-0.9173684210030272,-0.9173684210030272,-0.9173684210030272,-0.9173684210030272,0.0,0.0,0.0,32.38916528606549
41,2013-06-30,33.2048702675112,28.535902075439793,41.27257024985309,33.2048702675112,33.2048702675112,1.9012142691243317,1.9012142691243317,1.9012142691243317,1.9012142691243317,1.9012142691243317,1.9012142691243317,0.0,0.0,0.0,35.10608453663553
42,2013-07-31,33.09981804663529,26.52051203789582,40.09444668440163,33.09981804663529,33.09981804663529,0.27786423656914994,0.27786423656914994,0.27786423656914994,0.27786423656914994,0.27786423656914994,0.27786423656914994,0.0,0.0,0.0,33.37768228320444
43,2013-08-31,32.99476582575939,24.843775979621995,37.010729984168854,32.99476582575939,32.99476582575939,-1.875723972100226,-1.875723972100226,-1.875723972100226,-1.875723972100226,-1.875723972100226,-1.875723972100226,0.0,0.0,0.0,31.119041853659162
44,2013-09-30,32.89352183860048,25.046338417204492,37.572187551180036,32.89352183860048,32.89352183860048,-1.629140523810415,-1.629140523810415,-1.629140523810415,-1.629140523810415,-1.629140523810415,-1.629140523810415,0.0,0.0,0.0,31.264381314790064
45,2013-10-31,32.78890305186961,27.491049166885773,40.38118772627329,32.78890305186961,32.78890305186961,1.0185458824987015,1.0185458824987015,1.0185458824987015,1.0185458824987015,1.0185458824987015,1.0185458824987015,0.0,0.0,0.0,33.80744893436831
46,2013-11-30,32.68765906471071,26.5233169219356,39.91842563045356,32.68765906471071,32.68765906471071,0.9483014086861921,0.9483014086861921,0.9483014086861921,0.9483014086861921,0.9483014086861921,0.9483014086861921,0.0,0.0,0.0,33.6359604733969
47,2013-12-31,32.58304027797983,27.388225217809335,40.34138292760929,32.58304027797983,32.58304027797983,0.8137287112505015,0.8137287112505015,0.8137287112505015,0.8137287112505015,0.8137287112505015,0.8137287112505015,0.0,0.0,0.0,33.39676898923034
48,2014-01-31,32.478421491248966,24.651128214238184,37.78361743480286,32.478421491248966,32.478421491248966,-1.8679249425345505,-1.8679249425345505,-1.8679249425345505,-1.8679249425345505,-1.8679249425345505,-1.8679249425345505,0.0,0.0,0.0,30.610496548714416
49,2014-02-28,32.38462920743303,27.492024181965416,40.27427881191285,32.38462920743303,32.38462920743303,1.2658881428396505,1.2658881428396505,1.2658881428396505,1.2658881428396505,1.2658881428396505,1.2658881428396505,0.0,0.0,0.0,33.65051735027268
50,2014-03-31,32.2807877503511,26.86264216010964,38.871030353864455,32.2807877503511,32.2807877503511,0.22996861598847157,0.22996861598847157,0.22996861598847157,0.22996861598847157,0.22996861598847157,0.22996861598847157,0.0,0.0,0.0,32.51075636633957
51,2014-04-30,32.18029601769117,25.842432386020867,38.511355281471026,32.18029601769117,32.18029601769117,-0.120037017185523,-0.120037017185523,-0.120037017185523,-0.120037017185523,-0.120037017185523,-0.120037017185523,0.0,0.0,0.0,32.060259000505646
52,2014-05-31,32.07645456060924,24.905890220326814,37.86907597074145,32.07645456060924,32.07645456060924,-0.8357994218183574,-0.8357994218183574,-0.8357994218183574,-0.8357994218183574,-0.8357994218183574,-0.8357994218183574,0.0,0.0,0.0,31.240655138790885
53,2014-06-30,31.97596282794931,27.29413407928734,40.79571731986022,31.97596282794931,31.97596282794931,1.9325205979606737,1.9325205979606737,1.9325205979606737,1.9325205979606737,1.9325205979606737,1.9325205979606737,0.0,0.0,0.0,33.908483425909985
54,2014-07-31,31.872492475788153,25.651569825091283,38.27532745874324,31.872492475788153,31.872492475788153,0.1839788431197138,0.1839788431197138,0.1839788431197138,0.1839788431197138,0.1839788431197138,0.1839788431197138,0.0,0.0,0.0,32.05647131890787
55,2014-08-31,31.76902212362699,23.27966502117222,35.8717357268404,31.76902212362699,31.76902212362699,-2.0170975755653444,-2.0170975755653444,-2.0170975755653444,-2.0170975755653444,-2.0170975755653444,-2.0170975755653444,0.0,0.0,0.0,29.751924548061645
56,2014-09-30,31.668889524761354,23.72719981578257,36.516136519169095,31.668889524761354,31.668889524761354,-1.590172569204262,-1.590172569204262,-1.590172569204262,-1.590172569204262,-1.590172569204262,-1.590172569204262,0.0,0.0,0.0,30.07871695555709
57,2014-10-31,31.565419172600198,26.8267532481237,38.98797637410372,31.565419172600198,31.565419172600198,1.0905604143850864,1.0905604143850864,1.0905604143850864,1.0905604143850864,1.0905604143850864,1.0905604143850864,0.0,0.0,0.0,32.65597958698528
58,2014-11-30,31.46528657373456,25.970053716784218,38.838234687464926,31.46528657373456,31.46528657373456,0.9652019886652768,0.9652019886652768,0.9652019886652768,0.9652019886652768,0.9652019886652768,0.9652019886652768,0.0,0.0,0.0,32.43048856239984
59,2014-12-31,31.361816221573395,25.87447226805263,38.673221104161485,31.361816221573395,31.361816221573395,0.8930495248181997,0.8930495248181997,0.8930495248181997,0.8930495248181997,0.8930495248181997,0.8930495248181997,0.0,0.0,0.0,32.254865746391594
60,2015-01-31,31.258347169947335,22.93110799919849,35.930188278027295,31.258347169947335,31.258347169947335,-1.8935705736052149,-1.8935705736052149,-1.8935705736052149,-1.8935705736052149,-1.8935705736052149,-1.8935705736052149,0.0,0.0,0.0,29.36477659634212
61,2015-02-28,31.1648912523496,25.825206973467605,38.872201041611085,31.1648912523496,31.1648912523496,1.151380297132193,1.151380297132193,1.151380297132193,1.151380297132193,1.151380297132193,1.151380297132193,0.0,0.0,0.0,32.3162715494818
62,2015-03-31,31.06142220072353,24.467100674180124,37.490825912559266,31.06142220072353,31.06142220072353,0.13258482937536242,0.13258482937536242,0.13258482937536242,0.13258482937536242,0.13258482937536242,0.13258482937536242,0.0,0.0,0.0,31.19400703009889
63,2015-04-30,30.961290860440243,24.47122015167537,37.549311083736335,30.961290860440243,30.961290860440243,0.04871674820313234,0.04871674820313234,0.04871674820313234,0.04871674820313234,0.04871674820313234,0.04871674820313234,0.0,0.0,0.0,31.010007608643377
64,2015-05-31,30.85782180881418,23.885051204397094,36.458357222536996,30.85782180881418,30.85782180881418,-0.7554837514168803,-0.7554837514168803,-0.7554837514168803,-0.7554837514168803,-0.7554837514168803,-0.7554837514168803,0.0,0.0,0.0,30.1023380573973
65,2015-06-30,30.757696889540863,26.380847703694116,39.104414576067825,30.757696889540863,30.757696889540863,1.9588616192169224,1.9588616192169224,1.9588616192169224,1.9588616192169224,1.9588616192169224,1.9588616192169224,0.0,0.0,0.0,32.716558508757785
66,2015-07-31,30.65423447295844,24.163922268005276,36.97074584338736,30.65423447295844,30.65423447295844,0.0869624924370632,0.0869624924370632,0.0869624924370632,0.0869624924370632,0.0869624924370632,0.0869624924370632,0.0,0.0,0.0,30.741196965395503
67,2015-08-31,30.55077205637601,21.99072794420816,34.37459996345874,30.55077205637601,30.55077205637601,-2.1559118703402196,-2.1559118703402196,-2.1559118703402196,-2.1559118703402196,-2.1559118703402196,-2.1559118703402196,0.0,0.0,0.0,28.394860186035793
68,2015-09-30,30.4506471371027,23.007753720532847,35.151367665718645,30.4506471371027,30.4506471371027,-1.5468809916217223,-1.5468809916217223,-1.5468809916217223,-1.5468809916217223,-1.5468809916217223,-1.5468809916217223,0.0,0.0,0.0,28.903766145480976
69,2015-10-31,30.34718472052028,25.080656471692073,37.67669716217381,30.34718472052028,30.34718472052028,1.1629689140348336,1.1629689140348336,1.1629689140348336,1.1629689140348336,1.1629689140348336,1.1629689140348336,0.0,0.0,0.0,31.510153634555113
70,2015-11-30,30.24820458542286,24.503029944766713,37.29368235428007,30.24820458542286,30.24820458542286,0.981508494240259,0.981508494240259,0.981508494240259,0.981508494240259,0.981508494240259,0.981508494240259,0.0,0.0,0.0,31.22971307966312
71,2015-12-31,30.145925112488865,25.208193447953292,37.52678314848367,30.145925112488865,30.145925112488865,0.9700665711327048,0.9700665711327048,0.9700665711327048,0.9700665711327048,0.9700665711327048,0.9700665711327048,0.0,0.0,0.0,31.11599168362157
72,2016-01-31,30.04364563955487,22.178260127227873,34.85023210185277,30.04364563955487,30.04364563955487,-1.9213014959404429,-1.9213014959404429,-1.9213014959404429,-1.9213014959404429,-1.9213014959404429,-1.9213014959404429,0.0,0.0,0.0,28.122344143614427
73,2016-02-29,29.947964842294034,25.12953496694675,37.731354711590406,29.947964842294034,29.947964842294034,1.49240805748583,1.49240805748583,1.49240805748583,1.49240805748583,1.49240805748583,1.49240805748583,0.0,0.0,0.0,31.440372899779863
74,2016-03-31,29.84568536936004,23.81727829593817,36.966758871080906,29.84568536936004,29.84568536936004,0.43844851996858464,0.43844851996858464,0.43844851996858464,0.43844851996858464,0.43844851996858464,0.43844851996858464,0.0,0.0,0.0,30.284133889328626
75,2016-04-30,29.7489913999832,23.373168276867528,35.44705368850706,29.7489913999832,29.7489913999832,-0.4479947809641435,-0.4479947809641435,-0.4479947809641435,-0.4479947809641435,-0.4479947809641435,-0.4479947809641435,0.0,0.0,0.0,29.300996619019056
76,2016-05-31,29.6490742982938,22.3545769370303,35.101502953545236,29.6490742982938,29.6490742982938,-1.0000152113376604,-1.0000152113376604,-1.0000152113376604,-1.0000152113376604,-1.0000152113376604,-1.0000152113376604,0.0,0.0,0.0,28.64905908695614
77,2016-06-30,29.55238032891696,24.971741751091887,38.18939821005026,29.55238032891696,29.55238032891696,1.864979558605564,1.864979558605564,1.864979558605564,1.864979558605564,1.864979558605564,1.864979558605564,0.0,0.0,0.0,31.417359887522526
78,2016-07-31,29.45246322722756,23.40850042003523,36.13113060345695,29.45246322722756,29.45246322722756,0.3684479009842715,0.3684479009842715,0.3684479009842715,0.3684479009842715,0.3684479009842715,0.3684479009842715,0.0,0.0,0.0,29.820911128211833
79,2016-08-31,29.352546125538158,21.69353395921509,33.93686938019849,29.352546125538158,29.352546125538158,-1.731996824711984,-1.731996824711984,-1.731996824711984,-1.731996824711984,-1.731996824711984,-1.731996824711984,0.0,0.0,0.0,27.620549300826173
80,2016-09-30,29.25585215616132,21.424153137835653,34.14370892274361,29.25585215616132,29.25585215616132,-1.663737917233276,-1.663737917233276,-1.663737917233276,-1.663737917233276,-1.663737917233276,-1.663737917233276,0.0,0.0,0.0,27.592114238928044
81,2016-10-31,29.158334450415754,23.68646229726221,36.66215520961498,29.158334450415754,29.158334450415754,0.9470480347533169,0.9470480347533169,0.9470480347533169,0.9470480347533169,0.9470480347533169,0.9470480347533169,0.0,0.0,0.0,30.10538248516907
82,2016-11-30,29.063962477113595,23.487635663547643,36.16951498857382,29.063962477113595,29.063962477113595,0.930876976953294,0.930876976953294,0.930876976953294,0.930876976953294,0.930876976953294,0.930876976953294,0.0,0.0,0.0,29.994839454066888
83,2016-12-31,28.96644477136803,23.50885822678022,36.03791065317835,28.96644477136803,28.96644477136803,0.732180609671933,0.732180609671933,0.732180609671933,0.732180609671933,0.732180609671933,0.732180609671933,0.0,0.0,0.0,29.698625381039964
84,2017-01-31,28.86892706562246,20.392924464265445,33.884536515354725,28.86892706562246,28.86892706562246,-1.844396756662736,-1.844396756662736,-1.844396756662736,-1.844396756662736,-1.844396756662736,-1.844396756662736,0.0,0.0,0.0,27.024530308959726
85,2017-02-28,28.780846557207113,24.167734195176564,36.36399890946774,28.780846557207113,28.780846557207113,1.3796190759324523,1.3796190759324523,1.3796190759324523,1.3796190759324523,1.3796190759324523,1.3796190759324523,0.0,0.0,0.0,30.160465633139566
86,2017-03-31,28.691237467977317,22.54059071421238,35.15263822497436,28.691237467977317,28.691237467977317,0.3319639595904345,0.3319639595904345,0.3319639595904345,0.3319639595904345,0.3319639595904345,0.3319639595904345,0.0,0.0,0.0,29.023201427567752
87,2017-04-30,28.60451899452912,21.76851050015815,34.604093791027374,28.60451899452912,28.60451899452912,-0.2856726160814758,-0.2856726160814758,-0.2856726160814758,-0.2856726160814758,-0.2856726160814758,-0.2856726160814758,0.0,0.0,0.0,28.318846378447642
88,2017-05-31,28.514909905299323,20.699287197494957,33.974762742477004,28.514909905299323,28.514909905299323,-0.9173684210034125,-0.9173684210034125,-0.9173684210034125,-0.9173684210034125,-0.9173684210034125,-0.9173684210034125,0.0,0.0,0.0,27.59754148429591
89,2017-06-30,28.42819143185113,24.119862345273102,36.90976796284231,28.42819143185113,28.42819143185113,1.9012142691240728,1.9012142691240728,1.9012142691240728,1.9012142691240728,1.9012142691240728,1.9012142691240728,0.0,0.0,0.0,30.3294057009752
90,2017-07-31,28.338582342621333,22.257891723473413,34.86910510614815,28.338582342621333,28.338582342621333,0.27786423656942233,0.27786423656942233,0.27786423656942233,0.27786423656942233,0.27786423656942233,0.27786423656942233,0.0,0.0,0.0,28.616446579190754
91,2017-08-31,28.259769075206414,19.89357339831258,32.599840544574036,28.259769075206414,28.259769075206414,-1.8757239721001935,-1.8757239721001935,-1.8757239721001935,-1.8757239721001935,-1.8757239721001935,-1.8757239721001935,0.0,0.0,0.0,26.38404510310622
92,2017-09-30,28.183498171256495,20.445881276472004,33.07395240068006,28.183498171256495,28.183498171256495,-1.6291405238101746,-1.6291405238101746,-1.6291405238101746,-1.6291405238101746,-1.6291405238101746,-1.6291405238101746,0.0,0.0,0.0,26.55435764744632
93,2017-10-31,28.104684903841576,22.61822363590876,35.40806241551168,28.104684903841576,28.104684903841576,1.0185458824993057,1.0185458824993057,1.0185458824993057,1.0185458824993057,1.0185458824993057,1.0185458824993057,0.0,0.0,0.0,29.123230786340883
94,2017-11-30,28.028413999891658,22.674513939390433,35.07910464022321,28.028413999891658,28.028413999891658,0.9483014086860143,0.9483014086860143,0.9483014086860143,0.9483014086860143,0.9483014086860143,0.9483014086860143,0.0,0.0,0.0,28.97671540857767
95,2017-12-31,27.94960073247674,22.31200157257672,34.92363011045871,27.94960073247674,27.94960073247674,0.8137287112506767,0.8137287112506767,0.8137287112506767,0.8137287112506767,0.8137287112506767,0.8137287112506767,0.0,0.0,0.0,28.763329443727415
96,2018-01-31,27.870787465061824,19.79806148997364,32.40569481341064,27.870787465061824,27.870787465061824,-1.8679249425347895,-1.8679249425347895,-1.8679249425347895,-1.8679249425347895,-1.8679249425347895,-1.8679249425347895,0.0,0.0,0.0,26.002862522527035
97,2018-02-28,27.81059726750425,22.648909000803755,35.278612124926156,27.81059726750425,27.81059726750425,1.2658881428399578,1.2658881428399578,1.2658881428399578,1.2658881428399578,1.2658881428399578,1.2658881428399578,0.0,0.0,0.0,29.07648541034421
98,2018-03-31,27.743958120208358,21.67629717615648,34.62402240093706,27.743958120208358,27.743958120208358,0.2299686159891503,0.2299686159891503,0.2299686159891503,0.2299686159891503,0.2299686159891503,0.2299686159891503,0.0,0.0,0.0,27.97392673619751
99,2018-04-30,27.679468622825244,21.059544586681767,33.95155013072848,27.679468622825244,27.679468622825244,-0.12003701718616142,-0.12003701718616142,-0.12003701718616142,-0.12003701718616142,-0.12003701718616142,-0.12003701718616142,0.0,0.0,0.0,27.559431605639084
100,2018-05-31,27.612829475529356,20.505577783264503,33.5113853521546,27.612829475529356,27.612829475529356,-0.8357994218192386,-0.8357994218192386,-0.8357994218192386,-0.8357994218192386,-0.8357994218192386,-0.8357994218192386,0.0,0.0,0.0,26.777030053710117
101,2018-06-30,27.54833997814624,23.462560737071488,36.490949094059715,27.54833997814624,27.54833997814624,1.9325205979605349,1.9325205979605349,1.9325205979605349,1.9325205979605349,1.9325205979605349,1.9325205979605349,0.0,0.0,0.0,29.480860576106778
102,2018-07-31,27.492577443345066,21.048814713835814,34.212928739182246,27.492577443345066,27.492577443345066,0.18397884311912333,0.18397884311912333,0.18397884311912333,0.18397884311912333,0.18397884311912333,0.18397884311912333,0.0,0.0,0.0,27.67655628646419
103,2018-08-31,27.436814908543884,18.947028032560365,31.871074323180753,27.436814908543884,27.436814908543884,-2.017097575565475,-2.017097575565475,-2.017097575565475,-2.017097575565475,-2.017097575565475,-2.017097575565475,0.0,0.0,0.0,25.419717332978408
104,2018-09-30,27.3828511651879,19.34170554431197,31.4794721406929,27.3828511651879,27.3828511651879,-1.5901725692043436,-1.5901725692043436,-1.5901725692043436,-1.5901725692043436,-1.5901725692043436,-1.5901725692043436,0.0,0.0,0.0,25.792678595983556
105,2018-10-31,27.32708863038672,21.995796751708465,34.57145700405638,27.32708863038672,27.32708863038672,1.0905604143848797,1.0905604143848797,1.0905604143848797,1.0905604143848797,1.0905604143848797,1.0905604143848797,0.0,0.0,0.0,28.417649044771597
106,2018-11-30,27.273124887030733,21.689107229868533,34.63815343185714,27.273124887030733,27.273124887030733,0.9652019886659168,0.9652019886659168,0.9652019886659168,0.9652019886659168,0.9652019886659168,0.9652019886659168,0.0,0.0,0.0,28.23832687569665
107,2018-12-31,27.226342797580788,22.339838334664865,34.782884738601624,27.226342797580788,27.226342797580788,0.893049524818093,0.893049524818093,0.893049524818093,0.893049524818093,0.893049524818093,0.893049524818093,0.0,0.0,0.0,28.11939232239888
108,2019-01-31,27.17956070813084,18.908486481210705,31.2520204634339,27.17956070813084,27.17956070813084,-1.8935705736058999,-1.8935705736058999,-1.8935705736058999,-1.8935705736058999,-1.8935705736058999,-1.8935705736058999,0.0,0.0,0.0,25.28599013452494
109,2019-02-28,27.137305917659926,21.886916923632644,34.403798689752584,27.137305917659926,27.137305917659926,1.1513802971325908,1.1513802971325908,1.1513802971325908,1.1513802971325908,1.1513802971325908,1.1513802971325908,0.0,0.0,0.0,28.288686214792516
110,2019-03-31,27.090523828209978,20.66816181576939,33.416712918838684,27.090523828209978,27.090523828209978,0.13258482937563912,0.13258482937563912,0.13258482937563912,0.13258482937563912,0.13258482937563912,0.13258482937563912,0.0,0.0,0.0,27.223108657585616
111,2019-04-30,27.04525083841971,20.857327546063626,33.06709775008433,27.04525083841971,27.04525083841971,0.04871674820292131,0.04871674820292131,0.04871674820292131,0.04871674820292131,0.04871674820292131,0.04871674820292131,0.0,0.0,0.0,27.093967586622632
112,2019-05-31,26.998468748969767,19.962979026826023,33.30261889862981,26.998468748969767,26.998468748969767,-0.7554837514162114,-0.7554837514162114,-0.7554837514162114,-0.7554837514162114,-0.7554837514162114,-0.7554837514162114,0.0,0.0,0.0,26.242984997553556
113,2019-06-30,26.958305306706656,22.91199527745675,35.86268621062748,26.958305306706656,26.958305306706656,1.9588616192167638,1.9588616192167638,1.9588616192167638,1.9588616192167638,1.9588616192167638,1.9588616192167638,0.0,0.0,0.0,28.917166925923418
114,2019-07-31,26.916803083034775,20.659944546965033,33.12463542588452,26.916803083034775,26.916803083034775,0.08696249243728489,0.08696249243728489,0.08696249243728489,0.08696249243728489,0.08696249243728489,0.08696249243728489,0.0,0.0,0.0,27.00376557547206
115,2019-08-31,26.8753008593629,18.487214801324246,31.269914560439734,26.8753008593629,26.8753008593629,-2.155911870339797,-2.155911870339797,-2.155911870339797,-2.155911870339797,-2.155911870339797,-2.155911870339797,0.0,0.0,0.0,24.719388989023102
116,2019-09-30,26.835137417099787,18.677062434061156,31.500210549135073,26.835137417099787,26.835137417099787,-1.5468809916217785,-1.5468809916217785,-1.5468809916217785,-1.5468809916217785,-1.5468809916217785,-1.5468809916217785,0.0,0.0,0.0,25.288256425478007
117,2019-10-31,26.793635193427907,21.760812189918934,34.08428988563806,26.793635193427907,26.793635193427907,1.1629689140346313,1.1629689140346313,1.1629689140346313,1.1629689140346313,1.1629689140346313,1.1629689140346313,0.0,0.0,0.0,27.95660410746254
118,2019-11-30,26.75475121367978,21.234488903439765,34.44734515097038,26.75475121367978,26.75475121367978,0.9815084942401225,0.9815084942401225,0.9815084942401225,0.9815084942401225,0.9815084942401225,0.9815084942401225,0.0,0.0,0.0,27.736259707919903
119,2019-12-31,26.714571101273375,21.2743709971076,34.12373466128483,26.714571101273375,26.714571101273375,0.9700665711323084,0.9700665711323084,0.9700665711323084,0.9700665711323084,0.9700665711323084,0.9700665711323084,0.0,0.0,0.0,27.68463767240568
120,2020-01-31,26.674390988866975,18.493971745682444,30.822583535709114,26.674390988866975,26.674390988866975,-1.9213014959411574,-1.9213014959411574,-1.9213014959411574,-1.9213014959411574,-1.9213014959411574,-1.9213014959411574,0.0,0.0,0.0,24.753089492925817
121,2020-02-29,26.636803141777115,21.908633648336675,34.63349667561599,26.636803141777115,26.636803141777115,1.4924080574863463,1.4924080574863463,1.4924080574863463,1.4924080574863463,1.4924080574863463,1.4924080574863463,0.0,0.0,0.0,28.129211199263462
122,2020-03-31,26.59662302937071,19.989833692524073,33.08816021102605,26.59662302937071,26.59662302937071,0.43844851996872314,0.43844851996872314,0.43844851996872314,0.43844851996872314,0.43844851996872314,0.43844851996872314,0.0,0.0,0.0,27.035071549339435
123,2020-04-30,26.557739056522806,19.282720817882783,32.5798627425372,26.557739056522806,26.557739056522806,-0.44799478096520734,-0.44799478096520734,-0.44799478096520734,-0.44799478096520734,-0.44799478096520734,-0.44799478096520734,0.0,0.0,0.0,26.1097442755576
124,2020-05-31,26.51755895124663,19.389712100153286,31.65230365919923,26.51755895124663,26.51755895124663,-1.0000152113387182,-1.0000152113387182,-1.0000152113387182,-1.0000152113387182,-1.0000152113387182,-1.0000152113387182,0.0,0.0,0.0,25.517543739907914
125,2020-06-30,26.478674978398725,22.096516077101768,34.86154478278988,26.478674978398725,26.478674978398725,1.8649795586053053,1.8649795586053053,1.8649795586053053,1.8649795586053053,1.8649795586053053,1.8649795586053053,0.0,0.0,0.0,28.34365453700403
126,2020-07-31,26.43849487312255,21.219327364759568,33.49046031323005,26.43849487312255,26.43849487312255,0.36844790098423225,0.36844790098423225,0.36844790098423225,0.36844790098423225,0.36844790098423225,0.36844790098423225,0.0,0.0,0.0,26.806942774106783
127,2020-08-31,26.39831476784638,18.132645171512852,31.133213866258995,26.39831476784638,26.39831476784638,-1.7319968247132778,-1.7319968247132778,-1.7319968247132778,-1.7319968247132778,-1.7319968247132778,-1.7319968247132778,0.0,0.0,0.0,24.6663179431331
128,2020-09-30,26.359430794998467,18.655210961981716,31.11249584451501,26.359430794998467,26.359430794998467,-1.6637379172332472,-1.6637379172332472,-1.6637379172332472,-1.6637379172332472,-1.6637379172332472,-1.6637379172332472,0.0,0.0,0.0,24.695692877765218
129,2020-10-31,26.31925090354103,20.9560953826569,33.32548135523449,26.31925090354103,26.31925090354103,0.9470480347531407,0.9470480347531407,0.9470480347531407,0.9470480347531407,0.9470480347531407,0.9470480347531407,0.0,0.0,0.0,27.26629893829417
130,2020-11-30,26.28036713761447,20.99038842385293,32.993897039485894,26.28036713761447,26.28036713761447,0.9308769769542699,0.9308769769542699,0.9308769769542699,0.9308769769542699,0.9308769769542699,0.9308769769542699,0.0,0.0,0.0,27.21124411456874
131,2020-12-31,26.24018724615702,20.498520103829975,33.82572587963007,26.24018724615702,26.24018724615702,0.732180609672017,0.732180609672017,0.732180609672017,0.732180609672017,0.732180609672017,0.732180609672017,0.0,0.0,0.0,26.972367855829038
132,2021-01-31,26.20000735469958,17.948531729477057,30.646557191720955,26.20000735469958,26.20000735469958,-1.8443967566631665,-1.8443967566631665,-1.8443967566631665,-1.8443967566631665,-1.8443967566631665,-1.8443967566631665,0.0,0.0,0.0,24.355610598036414
133,2021-02-28,26.16371583983479,21.21967061656244,33.3918630568794,26.16371583983479,26.16371583983479,1.3796190759330644,1.3796190759330644,1.3796190759330644,1.3796190759330644,1.3796190759330644,1.3796190759330644,0.0,0.0,0.0,27.543334915767854
134,2021-03-31,26.123535946770875,19.95250643793135,33.21137426993697,26.123535946770875,26.123535946770875,0.33196395959030117,0.33196395959030117,0.33196395959030117,0.33196395959030117,0.33196395959030117,0.33196395959030117,0.0,0.0,0.0,26.455499906361176
135,2021-04-30,26.084652179289662,19.384594960125963,32.41203267018109,26.084652179289662,26.084652179289662,-0.2856726160823028,-0.2856726160823028,-0.2856726160823028,-0.2856726160823028,-0.2856726160823028,-0.2856726160823028,0.0,0.0,0.0,25.79897956320736
136,2021-05-31,26.04447228622574,19.121632269793203,31.304109834590065,26.04447228622574,26.04447228622574,-0.9173684210029067,-0.9173684210029067,-0.9173684210029067,-0.9173684210029067,-0.9173684210029067,-0.9173684210029067,0.0,0.0,0.0,25.127103865222836
137,2021-06-30,26.00558851874453,21.216243877206775,34.37828964261367,26.00558851874453,26.00558851874453,1.9012142691243046,1.9012142691243046,1.9012142691243046,1.9012142691243046,1.9012142691243046,1.9012142691243046,0.0,0.0,0.0,27.906802787868834
138,2021-07-31,25.96540862568061,19.64903666605007,32.45762770156838,25.96540862568061,25.96540862568061,0.2778642365683978,0.2778642365683978,0.2778642365683978,0.2778642365683978,0.2778642365683978,0.2778642365683978,0.0,0.0,0.0,26.243272862249007
139,2021-08-31,25.92522873261669,18.07463025805068,30.423412203395806,25.92522873261669,25.92522873261669,-1.8757239720987253,-1.8757239720987253,-1.8757239720987253,-1.8757239720987253,-1.8757239720987253,-1.8757239720987253,0.0,0.0,0.0,24.049504760517966
140,2021-09-30,25.886344965135482,17.803961100699212,30.53285193412461,25.886344965135482,25.886344965135482,-1.6291405238105974,-1.6291405238105974,-1.6291405238105974,-1.6291405238105974,-1.6291405238105974,-1.6291405238105974,0.0,0.0,0.0,24.257204441324884
141,2021-10-31,25.84616507207156,20.180717282963716,34.01977261065678,25.84616507207156,25.84616507207156,1.0185458824983855,1.0185458824983855,1.0185458824983855,1.0185458824983855,1.0185458824983855,1.0185458824983855,0.0,0.0,0.0,26.864710954569947
142,2021-11-30,25.807281304590347,20.451702174002367,33.092855748098415,25.807281304590347,25.807281304590347,0.9483014086858708,0.9483014086858708,0.9483014086858708,0.9483014086858708,0.9483014086858708,0.9483014086858708,0.0,0.0,0.0,26.75558271327622
143,2021-12-31,25.767101411526433,19.68254802302215,33.064206512215925,25.767101411526433,25.767101411526433,0.8137287112509595,0.8137287112509595,0.8137287112509595,0.8137287112509595,0.8137287112509595,0.8137287112509595,0.0,0.0,0.0,26.580830122777392
144,2022-01-31,25.72692151846251,17.334925448969166,30.50065703979984,25.72692151846251,25.72692151846251,-1.8679249425341649,-1.8679249425341649,-1.8679249425341649,-1.8679249425341649,-1.8679249425341649,-1.8679249425341649,0.0,0.0,0.0,23.858996575928344
145,2022-02-28,25.69063000214671,20.507517484438903,33.441274602169116,25.69063000214671,25.69063000214671,1.26588814283911,1.26588814283911,1.26588814283911,1.26588814283911,1.26588814283911,1.26588814283911,0.0,0.0,0.0,26.95651814498582
146,2022-03-31,25.650450109082797,19.87153165820431,32.2683439648629,25.650450109082797,25.650450109082797,0.2299686159886144,0.2299686159886144,0.2299686159886144,0.2299686159886144,0.2299686159886144,0.2299686159886144,0.0,0.0,0.0,25.88041872507141
147,2022-04-30,25.61156634160158,18.94901524628267,31.528531906940117,25.61156634160158,25.61156634160158,-0.12003701718620402,-0.12003701718620402,-0.12003701718620402,-0.12003701718620402,-0.12003701718620402,-0.12003701718620402,0.0,0.0,0.0,25.491529324415378
148,2022-05-31,25.571386448537666,18.032531453056666,30.715610885505292,25.571386448537666,25.571386448537666,-0.8357994218184253,-0.8357994218184253,-0.8357994218184253,-0.8357994218184253,-0.8357994218184253,-0.8357994218184253,0.0,0.0,0.0,24.73558702671924
149,2022-06-30,25.532502681056453,21.349394939944336,33.66962435287077,25.532502681056453,25.532502681056453,1.9325205979607871,1.9325205979607871,1.9325205979607871,1.9325205979607871,1.9325205979607871,1.9325205979607871,0.0,0.0,0.0,27.46502327901724
150,2022-07-31,25.49232278799253,19.275473665821526,31.742963300960774,25.49232278799253,25.49232278799253,0.1839788431195751,0.1839788431195751,0.1839788431195751,0.1839788431195751,0.1839788431195751,0.1839788431195751,0.0,0.0,0.0,25.676301631112107
151,2022-08-31,25.452142894928613,17.11922166102414,30.202497957790648,25.452142894928613,25.452142894928613,-2.0170975755654785,-2.0170975755654785,-2.0170975755654785,-2.0170975755654785,-2.0170975755654785,-2.0170975755654785,0.0,0.0,0.0,23.435045319363134
152,2022-09-30,25.413259127447404,17.310031151533607,30.346937372691702,25.413259127447404,25.413259127447404,-1.590172569203865,-1.590172569203865,-1.590172569203865,-1.590172569203865,-1.590172569203865,-1.590172569203865,0.0,0.0,0.0,23.82308655824354
153,2022-10-31,25.373079234383482,20.17290162500825,32.80239037902829,25.373079234383482,25.373079234383482,1.0905604143851042,1.0905604143851042,1.0905604143851042,1.0905604143851042,1.0905604143851042,1.0905604143851042,0.0,0.0,0.0,26.463639648768588
154,2022-11-30,25.33419546690227,19.76567763031523,32.702160791284705,25.33419546690227,25.33419546690227,0.9652019886652264,0.9652019886652264,0.9652019886652264,0.9652019886652264,0.9652019886652264,0.9652019886652264,0.0,0.0,0.0,26.299397455567494
155,2022-12-31,25.294015573838355,20.339127922871274,32.87046353823811,25.294015573838355,25.294015573838355,0.8930495248184128,0.8930495248184128,0.8930495248184128,0.8930495248184128,0.8930495248184128,0.8930495248184128,0.0,0.0,0.0,26.187065098656767
156,2023-01-31,25.253835680774433,17.224185151981807,29.845757111634814,25.253835680774433,25.253835680774433,-1.8935705736048916,-1.8935705736048916,-1.8935705736048916,-1.8935705736048916,-1.8935705736048916,-1.8935705736048916,0.0,0.0,0.0,23.360265107169543
157,2023-02-28,25.217544164458634,19.956077395562247,32.77737576816171,25.217544164458634,25.217544164458634,1.1513802971324216,1.1513802971324216,1.1513802971324216,1.1513802971324216,1.1513802971324216,1.1513802971324216,0.0,0.0,0.0,26.368924461591057
158,2023-03-31,25.177364271394715,18.787954406705975,31.79638862512194,25.177364271394715,25.177364271394715,0.13258482937485458,0.13258482937485458,0.13258482937485458,0.13258482937485458,0.13258482937485458,0.13258482937485458,0.0,0.0,0.0,25.30994910076957
159,2023-04-30,25.138480503913502,19.15718242012113,31.269309892380686,25.138480503913502,25.138480503913502,0.04871674820380557,0.04871674820380557,0.04871674820380557,0.04871674820380557,0.04871674820380557,0.04871674820380557,0.0,0.0,0.0,25.187197252117308
160,2023-05-31,25.09830061084958,18.259971851332278,30.588134167703572,25.09830061084958,25.09830061084958,-0.7554837514176019,-0.7554837514176019,-0.7554837514176019,-0.7554837514176019,-0.7554837514176019,-0.7554837514176019,0.0,0.0,0.0,24.342816859431977
161,2023-06-30,25.059416843368375,20.327758432692256,33.463890154251196,25.059416843368375,25.059416843368375,1.9588616192169894,1.9588616192169894,1.9588616192169894,1.9588616192169894,1.9588616192169894,1.9588616192169894,0.0,0.0,0.0,27.018278462585364
162,2023-07-31,25.019236950304453,18.048842955844698,31.943404283144698,25.019236950304453,25.019236950304453,0.08696249243739305,0.08696249243739305,0.08696249243739305,0.08696249243739305,0.08696249243739305,0.08696249243739305,0.0,0.0,0.0,25.106199442741847
163,2023-08-31,24.97905705724053,15.676282601541539,29.546987766707698,24.97905705724053,24.97905705724053,-2.1559118703408067,-2.1559118703408067,-2.1559118703408067,-2.1559118703408067,-2.1559118703408067,-2.1559118703408067,0.0,0.0,0.0,22.823145186899726
164,2023-09-30,24.94017328975932,17.06251213006524,30.12320415810468,24.94017328975932,24.94017328975932,-1.546880991621405,-1.546880991621405,-1.546880991621405,-1.546880991621405,-1.546880991621405,-1.546880991621405,0.0,0.0,0.0,23.393292298137915
165,2023-10-31,24.899993396695404,19.783846705776035,32.45250126639723,24.899993396695404,24.899993396695404,1.1629689140346906,1.1629689140346906,1.1629689140346906,1.1629689140346906,1.1629689140346906,1.1629689140346906,0.0,0.0,0.0,26.062962310730093
166,2023-11-30,24.86110962921419,19.07360268765179,31.68432713443064,24.86110962921419,24.86110962921419,0.981508494240893,0.981508494240893,0.981508494240893,0.981508494240893,0.981508494240893,0.981508494240893,0.0,0.0,0.0,25.842618123455082
167,2023-12-31,24.820929736150276,19.663932216164913,32.06087005384619,24.820929736150276,24.820929736150276,0.9700665711325688,0.9700665711325688,0.9700665711325688,0.9700665711325688,0.9700665711325688,0.9700665711325688,0.0,0.0,0.0,25.790996307282846
168,2024-01-01,24.819633610567564,19.245572776662467,31.78772479440313,24.819633610567564,24.819633610567564,0.6484858484716391,0.6484858484716391,0.6484858484716391,0.6484858484716391,0.6484858484716391,0.6484858484716391,0.0,0.0,0.0,25.468119459039205
169,2024-01-02,24.818337484984855,19.017754193394982,32.0171591520685,24.818337484984855,24.818337484984855,0.293990746768809,0.293990746768809,0.293990746768809,0.293990746768809,0.293990746768809,0.293990746768809,0.0,0.0,0.0,25.112328231753665
170,2024-01-03,24.81704135940215,18.143398898754846,30.821613604013546,24.81704135940215,24.81704135940215,-0.08741395794224631,-0.08741395794224631,-0.08741395794224631,-0.08741395794224631,-0.08741395794224631,-0.08741395794224631,0.0,0.0,0.0,24.729627401459904
171,2024-01-04,24.815745233819445,17.557947346406863,30.441054440872477,24.815745233819445,24.815745233819445,-0.4888879049077803,-0.4888879049077803,-0.4888879049077803,-0.4888879049077803,-0.4888879049077803,-0.4888879049077803,0.0,0.0,0.0,24.326857328911665
172,2024-01-05,24.814449108236737,17.62227640162199,30.481343847820742,24.814449108236737,24.814449108236737,-0.9029377276259186,-0.9029377276259186,-0.9029377276259186,-0.9029377276259186,-0.9029377276259186,-0.9029377276259186,0.0,0.0,0.0,23.91151138061082
173,2024-01-06,24.81315298265403,17.094097934157688,29.89093340508598,24.81315298265403,24.81315298265403,-1.3216215190588754,-1.3216215190588754,-1.3216215190588754,-1.3216215190588754,-1.3216215190588754,-1.3216215190588754,0.0,0.0,0.0,23.491531463595155
174,2024-01-07,24.811856857071323,16.901871099939502,29.455383595024287,24.811856857071323,24.811856857071323,-1.7367690831519806,-1.7367690831519806,-1.7367690831519806,-1.7367690831519806,-1.7367690831519806,-1.7367690831519806,0.0,0.0,0.0,23.075087773919343
175,2024-01-08,24.810560731488614,16.128764556599297,28.953413726990686,24.810560731488614,24.810560731488614,-2.1402113318534934,-2.1402113318534934,-2.1402113318534934,-2.1402113318534934,-2.1402113318534934,-2.1402113318534934,0.0,0.0,0.0,22.67034939963512
176,2024-01-09,24.809264605905906,15.565080378226064,28.71862879651712,24.809264605905906,24.809264605905906,-2.5240118490853343,-2.5240118490853343,-2.5240118490853343,-2.5240118490853343,-2.5240118490853343,-2.5240118490853343,0.0,0.0,0.0,22.285252756820572
177,2024-01-10,24.8079684803232,15.390042450802325,28.426070488403855,24.8079684803232,24.8079684803232,-2.880693520210882,-2.880693520210882,-2.880693520210882,-2.880693520210882,-2.880693520210882,-2.880693520210882,0.0,0.0,0.0,21.927274960112317
178,2024-01-11,24.806672354740492,14.986754363778399,28.144525068416975,24.806672354740492,24.806672354740492,-3.2034532227001726,-3.2034532227001726,-3.2034532227001726,-3.2034532227001726,-3.2034532227001726,-3.2034532227001726,0.0,0.0,0.0,21.60321913204032
179,2024-01-12,24.805376229157787,14.795277809071129,27.777383724827214,24.805376229157787,24.805376229157787,-3.4863578889511135,-3.4863578889511135,-3.4863578889511135,-3.4863578889511135,-3.4863578889511135,-3.4863578889511135,0.0,0.0,0.0,21.319018340206675
180,2024-01-13,24.80408010357508,14.292838177740549,27.39631570866919,24.80408010357508,24.80408010357508,-3.7245157774977846,-3.7245157774977846,-3.7245157774977846,-3.7245157774977846,-3.7245157774977846,-3.7245157774977846,0.0,0.0,0.0,21.079564326077296
181,2024-01-14,24.802783977992373,14.251214253765863,26.932453253496742,24.802783977992373,24.802783977992373,-3.914217508864572,-3.914217508864572,-3.914217508864572,-3.914217508864572,-3.914217508864572,-3.914217508864572,0.0,0.0,0.0,20.888566469127802
182,2024-01-15,24.801487852409668,14.181764826348974,26.979975661753635,24.801487852409668,24.801487852409668,-4.053042316234554,-4.053042316234554,-4.053042316234554,-4.053042316234554,-4.053042316234554,-4.053042316234554,0.0,0.0,0.0,20.748445536175115
183,2024-01-16,24.80019172682696,14.408868934455164,27.083015103557948,24.80019172682696,24.80019172682696,-4.139926002263242,-4.139926002263242,-4.139926002263242,-4.139926002263242,-4.139926002263242,-4.139926002263242,0.0,0.0,0.0,20.66026572456372
184,2024-01-17,24.798895601244254,14.067951762151235,27.454211519781627,24.798895601244254,24.798895601244254,-4.175188250578958,-4.175188250578958,-4.175188250578958,-4.175188250578958,-4.175188250578958,-4.175188250578958,0.0,0.0,0.0,20.623707350665295
185,2024-01-18,24.797599475661542,14.56731529630413,26.91304716056011,24.797599475661542,24.797599475661542,-4.160518178790506,-4.160518178790506,-4.160518178790506,-4.160518178790506,-4.160518178790506,-4.160518178790506,0.0,0.0,0.0,20.637081296871038
186,2024-01-19,24.796303350078837,14.052880986243279,27.267655148955793,24.796303350078837,24.796303350078837,-4.098918301476736,-4.098918301476736,-4.098918301476736,-4.098918301476736,-4.098918301476736,-4.098918301476736,0.0,0.0,0.0,20.6973850486021
187,2024-01-20,24.79500722449613,14.394704362516903,27.20251718921128,24.79500722449613,24.79500722449613,-3.994608357394437,-3.994608357394437,-3.994608357394437,-3.994608357394437,-3.994608357394437,-3.994608357394437,0.0,0.0,0.0,20.80039886710169
188,2024-01-21,24.793711098913423,14.392558723464303,27.730802899680633,24.793711098913423,24.793711098913423,-3.852891705453024,-3.852891705453024,-3.852891705453024,-3.852891705453024,-3.852891705453024,-3.852891705453024,0.0,0.0,0.0,20.940819393460398
189,2024-01-22,24.792414973330718,14.830561646357188,27.209894865654007,24.792414973330718,24.792414973330718,-3.679988170017932,-3.679988170017932,-3.679988170017932,-3.679988170017932,-3.679988170017932,-3.679988170017932,0.0,0.0,0.0,21.112426803312786
190,2024-01-23,24.79111884774801,14.980804006526855,27.976638775642805,24.79111884774801,24.79111884774801,-3.4828382811983465,-3.4828382811983465,-3.4828382811983465,-3.4828382811983465,-3.4828382811983465,-3.4828382811983465,0.0,0.0,0.0,21.308280566549662
191,2024-01-24,24.789822722165304,15.634771955509866,28.04349785844324,24.789822722165304,24.789822722165304,-3.268884776266126,-3.268884776266126,-3.268884776266126,-3.268884776266126,-3.268884776266126,-3.268884776266126,0.0,0.0,0.0,21.520937945899178
