,ds,trend,yhat_lower,yhat_upper,trend_lower,trend_upper,additive_terms,additive_terms_lower,additive_terms_upper,yearly,yearly_lower,yearly_upper,multiplicative_terms,multiplicative_terms_lower,multiplicative_terms_upper,yhat
0,1999-01-31,39.804175333333326,25.672824416352807,52.791891650231406,39.804175333333326,39.804175333333326,-0.8343124762458387,-0.8343124762458387,-0.8343124762458387,-0.8343124762458387,-0.8343124762458387,-0.8343124762458387,0.0,0.0,0.0,38.969862857087485
1,1999-02-28,39.69674668871794,27.79407661562127,55.85317323305679,39.69674668871794,39.69674668871794,1.3306754577335544,1.3306754577335544,1.3306754577335544,1.3306754577335544,1.3306754577335544,1.3306754577335544,0.0,0.0,0.0,41.02742214645149
2,1999-03-31,39.57780783217948,25.826329928568242,53.42075279230138,39.57780783217948,39.57780783217948,-0.4774788384852754,-0.4774788384852754,-0.4774788384852754,-0.4774788384852754,-0.4774788384852754,-0.4774788384852754,0.0,0.0,0.0,39.100328993694205
3,1999-04-30,39.46270571294871,22.822979415673284,49.931643650269514,39.46270571294871,39.46270571294871,-3.4134199772253933,-3.4134199772253933,-3.4134199772253933,-3.4134199772253933,-3.4134199772253933,-3.4134199772253933,0.0,0.0,0.0,36.049285735723316
4,1999-05-31,39.34376685641025,21.487922525113312,48.404799853908834,39.34376685641025,39.34376685641025,-4.135156272579526,-4.135156272579526,-4.135156272579526,-4.135156272579526,-4.135156272579526,-4.135156272579526,0.0,0.0,0.0,35.20861058383072
5,1999-06-30,39.22866473717948,33.9583391320936,61.00885207389803,39.22866473717948,39.22866473717948,7.792557101250442,7.792557101250442,7.792557101250442,7.792557101250442,7.792557101250442,7.792557101250442,0.0,0.0,0.0,47.02122183842992
6,1999-07-31,39.109725880641015,27.918599974041367,54.837955615686006,39.109725880641015,39.109725880641015,2.0716526272481595,2.0716526272481595,2.0716526272481595,2.0716526272481595,2.0716526272481595,2.0716526272481595,0.0,0.0,0.0,41.18137850788918
7,1999-08-31,38.99078702410255,24.0717554546655,51.68347748412742,38.99078702410255,38.99078702410255,-1.3103123970372235,-1.3103123970372235,-1.3103123970372235,-1.3103123970372235,-1.3103123970372235,-1.3103123970372235,0.0,0.0,0.0,37.68047462706533
8,1999-09-30,38.87568490487179,23.236841582261384,51.6384024820447,38.87568490487179,38.87568490487179,-1.3143885598331715,-1.3143885598331715,-1.3143885598331715,-1.3143885598331715,-1.3143885598331715,-1.3143885598331715,0.0,0.0,0.0,37.56129634503862
9,1999-10-31,38.75674605876861,25.263128147240216,52.788356491045995,38.75674605876861,38.75674605876861,-0.003778024928009529,-0.003778024928009529,-0.003778024928009529,-0.003778024928009529,-0.003778024928009529,-0.003778024928009529,0.0,0.0,0.0,38.7529680338406
10,1999-11-30,38.64164394963651,25.06277854430392,52.05702090541688,38.64164394963651,38.64164394963651,0.14796235713033584,0.14796235713033584,0.14796235713033584,0.14796235713033584,0.14796235713033584,0.14796235713033584,0.0,0.0,0.0,38.78960630676685
11,1999-12-31,38.52270510353334,25.32307272664109,52.003268898877145,38.52270510353334,38.52270510353334,0.13771289723624794,0.13771289723624794,0.13771289723624794,0.13771289723624794,0.13771289723624794,0.13771289723624794,0.0,0.0,0.0,38.66041800076959
12,2000-01-31,38.40376625743016,23.691345996511767,51.395036466478565,38.40376625743016,38.40376625743016,-0.585879380822385,-0.585879380822385,-0.585879380822385,-0.585879380822385,-0.585879380822385,-0.585879380822385,0.0,0.0,0.0,37.81788687660778
13,2000-02-29,38.29250088526913,23.627977028467694,51.70449534135729,38.29250088526913,38.29250088526913,0.08993025970497964,0.08993025970497964,0.08993025970497964,0.08993025970497964,0.08993025970497964,0.08993025970497964,0.0,0.0,0.0,38.382431144974106
14,2000-03-31,38.17356203916595,25.370517839175978,51.962057209302536,38.17356203916595,38.17356203916595,0.5220239890688863,0.5220239890688863,0.5220239890688863,0.5220239890688863,0.5220239890688863,0.5220239890688863,0.0,0.0,0.0,38.695586028234835
15,2000-04-30,38.05845993003385,21.77619589088211,47.88852850313116,38.05845993003385,38.05845993003385,-2.8460371913073037,-2.8460371913073037,-2.8460371913073037,-2.8460371913073037,-2.8460371913073037,-2.8460371913073037,0.0,0.0,0.0,35.212422738726545
16,2000-05-31,37.93952108393067,23.378960728257496,50.07910488923937,37.93952108393067,37.93952108393067,-1.2659033245958917,-1.2659033245958917,-1.2659033245958917,-1.2659033245958917,-1.2659033245958917,-1.2659033245958917,0.0,0.0,0.0,36.67361775933478
17,2000-06-30,37.824418990225254,29.40556243353921,58.140739664835706,37.824418990225254,37.824418990225254,6.2027645279376635,6.2027645279376635,6.2027645279376635,6.2027645279376635,6.2027645279376635,6.2027645279376635,0.0,0.0,0.0,44.027183518162914
18,2000-07-31,37.705480160063,24.4817484879288,51.24906599007043,37.705480160063,37.705480160063,0.6447801126515839,0.6447801126515839,0.6447801126515839,0.6447801126515839,0.6447801126515839,0.6447801126515839,0.0,0.0,0.0,38.35026027271458
19,2000-08-31,37.586541329900726,20.33958130166303,48.175499241767334,37.586541329900726,37.586541329900726,-3.0723377497320454,-3.0723377497320454,-3.0723377497320454,-3.0723377497320454,-3.0723377497320454,-3.0723377497320454,0.0,0.0,0.0,34.51420358016868
20,2000-09-30,37.47143923619531,21.626533288897516,49.125469896419624,37.47143923619531,37.47143923619531,-1.6383773428841255,-1.6383773428841255,-1.6383773428841255,-1.6383773428841255,-1.6383773428841255,-1.6383773428841255,0.0,0.0,0.0,35.83306189331118
21,2000-10-31,37.352500406033045,27.988064177861666,55.04562307459092,37.352500406033045,37.352500406033045,3.834540743737726,3.834540743737726,3.834540743737726,3.834540743737726,3.834540743737726,3.834540743737726,0.0,0.0,0.0,41.18704114977077
22,2000-11-30,37.23739831232763,23.181322662503426,52.845455576490096,37.23739831232763,37.23739831232763,0.874114468105928,0.874114468105928,0.874114468105928,0.874114468105928,0.874114468105928,0.874114468105928,0.0,0.0,0.0,38.11151278043356
23,2000-12-31,37.11845948216536,21.547354997562728,49.043725151795435,37.11845948216536,37.11845948216536,-1.642672033368529,-1.642672033368529,-1.642672033368529,-1.642672033368529,-1.642672033368529,-1.642672033368529,0.0,0.0,0.0,35.47578744879684
24,2001-01-31,36.999520652003106,21.82333520273556,49.5828872196957,36.999520652003106,36.999520652003106,-1.3261465411274704,-1.3261465411274704,-1.3261465411274704,-1.3261465411274704,-1.3261465411274704,-1.3261465411274704,0.0,0.0,0.0,35.673374110875635
25,2001-02-28,36.89209203288418,23.734328862870278,50.25946868924949,36.89209203288418,36.89209203288418,0.5182735363879533,0.5182735363879533,0.5182735363879533,0.5182735363879533,0.5182735363879533,0.5182735363879533,0.0,0.0,0.0,37.41036556927213
26,2001-03-31,36.77315320457394,22.839754390527,50.197105321114456,36.77315320457394,36.77315320457394,0.20510399920791003,0.20510399920791003,0.20510399920791003,0.20510399920791003,0.20510399920791003,0.20510399920791003,0.0,0.0,0.0,36.978257203781844
27,2001-04-30,36.6580511126608,19.441147792598834,47.443414448503006,36.6580511126608,36.6580511126608,-3.0288033664264913,-3.0288033664264913,-3.0288033664264913,-3.0288033664264913,-3.0288033664264913,-3.0288033664264913,0.0,0.0,0.0,33.629247746234306
28,2001-05-31,36.53911228435056,21.600129279505886,47.99841000202165,36.53911228435056,36.53911228435056,-2.238272328435124,-2.238272328435124,-2.238272328435124,-2.238272328435124,-2.238272328435124,-2.238272328435124,0.0,0.0,0.0,34.300839955915436
29,2001-06-30,36.42401019243743,30.353111071315034,58.15773265004881,36.42401019243743,36.42401019243743,6.7112308599300885,6.7112308599300885,6.7112308599300885,6.7112308599300885,6.7112308599300885,6.7112308599300885,0.0,0.0,0.0,43.13524105236752
30,2001-07-31,36.30507136412719,23.930009700577365,50.48097735650886,36.30507136412719,36.30507136412719,1.1155859788076725,1.1155859788076725,1.1155859788076725,1.1155859788076725,1.1155859788076725,1.1155859788076725,0.0,0.0,0.0,37.42065734293486
31,2001-08-31,36.18613253581695,19.990819684860625,47.91236253639915,36.18613253581695,36.18613253581695,-2.4741028944276295,-2.4741028944276295,-2.4741028944276295,-2.4741028944276295,-2.4741028944276295,-2.4741028944276295,0.0,0.0,0.0,33.71202964138932
32,2001-09-30,36.07103044390381,20.335393673936753,48.37894459864427,36.07103044390381,36.07103044390381,-1.5002208226393552,-1.5002208226393552,-1.5002208226393552,-1.5002208226393552,-1.5002208226393552,-1.5002208226393552,0.0,0.0,0.0,34.57080962126445
33,2001-10-31,35.952091683510986,25.470108522521492,52.93089099710321,35.952091683510986,35.952091683510986,2.5637093372051756,2.5637093372051756,2.5637093372051756,2.5637093372051756,2.5637093372051756,2.5637093372051756,0.0,0.0,0.0,38.51580102071616
34,2001-11-30,35.83698965732439,22.5718318586174,49.97340468699096,35.83698965732439,35.83698965732439,0.603663592899421,0.603663592899421,0.603663592899421,0.603663592899421,0.603663592899421,0.603663592899421,0.0,0.0,0.0,36.44065325022381
35,2001-12-31,35.71805089693157,21.13427484232358,48.79215656348484,35.71805089693157,35.71805089693157,-1.0663881783837545,-1.0663881783837545,-1.0663881783837545,-1.0663881783837545,-1.0663881783837545,-1.0663881783837545,0.0,0.0,0.0,34.65166271854782
36,2002-01-31,35.59911213653875,21.33211648174908,49.16210823014154,35.59911213653875,35.59911213653875,-1.081280879144225,-1.081280879144225,-1.081280879144225,-1.081280879144225,-1.081280879144225,-1.081280879144225,0.0,0.0,0.0,34.517831257394526
37,2002-02-28,35.491683578764594,22.577609263411208,49.55306577967482,35.491683578764594,35.491683578764594,0.932015702800293,0.932015702800293,0.932015702800293,0.932015702800293,0.932015702800293,0.932015702800293,0.0,0.0,0.0,36.423699281564886
38,2002-03-31,35.37274481837177,21.724348105650588,48.803302080095726,35.37274481837177,35.37274481837177,-0.1281895593612846,-0.1281895593612846,-0.1281895593612846,-0.1281895593612846,-0.1281895593612846,-0.1281895593612846,0.0,0.0,0.0,35.24455525901049
39,2002-04-30,35.25764279218517,18.301323448253612,46.12372127166398,35.25764279218517,35.25764279218517,-3.218149055057537,-3.218149055057537,-3.218149055057537,-3.218149055057537,-3.218149055057537,-3.218149055057537,0.0,0.0,0.0,32.039493737127636
40,2002-05-31,35.138704031792344,18.262940332371066,46.47429815239199,35.138704031792344,35.138704031792344,-3.195033863362372,-3.195033863362372,-3.195033863362372,-3.195033863362372,-3.195033863362372,-3.195033863362372,0.0,0.0,0.0,31.94367016842997
41,2002-06-30,35.0236038425235,28.802329062135225,56.729293195086456,35.0236038425235,35.0236038425235,7.241356338755873,7.241356338755873,7.241356338755873,7.241356338755873,7.241356338755873,7.241356338755873,0.0,0.0,0.0,42.26496018127937
42,2002-07-31,34.904666980279025,22.53529405706437,50.46013138273849,34.904666980279025,34.904666980279025,1.5914993116858949,1.5914993116858949,1.5914993116858949,1.5914993116858949,1.5914993116858949,1.5914993116858949,0.0,0.0,0.0,36.49616629196492
43,2002-08-31,34.78573011803454,19.246259312357644,46.63237464734105,34.78573011803454,34.78573011803454,-1.8864628998587725,-1.8864628998587725,-1.8864628998587725,-1.8864628998587725,-1.8864628998587725,-1.8864628998587725,0.0,0.0,0.0,32.89926721817577
44,2002-09-30,34.6706299287657,19.804158701153405,45.808387741252766,34.6706299287657,34.6706299287657,-1.3922560775212396,-1.3922560775212396,-1.3922560775212396,-1.3922560775212396,-1.3922560775212396,-1.3922560775212396,0.0,0.0,0.0,33.27837385124446
45,2002-10-31,34.55169306652122,22.657075141299025,48.598923037164546,34.55169306652122,34.55169306652122,1.2837427091511533,1.2837427091511533,1.2837427091511533,1.2837427091511533,1.2837427091511533,1.2837427091511533,0.0,0.0,0.0,35.83543577567237
46,2002-11-30,34.43659287725237,21.38384177606245,48.10763758351727,34.43659287725237,34.43659287725237,0.36144479923983763,0.36144479923983763,0.36144479923983763,0.36144479923983763,0.36144479923983763,0.36144479923983763,0.0,0.0,0.0,34.798037676492214
47,2002-12-31,34.31765601500789,19.374824846201335,47.19506256732236,34.31765601500789,34.31765601500789,-0.47269936878534036,-0.47269936878534036,-0.47269936878534036,-0.47269936878534036,-0.47269936878534036,-0.47269936878534036,0.0,0.0,0.0,33.84495664622255
48,2003-01-31,34.19871915276342,19.376565979545248,47.29299294504626,34.19871915276342,34.19871915276342,-0.8343124762458821,-0.8343124762458821,-0.8343124762458821,-0.8343124762458821,-0.8343124762458821,-0.8343124762458821,0.0,0.0,0.0,33.36440667651753
49,2003-02-28,34.104535837676586,22.318178195889125,48.74792541898924,34.104535837676586,34.104535837676586,1.3306754577303082,1.3306754577303082,1.3306754577303082,1.3306754577303082,1.3306754577303082,1.3306754577303082,0.0,0.0,0.0,35.435211295406894
50,2003-03-31,34.00026145311618,21.37532000410192,46.6350436832228,34.00026145311618,34.00026145311618,-0.4774788384838149,-0.4774788384838149,-0.4774788384838149,-0.4774788384838149,-0.4774788384838149,-0.4774788384838149,0.0,0.0,0.0,33.52278261463237
51,2003-04-30,33.899350758380294,16.392552931413185,44.14571970210163,33.899350758380294,33.899350758380294,-3.4134199772311122,-3.4134199772311122,-3.4134199772311122,-3.4134199772311122,-3.4134199772311122,-3.4134199772311122,0.0,0.0,0.0,30.485930781149182
52,2003-05-31,33.79507637381989,16.540051122827823,43.54370533135307,33.79507637381989,33.79507637381989,-4.135156272572495,-4.135156272572495,-4.135156272572495,-4.135156272572495,-4.135156272572495,-4.135156272572495,0.0,0.0,0.0,29.659920101247394
53,2003-06-30,33.694165679084,27.094818141886652,55.144650935938664,33.694165679084,33.694165679084,7.792557101246921,7.792557101246921,7.792557101246921,7.792557101246921,7.792557101246921,7.792557101246921,0.0,0.0,0.0,41.48672278033092
54,2003-07-31,33.58989129452359,21.18175884336758,49.74518431951706,33.58989129452359,33.58989129452359,2.071652627244893,2.071652627244893,2.071652627244893,2.071652627244893,2.071652627244893,2.071652627244893,0.0,0.0,0.0,35.661543921768484
55,2003-08-31,33.485616909963184,18.151326212387794,46.12474769727246,33.485616909963184,33.485616909963184,-1.3103123970433146,-1.3103123970433146,-1.3103123970433146,-1.3103123970433146,-1.3103123970433146,-1.3103123970433146,0.0,0.0,0.0,32.17530451291987
56,2003-09-30,33.3847062152273,18.860049729432085,47.553681819999355,33.3847062152273,33.3847062152273,-1.3143885598327671,-1.3143885598327671,-1.3143885598327671,-1.3143885598327671,-1.3143885598327671,-1.3143885598327671,0.0,0.0,0.0,32.07031765539453
57,2003-10-31,33.312541240044176,18.865285808603293,45.86678230510789,33.312541240044176,33.312541240044176,-0.0037780249236011474,-0.0037780249236011474,-0.0037780249236011474,-0.0037780249236011474,-0.0037780249236011474,-0.0037780249236011474,0.0,0.0,0.0,33.30876321512058
58,2003-11-30,33.24270416728632,19.188058988525338,47.7100604462173,33.24270416728632,33.24270416728632,0.14796235713267475,0.14796235713267475,0.14796235713267475,0.14796235713267475,0.14796235713267475,0.14796235713267475,0.0,0.0,0.0,33.390666524419
59,2003-12-31,33.1705391921032,19.100653827081388,46.242438961264185,33.1705391921032,33.1705391921032,0.13771289722991187,0.13771289722991187,0.13771289722991187,0.13771289722991187,0.13771289722991187,0.13771289722991187,0.0,0.0,0.0,33.30825208933311
60,2004-01-31,33.09837421692007,18.672895226516225,46.46118769554893,33.09837421692007,33.09837421692007,-0.5858793808231848,-0.5858793808231848,-0.5858793808231848,-0.5858793808231848,-0.5858793808231848,-0.5858793808231848,0.0,0.0,0.0,32.512494836096884
61,2004-02-29,33.03086504658747,19.274456344854787,46.815496794725675,33.03086504658747,33.03086504658747,0.0899302597050815,0.0899302597050815,0.0899302597050815,0.0899302597050815,0.0899302597050815,0.0899302597050815,0.0,0.0,0.0,33.12079530629256
62,2004-03-31,32.95870007140435,20.113815177089553,47.006263649069965,32.95870007140435,32.95870007140435,0.5220239890692535,0.5220239890692535,0.5220239890692535,0.5220239890692535,0.5220239890692535,0.5220239890692535,0.0,0.0,0.0,33.480724060473605
63,2004-04-30,32.88886299864649,16.59498382861115,43.55782072530033,32.88886299864649,32.88886299864649,-2.8460371913088296,-2.8460371913088296,-2.8460371913088296,-2.8460371913088296,-2.8460371913088296,-2.8460371913088296,0.0,0.0,0.0,30.042825807337657
64,2004-05-31,32.81669802346337,16.660021188900615,45.75654499926991,32.81669802346337,32.81669802346337,-1.2659033246033151,-1.2659033246033151,-1.2659033246033151,-1.2659033246033151,-1.2659033246033151,-1.2659033246033151,0.0,0.0,0.0,31.550794698860052
65,2004-06-30,32.77057313356265,23.19390068134993,53.29843311903862,32.77057313356265,32.77057313356265,6.202764527943923,6.202764527943923,6.202764527943923,6.202764527943923,6.202764527943923,6.202764527943923,0.0,0.0,0.0,38.97333766150658
66,2004-07-31,32.72291074733191,18.98124398956197,45.80871303917864,32.72291074733191,32.72291074733191,0.6447801126529337,0.6447801126529337,0.6447801126529337,0.6447801126529337,0.6447801126529337,0.6447801126529337,0.0,0.0,0.0,33.36769085998484
67,2004-08-31,32.67524836110117,16.1299860171378,43.1204831602153,32.67524836110117,32.67524836110117,-3.0723377497309126,-3.0723377497309126,-3.0723377497309126,-3.0723377497309126,-3.0723377497309126,-3.0723377497309126,0.0,0.0,0.0,29.602910611370255
68,2004-09-30,32.62912347120045,17.879850459947384,45.66688535059502,32.62912347120045,32.62912347120045,-1.6383773428835817,-1.6383773428835817,-1.6383773428835817,-1.6383773428835817,-1.6383773428835817,-1.6383773428835817,0.0,0.0,0.0,30.990746128316868
69,2004-10-31,32.5814610849697,23.18030779245732,50.15592640079907,32.5814610849697,32.5814610849697,3.834540743727742,3.834540743727742,3.834540743727742,3.834540743727742,3.834540743727742,3.834540743727742,0.0,0.0,0.0,36.416001828697446
70,2004-11-30,32.535336195068986,19.776629632898917,46.601047226618185,32.535336195068986,32.535336195068986,0.8741144681054179,0.8741144681054179,0.8741144681054179,0.8741144681054179,0.8741144681054179,0.8741144681054179,0.0,0.0,0.0,33.409450663174404
71,2004-12-31,32.487673808838245,15.773316956836476,45.70348638957225,32.487673808838245,32.487673808838245,-1.6426720333672704,-1.6426720333672704,-1.6426720333672704,-1.6426720333672704,-1.6426720333672704,-1.6426720333672704,0.0,0.0,0.0,30.845001775470976
72,2005-01-31,32.440011422607505,16.890532641422094,45.34236647140271,32.440011422607505,32.440011422607505,-1.3261465411254225,-1.3261465411254225,-1.3261465411254225,-1.3261465411254225,-1.3261465411254225,-1.3261465411254225,0.0,0.0,0.0,31.113864881482083
73,2005-02-28,32.39697766934427,18.580870309180753,46.943150277508046,32.39697766934427,32.39697766934427,0.5182735363923161,0.5182735363923161,0.5182735363923161,0.5182735363923161,0.5182735363923161,0.5182735363923161,0.0,0.0,0.0,32.91525120573658
74,2005-03-31,32.349333156802835,19.63214716415099,46.18629608758575,32.349333156802835,32.349333156802835,0.2051039992048795,0.2051039992048795,0.2051039992048795,0.2051039992048795,0.2051039992048795,0.2051039992048795,0.0,0.0,0.0,32.554437156007715
75,2005-04-30,32.3032255640208,15.084398546670903,43.57644968705399,32.3032255640208,32.3032255640208,-3.0288033664303855,-3.0288033664303855,-3.0288033664303855,-3.0288033664303855,-3.0288033664303855,-3.0288033664303855,0.0,0.0,0.0,29.274422197590415
76,2005-05-31,32.25558105147936,16.461860237664492,43.78130633236537,32.25558105147936,32.25558105147936,-2.2382723284467545,-2.2382723284467545,-2.2382723284467545,-2.2382723284467545,-2.2382723284467545,-2.2382723284467545,0.0,0.0,0.0,30.017308723032606
77,2005-06-30,32.209473458697325,25.715983140992638,51.96921432565753,32.209473458697325,32.209473458697325,6.711230859936238,6.711230859936238,6.711230859936238,6.711230859936238,6.711230859936238,6.711230859936238,0.0,0.0,0.0,38.92070431863356
78,2005-07-31,32.161828946155886,19.192360310375182,46.99030897506901,32.161828946155886,32.161828946155886,1.1155859788090894,1.1155859788090894,1.1155859788090894,1.1155859788090894,1.1155859788090894,1.1155859788090894,0.0,0.0,0.0,33.27741492496497
79,2005-08-31,32.11418443361445,16.748674993307144,43.14245172048172,32.11418443361445,32.11418443361445,-2.4741028944175043,-2.4741028944175043,-2.4741028944175043,-2.4741028944175043,-2.4741028944175043,-2.4741028944175043,0.0,0.0,0.0,29.64008153919694
80,2005-09-30,32.06807684083241,16.63041711962492,44.78360461512119,32.06807684083241,32.06807684083241,-1.500220822635803,-1.500220822635803,-1.500220822635803,-1.500220822635803,-1.500220822635803,-1.500220822635803,0.0,0.0,0.0,30.567856018196608
81,2005-10-31,32.020432370871134,21.004686433969294,48.66298331202638,32.020432370871134,32.020432370871134,2.563709337198602,2.563709337198602,2.563709337198602,2.563709337198602,2.563709337198602,2.563709337198602,0.0,0.0,0.0,34.58414170806974
82,2005-11-30,31.974324819295695,18.740541091528474,47.05730652223854,31.974324819295695,31.974324819295695,0.6036635928977777,0.6036635928977777,0.6036635928977777,0.6036635928977777,0.6036635928977777,0.6036635928977777,0.0,0.0,0.0,32.57798841219347
83,2005-12-31,31.926680349334415,16.573548072467922,44.504118991082365,31.926680349334415,31.926680349334415,-1.0663881783807576,-1.0663881783807576,-1.0663881783807576,-1.0663881783807576,-1.0663881783807576,-1.0663881783807576,0.0,0.0,0.0,30.860292170953656
84,2006-01-31,31.879035879373134,17.181830550669805,45.10515967251332,31.879035879373134,31.879035879373134,-1.0812808791400312,-1.0812808791400312,-1.0812808791400312,-1.0812808791400312,-1.0812808791400312,-1.0812808791400312,0.0,0.0,0.0,30.797755000233103
85,2006-02-28,31.836002164569397,18.743548426896883,46.231883990585004,31.836002164569397,31.836002164569397,0.9320157028046303,0.9320157028046303,0.9320157028046303,0.9320157028046303,0.9320157028046303,0.9320157028046303,0.0,0.0,0.0,32.76801786737403
86,2006-03-31,31.788357694608116,18.54020660907138,44.77826628332307,31.788357694608116,31.788357694608116,-0.12818955936183543,-0.12818955936183543,-0.12818955936183543,-0.12818955936183543,-0.12818955936183543,-0.12818955936183543,0.0,0.0,0.0,31.66016813524628
87,2006-04-30,31.74225014303268,14.618039125541841,42.36275853064916,31.74225014303268,31.74225014303268,-3.2181490550591714,-3.2181490550591714,-3.2181490550591714,-3.2181490550591714,-3.2181490550591714,-3.2181490550591714,0.0,0.0,0.0,28.52410108797351
88,2006-05-31,31.6946056730714,15.370105167836549,42.80860008709957,31.6946056730714,31.6946056730714,-3.1950338633688458,-3.1950338633688458,-3.1950338633688458,-3.1950338633688458,-3.1950338633688458,-3.1950338633688458,0.0,0.0,0.0,28.499571809702555
89,2006-06-30,31.648498121495965,24.691713391808374,52.76005900366851,31.648498121495965,31.648498121495965,7.24135633876209,7.24135633876209,7.24135633876209,7.24135633876209,7.24135633876209,7.24135633876209,0.0,0.0,0.0,38.88985446025806
90,2006-07-31,31.600853651534685,19.80300909340031,47.182897162055994,31.600853651534685,31.600853651534685,1.5914993116899203,1.5914993116899203,1.5914993116899203,1.5914993116899203,1.5914993116899203,1.5914993116899203,0.0,0.0,0.0,33.19235296322461
91,2006-08-31,31.5532091815734,16.816962161552755,42.61705798335884,31.5532091815734,31.5532091815734,-1.8864628998548776,-1.8864628998548776,-1.8864628998548776,-1.8864628998548776,-1.8864628998548776,-1.8864628998548776,0.0,0.0,0.0,29.666746281718524
92,2006-09-30,31.507101629997972,15.498131816057489,43.81500784523605,31.507101629997972,31.507101629997972,-1.392256077521475,-1.392256077521475,-1.392256077521475,-1.392256077521475,-1.392256077521475,-1.392256077521475,0.0,0.0,0.0,30.1148455524765
93,2006-10-31,31.459457160036692,18.51360984175229,47.49687486047257,31.459457160036692,31.459457160036692,1.2837427091447366,1.2837427091447366,1.2837427091447366,1.2837427091447366,1.2837427091447366,1.2837427091447366,0.0,0.0,0.0,32.74319986918143
94,2006-11-30,31.413349608461257,17.885748419863877,47.255900882439576,31.413349608461257,31.413349608461257,0.3614447992387487,0.3614447992387487,0.3614447992387487,0.3614447992387487,0.3614447992387487,0.3614447992387487,0.0,0.0,0.0,31.774794407700007
95,2006-12-31,31.365705138499976,17.637283130198245,45.11430685563661,31.365705138499976,31.365705138499976,-0.4726993687765012,-0.4726993687765012,-0.4726993687765012,-0.4726993687765012,-0.4726993687765012,-0.4726993687765012,0.0,0.0,0.0,30.893005769723477
96,2007-01-31,31.318060668538692,17.405637412955357,44.71398281235212,31.318060668538692,31.318060668538692,-0.8343124762491696,-0.8343124762491696,-0.8343124762491696,-0.8343124762491696,-0.8343124762491696,-0.8343124762491696,0.0,0.0,0.0,30.48374819228952
97,2007-02-28,31.275026953734955,18.163924343183982,46.40361117055661,31.275026953734955,31.275026953734955,1.3306754577361952,1.3306754577361952,1.3306754577361952,1.3306754577361952,1.3306754577361952,1.3306754577361952,0.0,0.0,0.0,32.60570241147115
98,2007-03-31,31.227382483773678,16.10994415520929,44.181981438320655,31.227382483773678,31.227382483773678,-0.47747883848648237,-0.47747883848648237,-0.47747883848648237,-0.47747883848648237,-0.47747883848648237,-0.47747883848648237,0.0,0.0,0.0,30.749903645287194
99,2007-04-30,31.181274932198242,13.151247017111999,41.60843809278148,31.181274932198242,31.181274932198242,-3.41341997722515,-3.41341997722515,-3.41341997722515,-3.41341997722515,-3.41341997722515,-3.41341997722515,0.0,0.0,0.0,27.767854954973092
100,2007-05-31,31.133630462236958,13.193079363685404,39.90765584854381,31.133630462236958,31.133630462236958,-4.135156272583365,-4.135156272583365,-4.135156272583365,-4.135156272583365,-4.135156272583365,-4.135156272583365,0.0,0.0,0.0,26.998474189653592
101,2007-06-30,31.087522910661527,24.901033978456645,53.0028252512586,31.087522910661527,31.087522910661527,7.792557101251395,7.792557101251395,7.792557101251395,7.792557101251395,7.792557101251395,7.792557101251395,0.0,0.0,0.0,38.88008001191292
102,2007-07-31,31.039878440700242,19.41755682794469,45.851478293293034,31.039878440700242,31.039878440700242,2.071652627249662,2.071652627249662,2.071652627249662,2.071652627249662,2.071652627249662,2.071652627249662,0.0,0.0,0.0,33.111531067949905
103,2007-08-31,30.992233970738962,15.566715660166526,42.852952338815356,30.992233970738962,30.992233970738962,-1.3103123970361727,-1.3103123970361727,-1.3103123970361727,-1.3103123970361727,-1.3103123970361727,-1.3103123970361727,0.0,0.0,0.0,29.681921573702787
104,2007-09-30,30.946126419163527,16.612977572221396,43.395051384737734,30.946126419163527,30.946126419163527,-1.3143885598310636,-1.3143885598310636,-1.3143885598310636,-1.3143885598310636,-1.3143885598310636,-1.3143885598310636,0.0,0.0,0.0,29.631737859332464
105,2007-10-31,30.89848194920225,16.58212607666789,45.381619048581825,30.89848194920225,30.89848194920225,-0.0037780249363299923,-0.0037780249363299923,-0.0037780249363299923,-0.0037780249363299923,-0.0037780249363299923,-0.0037780249363299923,0.0,0.0,0.0,30.89470392426592
106,2007-11-30,30.852374397626814,17.06990984426253,44.65781073368701,30.852374397626814,30.852374397626814,0.14796235713094044,0.14796235713094044,0.14796235713094044,0.14796235713094044,0.14796235713094044,0.14796235713094044,0.0,0.0,0.0,31.000336754757754
107,2007-12-31,30.804729927665534,17.214796275064437,45.76522869420481,30.804729927665534,30.804729927665534,0.13771289723455418,0.13771289723455418,0.13771289723455418,0.13771289723455418,0.13771289723455418,0.13771289723455418,0.0,0.0,0.0,30.942442824900088
108,2008-01-31,30.757085457704253,16.328279272084885,42.75290758017815,30.757085457704253,30.757085457704253,-0.5858793808239321,-0.5858793808239321,-0.5858793808239321,-0.5858793808239321,-0.5858793808239321,-0.5858793808239321,0.0,0.0,0.0,30.17120607688032
109,2008-02-29,30.712514824514667,16.878494246166238,45.05042430683361,30.712514824514667,30.712514824514667,0.08993025970471724,0.08993025970471724,0.08993025970471724,0.08993025970471724,0.08993025970471724,0.08993025970471724,0.0,0.0,0.0,30.802445084219386
110,2008-03-31,30.664870354553383,17.49729136895542,44.21002102560246,30.664870354553383,30.664870354553383,0.522023989070726,0.522023989070726,0.522023989070726,0.522023989070726,0.522023989070726,0.522023989070726,0.0,0.0,0.0,31.186894343624108
111,2008-04-30,30.618762802977955,13.964046620571647,41.56865328608048,30.618762802977955,30.618762802977955,-2.8460371913139006,-2.8460371913139006,-2.8460371913139006,-2.8460371913139006,-2.8460371913139006,-2.8460371913139006,0.0,0.0,0.0,27.772725611664054
112,2008-05-31,30.571118333016667,14.19543062226437,42.453299991951766,30.571118333016667,30.571118333016667,-1.2659033246034512,-1.2659033246034512,-1.2659033246034512,-1.2659033246034512,-1.2659033246034512,-1.2659033246034512,0.0,0.0,0.0,29.305215008413217
113,2008-06-30,30.52501078144124,22.475368145981705,50.77093866982965,30.52501078144124,30.52501078144124,6.20276452794012,6.20276452794012,6.20276452794012,6.20276452794012,6.20276452794012,6.20276452794012,0.0,0.0,0.0,36.72777530938136
114,2008-07-31,30.477366311479955,17.612505664069477,44.82570092996866,30.477366311479955,30.477366311479955,0.6447801126577712,0.6447801126577712,0.6447801126577712,0.6447801126577712,0.6447801126577712,0.6447801126577712,0.0,0.0,0.0,31.122146424137725
115,2008-08-31,30.429721841518674,13.798387248791537,41.640332869201956,30.429721841518674,30.429721841518674,-3.072337749732003,-3.072337749732003,-3.072337749732003,-3.072337749732003,-3.072337749732003,-3.072337749732003,0.0,0.0,0.0,27.35738409178667
116,2008-09-30,30.38361428994324,15.271835139420494,42.04732810557076,30.38361428994324,30.38361428994324,-1.6383773428834212,-1.6383773428834212,-1.6383773428834212,-1.6383773428834212,-1.6383773428834212,-1.6383773428834212,0.0,0.0,0.0,28.74523694705982
117,2008-10-31,30.33596981998196,18.701656192759042,48.29008793350178,30.33596981998196,30.33596981998196,3.834540743726643,3.834540743726643,3.834540743726643,3.834540743726643,3.834540743726643,3.834540743726643,0.0,0.0,0.0,34.1705105637086
118,2008-11-30,30.289862268406523,17.212762687680453,44.43893433407488,30.289862268406523,30.289862268406523,0.8741144681043274,0.8741144681043274,0.8741144681043274,0.8741144681043274,0.8741144681043274,0.8741144681043274,0.0,0.0,0.0,31.16397673651085
119,2008-12-31,30.242217798445246,14.733791077738159,41.731605590961536,30.242217798445246,30.242217798445246,-1.6426720333633884,-1.6426720333633884,-1.6426720333633884,-1.6426720333633884,-1.6426720333633884,-1.6426720333633884,0.0,0.0,0.0,28.599545765081857
120,2009-01-31,30.194573328483965,14.045032800687233,42.22189066643832,30.194573328483965,30.194573328483965,-1.3261465411252435,-1.3261465411252435,-1.3261465411252435,-1.3261465411252435,-1.3261465411252435,-1.3261465411252435,0.0,0.0,0.0,28.86842678735872
121,2009-02-28,30.151539613680225,16.614875611037238,44.48729021989068,30.151539613680225,30.151539613680225,0.518273536392329,0.518273536392329,0.518273536392329,0.518273536392329,0.518273536392329,0.518273536392329,0.0,0.0,0.0,30.669813150072553
122,2009-03-31,30.103895143718944,16.46833643824301,44.242613659223466,30.103895143718944,30.103895143718944,0.20510399920512265,0.20510399920512265,0.20510399920512265,0.20510399920512265,0.20510399920512265,0.20510399920512265,0.0,0.0,0.0,30.308999142924065
123,2009-04-30,30.05778759214351,12.509143668259028,40.49520244763835,30.05778759214351,30.05778759214351,-3.028803366425916,-3.028803366425916,-3.028803366425916,-3.028803366425916,-3.028803366425916,-3.028803366425916,0.0,0.0,0.0,27.028984225717593
124,2009-05-31,30.010143122182228,13.329855741943085,41.86347877452626,30.010143122182228,30.010143122182228,-2.2382723284438644,-2.2382723284438644,-2.2382723284438644,-2.2382723284438644,-2.2382723284438644,-2.2382723284438644,0.0,0.0,0.0,27.771870793738366
125,2009-06-30,29.964035570606796,22.886165380304544,50.15236836591704,29.964035570606796,29.964035570606796,6.711230859934831,6.711230859934831,6.711230859934831,6.711230859934831,6.711230859934831,6.711230859934831,0.0,0.0,0.0,36.675266430541626
126,2009-07-31,29.916391100645512,15.770465280045872,44.54968937578375,29.916391100645512,29.916391100645512,1.1155859788081248,1.1155859788081248,1.1155859788081248,1.1155859788081248,1.1155859788081248,1.1155859788081248,0.0,0.0,0.0,31.031977079453636
127,2009-08-31,29.86874663068423,14.059675074308165,41.39614569819142,29.86874663068423,29.86874663068423,-2.474102894420727,-2.474102894420727,-2.474102894420727,-2.474102894420727,-2.474102894420727,-2.474102894420727,0.0,0.0,0.0,27.394643736263504
128,2009-09-30,29.8226390791088,15.658875044742077,42.951659291751675,29.8226390791088,29.8226390791088,-1.5002208226392437,-1.5002208226392437,-1.5002208226392437,-1.5002208226392437,-1.5002208226392437,-1.5002208226392437,0.0,0.0,0.0,28.322418256469557
129,2009-10-31,29.774994609147516,17.691444117105014,45.94047295305996,29.774994609147516,29.774994609147516,2.563709337200035,2.563709337200035,2.563709337200035,2.563709337200035,2.563709337200035,2.563709337200035,0.0,0.0,0.0,32.33870394634755
130,2009-11-30,29.728887057572084,16.022257582495396,44.470688013523095,29.728887057572084,29.728887057572084,0.6036635928961719,0.6036635928961719,0.6036635928961719,0.6036635928961719,0.6036635928961719,0.6036635928961719,0.0,0.0,0.0,30.332550650468256
131,2009-12-31,29.6812425876108,14.491265382222451,42.30555901501671,29.6812425876108,29.6812425876108,-1.0663881783797056,-1.0663881783797056,-1.0663881783797056,-1.0663881783797056,-1.0663881783797056,-1.0663881783797056,0.0,0.0,0.0,28.614854409231093
132,2010-01-31,29.63359811764952,14.437566500013126,42.395420085293765,29.63359811764952,29.63359811764952,-1.081280879142445,-1.081280879142445,-1.081280879142445,-1.081280879142445,-1.081280879142445,-1.081280879142445,0.0,0.0,0.0,28.552317238507076
133,2010-02-28,29.590564402845786,16.439078927350582,43.64177890621024,29.590564402845786,29.590564402845786,0.9320157028038154,0.9320157028038154,0.9320157028038154,0.9320157028038154,0.9320157028038154,0.9320157028038154,0.0,0.0,0.0,30.522580105649602
134,2010-03-31,29.5429199328845,15.761139155913188,43.45961645704064,29.5429199328845,29.5429199328845,-0.1281895593607095,-0.1281895593607095,-0.1281895593607095,-0.1281895593607095,-0.1281895593607095,-0.1281895593607095,0.0,0.0,0.0,29.414730373523792
135,2010-04-30,29.496812381309066,12.472930815447995,40.54798181942836,29.496812381309066,29.496812381309066,-3.2181490550615774,-3.2181490550615774,-3.2181490550615774,-3.2181490550615774,-3.2181490550615774,-3.2181490550615774,0.0,0.0,0.0,26.27866332624749
136,2010-05-31,29.449167911347786,12.326231423825229,39.762533410502826,29.449167911347786,29.449167911347786,-3.1950338633672613,-3.1950338633672613,-3.1950338633672613,-3.1950338633672613,-3.1950338633672613,-3.1950338633672613,0.0,0.0,0.0,26.254134047980525
137,2010-06-30,29.40306035422089,21.940870577756982,49.59315777447539,29.40306035422089,29.40306035422089,7.241356338760939,7.241356338760939,7.241356338760939,7.241356338760939,7.241356338760939,7.241356338760939,0.0,0.0,0.0,36.64441669298183
138,2010-07-31,29.355415878523093,16.929828218196082,44.56402867947436,29.355415878523093,29.355415878523093,1.5914993116893457,1.5914993116893457,1.5914993116893457,1.5914993116893457,1.5914993116893457,1.5914993116893457,0.0,0.0,0.0,30.94691519021244
139,2010-08-31,29.307771402825296,13.543636497913594,40.90450950121559,29.307771402825296,29.307771402825296,-1.8864628998545547,-1.8864628998545547,-1.8864628998545547,-1.8864628998545547,-1.8864628998545547,-1.8864628998545547,0.0,0.0,0.0,27.421308502970742
140,2010-09-30,29.2616638456984,13.257574612083953,41.21328883971079,29.2616638456984,29.2616638456984,-1.3922560775245396,-1.3922560775245396,-1.3922560775245396,-1.3922560775245396,-1.3922560775245396,-1.3922560775245396,0.0,0.0,0.0,27.86940776817386
141,2010-10-31,29.214019370000603,16.986878252076956,44.017050899983005,29.214019370000603,29.214019370000603,1.2837427091389697,1.2837427091389697,1.2837427091389697,1.2837427091389697,1.2837427091389697,1.2837427091389697,0.0,0.0,0.0,30.497762079139573
142,2010-11-30,29.167911812873704,15.651695708938485,42.60977401034235,29.167911812873704,29.167911812873704,0.36144479924041545,0.36144479924041545,0.36144479924041545,0.36144479924041545,0.36144479924041545,0.36144479924041545,0.0,0.0,0.0,29.52935661211412
143,2010-12-31,29.120267337175907,14.749149962021592,43.5911476664605,29.120267337175907,29.120267337175907,-0.4726993687764737,-0.4726993687764737,-0.4726993687764737,-0.4726993687764737,-0.4726993687764737,-0.4726993687764737,0.0,0.0,0.0,28.647567968399432
144,2011-01-31,29.072622861478113,13.447269717204694,41.8889900332123,29.072622861478113,29.072622861478113,-0.8343124762448308,-0.8343124762448308,-0.8343124762448308,-0.8343124762448308,-0.8343124762448308,-0.8343124762448308,0.0,0.0,0.0,28.238310385233284
145,2011-02-28,29.029589145041598,16.022240230994612,43.940199014990924,29.029589145041598,29.029589145041598,1.330675457736734,1.330675457736734,1.330675457736734,1.330675457736734,1.330675457736734,1.330675457736734,0.0,0.0,0.0,30.360264602778333
146,2011-03-31,28.981944673272604,14.642341315760081,41.79180915786057,28.981944673272604,28.981944673272604,-0.47747883848800277,-0.47747883848800277,-0.47747883848800277,-0.47747883848800277,-0.47747883848800277,-0.47747883848800277,0.0,0.0,0.0,28.5044658347846
147,2011-04-30,28.93583711994777,11.36694086684484,39.94980914303859,28.93583711994777,28.93583711994777,-3.4134199772219613,-3.4134199772219613,-3.4134199772219613,-3.4134199772219613,-3.4134199772219613,-3.4134199772219613,0.0,0.0,0.0,25.522417142725807
148,2011-05-31,28.888192648178773,11.634825345777653,39.126385977170365,28.888192648178773,28.888192648178773,-4.135156272577565,-4.135156272577565,-4.135156272577565,-4.135156272577565,-4.135156272577565,-4.135156272577565,0.0,0.0,0.0,24.75303637560121
149,2011-06-30,28.842085094853942,22.564203279998374,50.23584384184239,28.842085094853942,28.842085094853942,7.792557101251864,7.792557101251864,7.792557101251864,7.792557101251864,7.792557101251864,7.792557101251864,0.0,0.0,0.0,36.63464219610581
150,2011-07-31,28.79444062308495,17.55517011153739,45.42161782004647,28.79444062308495,28.79444062308495,2.071652627249418,2.071652627249418,2.071652627249418,2.071652627249418,2.071652627249418,2.071652627249418,0.0,0.0,0.0,30.866093250334366
151,2011-08-31,28.74679615131595,13.4145807637406,42.409169200245124,28.74679615131595,28.74679615131595,-1.3103123970366433,-1.3103123970366433,-1.3103123970366433,-1.3103123970366433,-1.3103123970366433,-1.3103123970366433,0.0,0.0,0.0,27.43648375427931
152,2011-09-30,28.70068859799112,12.721279844929992,41.42118643607121,28.70068859799112,28.70068859799112,-1.3143885598314635,-1.3143885598314635,-1.3143885598314635,-1.3143885598314635,-1.3143885598314635,-1.3143885598314635,0.0,0.0,0.0,27.386300038159657
153,2011-10-31,28.65304416281598,14.685301782942814,42.495888409692704,28.65304416281598,28.65304416281598,-0.0037780249344743747,-0.0037780249344743747,-0.0037780249344743747,-0.0037780249344743747,-0.0037780249344743747,-0.0037780249344743747,0.0,0.0,0.0,28.649266137881508
154,2011-11-30,28.606936644904557,15.829780730462941,43.73747594204503,28.606936644904557,28.606936644904557,0.1479623571319588,0.1479623571319588,0.1479623571319588,0.1479623571319588,0.1479623571319588,0.1479623571319588,0.0,0.0,0.0,28.754899002036517
155,2011-12-31,28.559292209729417,14.209604014810653,42.44584750208707,28.559292209729417,28.559292209729417,0.13771289723300048,0.13771289723300048,0.13771289723300048,0.13771289723300048,0.13771289723300048,0.13771289723300048,0.0,0.0,0.0,28.69700510696242
156,2012-01-31,28.51164777455428,13.10789118011269,42.04481174734108,28.51164777455428,28.51164777455428,-0.585879380824723,-0.585879380824723,-0.585879380824723,-0.585879380824723,-0.585879380824723,-0.585879380824723,0.0,0.0,0.0,27.92576839372956
157,2012-02-29,28.467077173906567,13.267426890023422,43.883488277679845,28.467077173906567,28.467077173906567,0.08993025970748425,0.08993025970748425,0.08993025970748425,0.08993025970748425,0.08993025970748425,0.08993025970748425,0.0,0.0,0.0,28.55700743361405
158,2012-03-31,28.419432738731434,14.75273834467453,42.79107597693795,28.419432738731434,28.419432738731434,0.5220239890698717,0.5220239890698717,0.5220239890698717,0.5220239890698717,0.5220239890698717,0.5220239890698717,0.0,0.0,0.0,28.941456727801306
159,2012-04-30,28.373325220820007,11.638174399141048,40.03996082191226,28.373325220820007,28.373325220820007,-2.8460371913153057,-2.8460371913153057,-2.8460371913153057,-2.8460371913153057,-2.8460371913153057,-2.8460371913153057,0.0,0.0,0.0,25.527288029504703
160,2012-05-31,28.325680785644867,13.45536085738602,41.52391439685951,28.325680785644867,28.325680785644867,-1.2659033246036469,-1.2659033246036469,-1.2659033246036469,-1.2659033246036469,-1.2659033246036469,-1.2659033246036469,0.0,0.0,0.0,27.05977746104122
161,2012-06-30,28.279573268798863,20.266862034342846,47.95983093072561,28.279573268798863,28.279573268798863,6.202764527940317,6.202764527940317,6.202764527940317,6.202764527940317,6.202764527940317,6.202764527940317,0.0,0.0,0.0,34.48233779673918
162,2012-07-31,28.23192883472466,15.709283889720004,43.413239199830976,28.23192883472466,28.23192883472466,0.6447801126572527,0.6447801126572527,0.6447801126572527,0.6447801126572527,0.6447801126572527,0.6447801126572527,0.0,0.0,0.0,28.87670894738191
163,2012-08-31,28.184284400650455,10.657418222622354,39.07348823725588,28.184284400650455,28.184284400650455,-3.0723377497319624,-3.0723377497319624,-3.0723377497319624,-3.0723377497319624,-3.0723377497319624,-3.0723377497319624,0.0,0.0,0.0,25.111946650918494
164,2012-09-30,28.13817688380445,12.790002719387413,40.095010927276824,28.13817688380445,28.13817688380445,-1.6383773428839807,-1.6383773428839807,-1.6383773428839807,-1.6383773428839807,-1.6383773428839807,-1.6383773428839807,0.0,0.0,0.0,26.49979954092047
165,2012-10-31,28.090532449730247,18.028813052297334,45.726007918889785,28.090532449730247,28.090532449730247,3.8345407437304257,3.8345407437304257,3.8345407437304257,3.8345407437304257,3.8345407437304257,3.8345407437304257,0.0,0.0,0.0,31.925073193460673
166,2012-11-30,28.044424932884244,14.634896440742304,43.733096309056045,28.044424932884244,28.044424932884244,0.8741144681084623,0.8741144681084623,0.8741144681084623,0.8741144681084623,0.8741144681084623,0.8741144681084623,0.0,0.0,0.0,28.918539400992707
167,2012-12-31,27.99678049881004,11.969715013608424,40.38637307391037,27.99678049881004,27.99678049881004,-1.6426720333660665,-1.6426720333660665,-1.6426720333660665,-1.6426720333660665,-1.6426720333660665,-1.6426720333660665,0.0,0.0,0.0,26.35410846544397
168,2013-01-31,27.949136064735843,11.573096293764026,40.22438875175802,27.949136064735843,27.949136064735843,-1.3261465411263405,-1.3261465411263405,-1.3261465411263405,-1.3261465411263405,-1.3261465411263405,-1.3261465411263405,0.0,0.0,0.0,26.6229895236095
169,2013-02-28,27.906102381511822,14.274102800455282,42.303129709058645,27.906102381511822,27.906102381511822,0.5182735363927543,0.5182735363927543,0.5182735363927543,0.5182735363927543,0.5182735363927543,0.5182735363927543,0.0,0.0,0.0,28.424375917904577
170,2013-03-31,27.85845794651379,14.643493449927618,42.019103780838684,27.85845794651379,27.85845794651379,0.20510399920553637,0.20510399920553637,0.20510399920553637,0.20510399920553637,0.20510399920553637,0.20510399920553637,0.0,0.0,0.0,28.06356194571933
171,2013-04-30,27.81235042877377,9.298376184734558,37.88918757324442,27.81235042877377,27.81235042877377,-3.028803366424928,-3.028803366424928,-3.028803366424928,-3.028803366424928,-3.028803366424928,-3.028803366424928,0.0,0.0,0.0,24.78354706234884
172,2013-05-31,27.764705993775742,12.808282958100841,40.26760052443811,27.764705993775742,27.764705993775742,-2.238272328446197,-2.238272328446197,-2.238272328446197,-2.238272328446197,-2.238272328446197,-2.238272328446197,0.0,0.0,0.0,25.526433665329545
173,2013-06-30,27.71859847603572,20.033276487558563,48.38095463645826,27.71859847603572,27.71859847603572,6.711230859939714,6.711230859939714,6.711230859939714,6.711230859939714,6.711230859939714,6.711230859939714,0.0,0.0,0.0,34.429829335975434
174,2013-07-31,27.67095404103769,14.37804116400691,42.34324617934316,27.67095404103769,27.67095404103769,1.1155859788077747,1.1155859788077747,1.1155859788077747,1.1155859788077747,1.1155859788077747,1.1155859788077747,0.0,0.0,0.0,28.786540019845464
175,2013-08-31,27.623309606039665,11.197156394083876,39.25856001876786,27.623309606039665,27.623309606039665,-2.4741028944193806,-2.4741028944193806,-2.4741028944193806,-2.4741028944193806,-2.4741028944193806,-2.4741028944193806,0.0,0.0,0.0,25.149206711620284
176,2013-09-30,27.577202088299643,11.32481747711158,40.48261734316763,27.577202088299643,27.577202088299643,-1.5002208226384455,-1.5002208226384455,-1.5002208226384455,-1.5002208226384455,-1.5002208226384455,-1.5002208226384455,0.0,0.0,0.0,26.076981265661196
177,2013-10-31,27.535483807732934,15.379669816484137,44.45243792677406,27.535483807732934,27.535483807732934,2.563709337201387,2.563709337201387,2.563709337201387,2.563709337201387,2.563709337201387,2.563709337201387,0.0,0.0,0.0,30.099193144934322
178,2013-11-30,27.495111278152248,14.712318900272223,41.96065383394718,27.495111278152248,27.495111278152248,0.6036635928959244,0.6036635928959244,0.6036635928959244,0.6036635928959244,0.6036635928959244,0.6036635928959244,0.0,0.0,0.0,28.09877487104817
179,2013-12-31,27.453392997585542,12.235638902408098,40.40687314436929,27.453392997585542,27.453392997585542,-1.0663881783815874,-1.0663881783815874,-1.0663881783815874,-1.0663881783815874,-1.0663881783815874,-1.0663881783815874,0.0,0.0,0.0,26.387004819203955
180,2014-01-31,27.411674717018833,11.561919314105982,39.648600490022815,27.411674717018833,27.411674717018833,-1.0812808791421298,-1.0812808791421298,-1.0812808791421298,-1.0812808791421298,-1.0812808791421298,-1.0812808791421298,0.0,0.0,0.0,26.330393837876702
181,2014-02-28,27.373993689410195,14.430269108858901,41.89561167468724,27.373993689410195,27.373993689410195,0.9320157028038556,0.9320157028038556,0.9320157028038556,0.9320157028038556,0.9320157028038556,0.9320157028038556,0.0,0.0,0.0,28.30600939221405
182,2014-03-31,27.332275408843486,13.451634979334974,40.341666009183605,27.332275408843486,27.332275408843486,-0.12818955935819856,-0.12818955935819856,-0.12818955935819856,-0.12818955935819856,-0.12818955935819856,-0.12818955935819856,0.0,0.0,0.0,27.20408584948529
183,2014-04-30,27.291902879262803,10.396131952490906,37.407892992093224,27.291902879262803,27.291902879262803,-3.218149055060615,-3.218149055060615,-3.218149055060615,-3.218149055060615,-3.218149055060615,-3.218149055060615,0.0,0.0,0.0,24.07375382420219
184,2014-05-31,27.250184598696094,9.44298245479994,37.839144742709394,27.250184598696094,27.250184598696094,-3.195033863371278,-3.195033863371278,-3.195033863371278,-3.195033863371278,-3.195033863371278,-3.195033863371278,0.0,0.0,0.0,24.055150735324816
185,2014-06-30,27.21029740585442,20.746177777999186,48.537407927360476,27.21029740585442,27.21029740585442,7.241356338762668,7.241356338762668,7.241356338762668,7.241356338762668,7.241356338762668,7.241356338762668,0.0,0.0,0.0,34.45165374461709
186,2014-07-31,27.169080639918025,15.02458221202151,42.97313115376347,27.169080639918025,27.169080639918025,1.5914993116897653,1.5914993116897653,1.5914993116897653,1.5914993116897653,1.5914993116897653,1.5914993116897653,0.0,0.0,0.0,28.76057995160779
187,2014-08-31,27.127863873981628,10.422412753119005,39.31671694238775,27.127863873981628,27.127863873981628,-1.886462899851318,-1.886462899851318,-1.886462899851318,-1.886462899851318,-1.886462899851318,-1.886462899851318,0.0,0.0,0.0,25.24140097413031
188,2014-09-30,27.087976681139956,11.524345498813018,39.5524943209168,27.087976681139956,27.087976681139956,-1.3922560775236907,-1.3922560775236907,-1.3922560775236907,-1.3922560775236907,-1.3922560775236907,-1.3922560775236907,0.0,0.0,0.0,25.695720603616266
189,2014-10-31,27.04675991520356,14.253351680384176,41.714733871819675,27.04675991520356,27.04675991520356,1.2837427091368603,1.2837427091368603,1.2837427091368603,1.2837427091368603,1.2837427091368603,1.2837427091368603,0.0,0.0,0.0,28.33050262434042
190,2014-11-30,27.006872722361884,13.314020744496505,40.310061515654596,27.006872722361884,27.006872722361884,0.3614447992413371,0.3614447992413371,0.3614447992413371,0.3614447992413371,0.3614447992413371,0.3614447992413371,0.0,0.0,0.0,27.36831752160322
191,2014-12-31,26.96565595642549,11.936907592648792,39.609222616625416,26.96565595642549,26.96565595642549,-0.4726993687793746,-0.4726993687793746,-0.4726993687793746,-0.4726993687793746,-0.4726993687793746,-0.4726993687793746,0.0,0.0,0.0,26.492956587646116
192,2015-01-31,26.924439190489096,11.520338221159522,40.76443611131111,26.924439190489096,26.924439190489096,-0.8343124762455674,-0.8343124762455674,-0.8343124762455674,-0.8343124762455674,-0.8343124762455674,-0.8343124762455674,0.0,0.0,0.0,26.090126714243528
193,2015-02-28,26.887253297191716,14.140807622996176,41.16964410737085,26.887253297191716,26.887253297191716,1.3306754577345408,1.3306754577345408,1.3306754577345408,1.3306754577345408,1.3306754577345408,1.3306754577345408,0.0,0.0,0.0,28.217928754926255
194,2015-03-31,26.846083201041044,12.929015024731484,40.14209642012686,26.846083201041044,26.846083201041044,-0.47747883848562866,-0.47747883848562866,-0.47747883848562866,-0.47747883848562866,-0.47747883848562866,-0.47747883848562866,0.0,0.0,0.0,26.368604362555416
195,2015-04-30,26.80624117250813,9.443604713867364,37.311247810161454,26.80624117250813,26.80624117250813,-3.41341997722623,-3.41341997722623,-3.41341997722623,-3.41341997722623,-3.41341997722623,-3.41341997722623,0.0,0.0,0.0,23.3928211952819
196,2015-05-31,26.765071076357458,8.275211693564712,37.709958600338226,26.765071076357458,26.765071076357458,-4.1351562725784685,-4.1351562725784685,-4.1351562725784685,-4.1351562725784685,-4.1351562725784685,-4.1351562725784685,0.0,0.0,0.0,22.629914803778988
197,2015-06-30,26.72522904782455,19.496408726720954,48.81642719827653,26.72522904782455,26.72522904782455,7.7925571012517,7.7925571012517,7.7925571012517,7.7925571012517,7.7925571012517,7.7925571012517,0.0,0.0,0.0,34.51778614907625
198,2015-07-31,26.684058951673876,14.474808146981589,41.59491089762811,26.684058951673876,26.684058951673876,2.071652627248815,2.071652627248815,2.071652627248815,2.071652627248815,2.071652627248815,2.071652627248815,0.0,0.0,0.0,28.755711578922693
199,2015-08-31,26.642888855523204,11.401874096978588,38.71793063365384,26.642888855523204,26.642888855523204,-1.3103123970353105,-1.3103123970353105,-1.3103123970353105,-1.3103123970353105,-1.3103123970353105,-1.3103123970353105,0.0,0.0,0.0,25.332576458487893
200,2015-09-30,26.60304682699029,12.276772331183368,38.68533379706298,26.60304682699029,26.60304682699029,-1.3143885598339524,-1.3143885598339524,-1.3143885598339524,-1.3143885598339524,-1.3143885598339524,-1.3143885598339524,0.0,0.0,0.0,25.28865826715634
201,2015-10-31,26.561881287731723,13.045765625630224,39.272976794998634,26.561881287731723,26.561881287731723,-0.0037780249350165915,-0.0037780249350165915,-0.0037780249350165915,-0.0037780249350165915,-0.0037780249350165915,-0.0037780249350165915,0.0,0.0,0.0,26.558103262796706
202,2015-11-30,26.5220436690944,12.631672624493335,40.276498881389635,26.5220436690944,26.5220436690944,0.14796235713171485,0.14796235713171485,0.14796235713171485,0.14796235713171485,0.14796235713171485,0.14796235713171485,0.0,0.0,0.0,26.670006026226115
203,2015-12-31,26.480878129835837,12.49836098419139,39.754942413906534,26.480878129835837,26.480878129835837,0.13771289723647173,0.13771289723647173,0.13771289723647173,0.13771289723647173,0.13771289723647173,0.13771289723647173,0.0,0.0,0.0,26.61859102707231
204,2016-01-31,26.439712590577273,12.985438818474643,40.40423257347921,26.439712590577273,26.439712590577273,-0.585879380824527,-0.585879380824527,-0.585879380824527,-0.585879380824527,-0.585879380824527,-0.585879380824527,0.0,0.0,0.0,25.853833209752747
205,2016-02-29,26.40120289256119,12.418868031998684,39.97240292734765,26.40120289256119,26.40120289256119,0.08993025970383373,0.08993025970383373,0.08993025970383373,0.08993025970383373,0.08993025970383373,0.08993025970383373,0.0,0.0,0.0,26.491133152265025
206,2016-03-31,26.360037353302626,13.603610712586482,40.59411644300691,26.360037353302626,26.360037353302626,0.5220239890689073,0.5220239890689073,0.5220239890689073,0.5220239890689073,0.5220239890689073,0.5220239890689073,0.0,0.0,0.0,26.882061342371532
207,2016-04-30,26.3201997346653,10.4669071442392,36.710884176759855,26.3201997346653,26.3201997346653,-2.846037191317386,-2.846037191317386,-2.846037191317386,-2.846037191317386,-2.846037191317386,-2.846037191317386,0.0,0.0,0.0,23.474162543347916
208,2016-05-31,26.27903419540674,11.660345317784033,38.26681407515061,26.27903419540674,26.27903419540674,-1.2659033246037787,-1.2659033246037787,-1.2659033246037787,-1.2659033246037787,-1.2659033246037787,-1.2659033246037787,0.0,0.0,0.0,25.01313087080296
209,2016-06-30,26.240456967555133,18.849547293136037,47.68668514143233,26.240456967555133,26.240456967555133,6.20276452794508,6.20276452794508,6.20276452794508,6.20276452794508,6.20276452794508,6.20276452794508,0.0,0.0,0.0,32.44322149550021
210,2016-07-31,26.200593832108474,13.503752110414661,41.53395208298468,26.200593832108474,26.200593832108474,0.6447801126564298,0.6447801126564298,0.6447801126564298,0.6447801126564298,0.6447801126564298,0.6447801126564298,0.0,0.0,0.0,26.845373944764905
211,2016-08-31,26.16073069666181,8.84798610117703,37.815294833971016,26.16073069666181,26.16073069666181,-3.0723377497319952,-3.0723377497319952,-3.0723377497319952,-3.0723377497319952,-3.0723377497319952,-3.0723377497319952,0.0,0.0,0.0,23.08839294692981
212,2016-09-30,26.122153468810204,10.76795965109257,38.843602084549275,26.122153468810204,26.122153468810204,-1.6383773428807036,-1.6383773428807036,-1.6383773428807036,-1.6383773428807036,-1.6383773428807036,-1.6383773428807036,0.0,0.0,0.0,24.483776125929502
213,2016-10-31,26.08229033336354,15.66713253053759,43.613534308516684,26.08229033336354,26.08229033336354,3.8345407437317185,3.8345407437317185,3.8345407437317185,3.8345407437317185,3.8345407437317185,3.8345407437317185,0.0,0.0,0.0,29.91683107709526
214,2016-11-30,26.043713105511934,11.35960946975327,40.1431223375771,26.043713105511934,26.043713105511934,0.8741144681094084,0.8741144681094084,0.8741144681094084,0.8741144681094084,0.8741144681094084,0.8741144681094084,0.0,0.0,0.0,26.91782757362134
215,2016-12-31,26.003849970065275,10.230838915912852,38.436248830943384,26.003849970065275,26.003849970065275,-1.6426720333653309,-1.6426720333653309,-1.6426720333653309,-1.6426720333653309,-1.6426720333653309,-1.6426720333653309,0.0,0.0,0.0,24.361177936699946
216,2017-01-31,25.963986834618613,10.35407046043526,38.70289386720626,25.963986834618613,25.963986834618613,-1.3261465411257987,-1.3261465411257987,-1.3261465411257987,-1.3261465411257987,-1.3261465411257987,-1.3261465411257987,0.0,0.0,0.0,24.637840293492815
217,2017-02-28,25.927985002056225,13.015189936990836,40.18263253735232,25.927985002056225,25.927985002056225,0.5182735363952633,0.5182735363952633,0.5182735363952633,0.5182735363952633,0.5182735363952633,0.5182735363952633,0.0,0.0,0.0,26.446258538451488
218,2017-03-31,25.88812583029073,11.249796036286861,40.002529214619265,25.88812583029073,25.88812583029073,0.2051039992079857,0.2051039992079857,0.2051039992079857,0.2051039992079857,0.2051039992079857,0.2051039992079857,0.0,0.0,0.0,26.093229829498714
219,2017-04-30,25.849552438259604,8.211530744789348,37.03057369261543,25.849552438259604,25.849552438259604,-3.028803366425942,-3.028803366425942,-3.028803366425942,-3.028803366425942,-3.028803366425942,-3.028803366425942,0.0,0.0,0.0,22.82074907183366
220,2017-05-31,25.809693266494104,9.184517723341186,36.12607478432961,25.809693266494104,25.809693266494104,-2.238272328446293,-2.238272328446293,-2.238272328446293,-2.238272328446293,-2.238272328446293,-2.238272328446293,0.0,0.0,0.0,23.57142093804781
221,2017-06-30,25.77111987446298,18.456594185832213,46.800537617466944,25.77111987446298,25.77111987446298,6.711230859934738,6.711230859934738,6.711230859934738,6.711230859934738,6.711230859934738,6.711230859934738,0.0,0.0,0.0,32.48235073439772
222,2017-07-31,25.731260702697483,12.437586613203278,40.96372680871392,25.731260702697483,25.731260702697483,1.1155859788063007,1.1155859788063007,1.1155859788063007,1.1155859788063007,1.1155859788063007,1.1155859788063007,0.0,0.0,0.0,26.846846681503784
223,2017-08-31,25.691401530931984,9.040425352302853,36.434390992385715,25.691401530931984,25.691401530931984,-2.4741028944185293,-2.4741028944185293,-2.4741028944185293,-2.4741028944185293,-2.4741028944185293,-2.4741028944185293,0.0,0.0,0.0,23.217298636513455
224,2017-09-30,25.652828138900855,10.12693394769025,37.53825149644795,25.652828138900855,25.652828138900855,-1.500220822633802,-1.500220822633802,-1.500220822633802,-1.500220822633802,-1.500220822633802,-1.500220822633802,0.0,0.0,0.0,24.15260731626705
225,2017-10-31,25.613054184940495,14.744112230161246,41.36241224519736,25.613054184940495,25.613054184940495,2.563709337192786,2.563709337192786,2.563709337192786,2.563709337192786,2.563709337192786,2.563709337192786,0.0,0.0,0.0,28.17676352213328
226,2017-11-30,25.57456326175305,11.19116367736166,40.238111672732366,25.57456326175305,25.57456326175305,0.603663592894533,0.603663592894533,0.603663592894533,0.603663592894533,0.603663592894533,0.603663592894533,0.0,0.0,0.0,26.178226854647583
227,2017-12-31,25.53478930779269,10.222750017250851,37.89656182213957,25.53478930779269,25.53478930779269,-1.0663881783792746,-1.0663881783792746,-1.0663881783792746,-1.0663881783792746,-1.0663881783792746,-1.0663881783792746,0.0,0.0,0.0,24.468401129413415
228,2018-01-31,25.495015353832326,10.722789099945981,38.47176790776148,25.495015353832326,25.495015353832326,-1.0812808791418251,-1.0812808791418251,-1.0812808791418251,-1.0812808791418251,-1.0812808791418251,-1.0812808791418251,0.0,0.0,0.0,24.4137344746905
229,2018-02-28,25.459090492190715,12.87454432657829,39.03619123132867,25.459090492190715,25.459090492190715,0.9320157028016403,0.9320157028016403,0.9320157028016403,0.9320157028016403,0.9320157028016403,0.9320157028016403,0.0,0.0,0.0,26.391106194992354
230,2018-03-31,25.41931653823035,11.432209270784575,38.34244711480843,25.41931653823035,25.41931653823035,-0.12818955935989115,-0.12818955935989115,-0.12818955935989115,-0.12818955935989115,-0.12818955935989115,-0.12818955935989115,0.0,0.0,0.0,25.29112697887046
231,2018-04-30,25.380825615042905,8.099642893493568,36.553186608889334,25.380825615042905,25.380825615042905,-3.218149055060555,-3.218149055060555,-3.218149055060555,-3.218149055060555,-3.218149055060555,-3.218149055060555,0.0,0.0,0.0,22.16267655998235
232,2018-05-31,25.34105166108255,8.18638208787532,35.36754134631238,25.34105166108255,25.34105166108255,-3.1950338633685615,-3.1950338633685615,-3.1950338633685615,-3.1950338633685615,-3.1950338633685615,-3.1950338633685615,0.0,0.0,0.0,22.146017797713988
233,2018-06-30,25.302973380213235,18.9428473286567,46.3313766548771,25.302973380213235,25.302973380213235,7.241356338761168,7.241356338761168,7.241356338761168,7.241356338761168,7.241356338761168,7.241356338761168,0.0,0.0,0.0,32.5443297189744
234,2018-07-31,25.263625823314946,12.710310663170713,40.81895386134859,25.263625823314946,25.263625823314946,1.5914993116950626,1.5914993116950626,1.5914993116950626,1.5914993116950626,1.5914993116950626,1.5914993116950626,0.0,0.0,0.0,26.85512513501001
235,2018-08-31,25.22427826641666,8.17471429354684,37.063939005956044,25.22427826641666,25.22427826641666,-1.8864628998537347,-1.8864628998537347,-1.8864628998537347,-1.8864628998537347,-1.8864628998537347,-1.8864628998537347,0.0,0.0,0.0,23.337815366562925
236,2018-09-30,25.18619998554734,10.99405944712277,38.142634439386605,25.18619998554734,25.18619998554734,-1.3922560775242259,-1.3922560775242259,-1.3922560775242259,-1.3922560775242259,-1.3922560775242259,-1.3922560775242259,0.0,0.0,0.0,23.793943908023113
237,2018-10-31,25.146852428649055,14.19870604755178,40.6807875253564,25.146852428649055,25.146852428649055,1.2837427091406817,1.2837427091406817,1.2837427091406817,1.2837427091406817,1.2837427091406817,1.2837427091406817,0.0,0.0,0.0,26.430595137789737
238,2018-11-30,25.10877414777974,11.857514777051549,39.42845399343078,25.10877414777974,25.10877414777974,0.3614447992362788,0.3614447992362788,0.3614447992362788,0.3614447992362788,0.3614447992362788,0.3614447992362788,0.0,0.0,0.0,25.47021894701602
239,2018-12-31,25.069426590881445,11.210562832443225,37.93949560615246,25.069426590881445,25.069426590881445,-0.47269936877971763,-0.47269936877971763,-0.47269936877971763,-0.47269936877971763,-0.47269936877971763,-0.47269936877971763,0.0,0.0,0.0,24.596727222101727
240,2019-01-31,25.03007903398316,10.164758702893186,38.51270676035691,25.03007903398316,25.03007903398316,-0.8343124762414899,-0.8343124762414899,-0.8343124762414899,-0.8343124762414899,-0.8343124762414899,-0.8343124762414899,0.0,0.0,0.0,24.19576655774167
241,2019-02-28,24.994543762451794,12.748329723594276,40.16105631908098,24.994543762451794,24.994543762451794,1.3306754577341289,1.3306754577341289,1.3306754577341289,1.3306754577341289,1.3306754577341289,1.3306754577341289,0.0,0.0,0.0,26.32521922018592
242,2019-03-31,24.955201140399218,11.224105495300298,37.84413150864849,24.955201140399218,24.955201140399218,-0.4774788384886575,-0.4774788384886575,-0.4774788384886575,-0.4774788384886575,-0.4774788384886575,-0.4774788384886575,0.0,0.0,0.0,24.47772230191056
243,2019-04-30,24.917127635187047,7.653442685833439,34.282736227296496,24.917127635187047,24.917127635187047,-3.413419977222563,-3.413419977222563,-3.413419977222563,-3.413419977222563,-3.413419977222563,-3.413419977222563,0.0,0.0,0.0,21.503707657964483
244,2019-05-31,24.87778501313446,7.720045019703984,34.12851211258545,24.87778501313446,24.87778501313446,-4.135156272582677,-4.135156272582677,-4.135156272582677,-4.135156272582677,-4.135156272582677,-4.135156272582677,0.0,0.0,0.0,20.742628740551783
245,2019-06-30,24.83971150792229,19.13444620256253,46.73790340724037,24.83971150792229,24.83971150792229,7.792557101246332,7.792557101246332,7.792557101246332,7.792557101246332,7.792557101246332,7.792557101246332,0.0,0.0,0.0,32.63226860916862
246,2019-07-31,24.800368885869712,12.699501169474935,41.0394758151138,24.800368885869712,24.800368885869712,2.0716526272472855,2.0716526272472855,2.0716526272472855,2.0716526272472855,2.0716526272472855,2.0716526272472855,0.0,0.0,0.0,26.872021513116998
247,2019-08-31,24.761026263817133,9.604309574844045,37.502577101400405,24.761026263817133,24.761026263817133,-1.3103123970365482,-1.3103123970365482,-1.3103123970365482,-1.3103123970365482,-1.3103123970365482,-1.3103123970365482,0.0,0.0,0.0,23.450713866780585
248,2019-09-30,24.72295275860496,9.10503078774087,37.8450966663843,24.72295275860496,24.72295275860496,-1.3143885598340013,-1.3143885598340013,-1.3143885598340013,-1.3143885598340013,-1.3143885598340013,-1.3143885598340013,0.0,0.0,0.0,23.40856419877096
249,2019-10-31,24.683610126004,10.584984415147543,39.03308915430416,24.683610126004,24.683610126004,-0.003778024931178309,-0.003778024931178309,-0.003778024931178309,-0.003778024931178309,-0.003778024931178309,-0.003778024931178309,0.0,0.0,0.0,24.679832101072822
250,2019-11-30,24.64553661058372,9.89046667260647,39.01332541774206,24.64553661058372,24.64553661058372,0.14796235713456588,0.14796235713456588,0.14796235713456588,0.14796235713456588,0.14796235713456588,0.14796235713456588,0.0,0.0,0.0,24.793498967718286
251,2019-12-31,24.606193977982763,11.29581369042908,38.946780554473435,24.606193977982763,24.606193977982763,0.13771289723385696,0.13771289723385696,0.13771289723385696,0.13771289723385696,0.13771289723385696,0.13771289723385696,0.0,0.0,0.0,24.74390687521662
252,2020-01-31,24.566851345381806,10.141088329310262,37.18643411782015,24.566851345381806,24.566851345381806,-0.5858793808203706,-0.5858793808203706,-0.5858793808203706,-0.5858793808203706,-0.5858793808203706,-0.5858793808203706,0.0,0.0,0.0,23.980971964561437
253,2020-02-29,24.530046947142196,11.869217492702044,39.5413443172108,24.530046947142196,24.530046947142196,0.08993025970414432,0.08993025970414432,0.08993025970414432,0.08993025970414432,0.08993025970414432,0.08993025970414432,0.0,0.0,0.0,24.61997720684634
254,2020-03-31,24.490704314541244,11.527575547589219,39.565870783989645,24.490704314541244,24.490704314541244,0.5220239890689241,0.5220239890689241,0.5220239890689241,0.5220239890689241,0.5220239890689241,0.5220239890689241,0.0,0.0,0.0,25.012728303610167
255,2020-04-30,24.45263079912096,7.5032971990867265,36.257267829761794,24.45263079912096,24.45263079912096,-2.8460371913113796,-2.8460371913113796,-2.8460371913113796,-2.8460371913113796,-2.8460371913113796,-2.8460371913113796,0.0,0.0,0.0,21.606593607809582
256,2020-05-31,24.41328816652,9.689259626968937,36.77332535940339,24.41328816652,24.41328816652,-1.2659033245969629,-1.2659033245969629,-1.2659033245969629,-1.2659033245969629,-1.2659033245969629,-1.2659033245969629,0.0,0.0,0.0,23.14738484192304
257,2020-06-30,24.37521465109972,16.343337351120795,44.17632051106667,24.37521465109972,24.37521465109972,6.202764527940158,6.202764527940158,6.202764527940158,6.202764527940158,6.202764527940158,6.202764527940158,0.0,0.0,0.0,30.57797917903988
258,2020-07-31,24.335872018498765,11.664598365324288,38.61220413718827,24.335872018498765,24.335872018498765,0.6447801126557134,0.6447801126557134,0.6447801126557134,0.6447801126557134,0.6447801126557134,0.6447801126557134,0.0,0.0,0.0,24.98065213115448
259,2020-08-31,24.296529385897806,7.17020868967868,35.7738281563882,24.296529385897806,24.296529385897806,-3.0723377497293245,-3.0723377497293245,-3.0723377497293245,-3.0723377497293245,-3.0723377497293245,-3.0723377497293245,0.0,0.0,0.0,21.22419163616848
260,2020-09-30,24.258455870477523,8.829120786977795,36.58084936781366,24.258455870477523,24.258455870477523,-1.6383773428832893,-1.6383773428832893,-1.6383773428832893,-1.6383773428832893,-1.6383773428832893,-1.6383773428832893,0.0,0.0,0.0,22.620078527594234
261,2020-10-31,24.21911323787657,13.090680548749022,41.42716250699948,24.21911323787657,24.21911323787657,3.834540743725486,3.834540743725486,3.834540743725486,3.834540743725486,3.834540743725486,3.834540743725486,0.0,0.0,0.0,28.053653981602057
262,2020-11-30,24.181039722456283,11.401808813535668,39.62349921424801,24.181039722456283,24.181039722456283,0.8741144681059123,0.8741144681059123,0.8741144681059123,0.8741144681059123,0.8741144681059123,0.8741144681059123,0.0,0.0,0.0,25.055154190562195
263,2020-12-31,24.14169708985533,9.567917997018919,37.235077717427686,24.14169708985533,24.14169708985533,-1.6426720333619163,-1.6426720333619163,-1.6426720333619163,-1.6426720333619163,-1.6426720333619163,-1.6426720333619163,0.0,0.0,0.0,22.499025056493416
264,2021-01-31,24.102354457254368,8.760876011278796,37.44850207959028,24.102354457254368,24.102354457254368,-1.326146541121215,-1.326146541121215,-1.326146541121215,-1.326146541121215,-1.326146541121215,-1.326146541121215,0.0,0.0,0.0,22.776207916133153
265,2021-02-28,24.06681917619544,10.544853673401507,38.200045833638114,24.06681917619544,24.06681917619544,0.5182735363918244,0.5182735363918244,0.5182735363918244,0.5182735363918244,0.5182735363918244,0.5182735363918244,0.0,0.0,0.0,24.585092712587265
266,2021-03-31,24.02747654359448,10.432083222713501,39.18640959085896,24.02747654359448,24.02747654359448,0.20510399920302327,0.20510399920302327,0.20510399920302327,0.20510399920302327,0.20510399920302327,0.20510399920302327,0.0,0.0,0.0,24.232580542797503
267,2021-04-30,23.989403028174202,5.900855460742881,34.12609165190294,23.989403028174202,23.989403028174202,-3.0288033664253753,-3.0288033664253753,-3.0288033664253753,-3.0288033664253753,-3.0288033664253753,-3.0288033664253753,0.0,0.0,0.0,20.960599661748827
268,2021-05-31,23.950060395573242,7.59129618516869,35.036009196286344,23.950060395573242,23.950060395573242,-2.238272328444245,-2.238272328444245,-2.238272328444245,-2.238272328444245,-2.238272328444245,-2.238272328444245,0.0,0.0,0.0,21.711788067128996
269,2021-06-30,23.91198688015296,17.530093668326366,44.85425470127739,23.91198688015296,23.91198688015296,6.711230859938448,6.711230859938448,6.711230859938448,6.711230859938448,6.711230859938448,6.711230859938448,0.0,0.0,0.0,30.623217740091405
270,2021-07-31,23.872644247552007,11.0379327858626,38.295407155720575,23.872644247552007,23.872644247552007,1.1155859788122866,1.1155859788122866,1.1155859788122866,1.1155859788122866,1.1155859788122866,1.1155859788122866,0.0,0.0,0.0,24.988230226364294
271,2021-08-31,23.833301614951047,7.100506455351755,35.439553673740804,23.833301614951047,23.833301614951047,-2.4741028944231753,-2.4741028944231753,-2.4741028944231753,-2.4741028944231753,-2.4741028944231753,-2.4741028944231753,0.0,0.0,0.0,21.35919872052787
272,2021-09-30,23.795228099530767,8.126402346659962,36.84704150569584,23.795228099530767,23.795228099530767,-1.5002208226368723,-1.5002208226368723,-1.5002208226368723,-1.5002208226368723,-1.5002208226368723,-1.5002208226368723,0.0,0.0,0.0,22.295007276893894
273,2021-10-31,23.755885466929808,12.985169345115828,41.16774636557413,23.755885466929808,23.755885466929808,2.563709337202344,2.563709337202344,2.563709337202344,2.563709337202344,2.563709337202344,2.563709337202344,0.0,0.0,0.0,26.31959480413215
274,2021-11-30,23.71781195150953,9.735503131692838,38.099601896076535,23.71781195150953,23.71781195150953,0.6036635928973323,0.6036635928973323,0.6036635928973323,0.6036635928973323,0.6036635928973323,0.6036635928973323,0.0,0.0,0.0,24.321475544406862
275,2021-12-31,23.67846931890857,7.042407890165235,35.478312724828534,23.67846931890857,23.67846931890857,-1.0663881783791331,-1.0663881783791331,-1.0663881783791331,-1.0663881783791331,-1.0663881783791331,-1.0663881783791331,0.0,0.0,0.0,22.612081140529437
276,2022-01-31,23.639126686307616,8.427985841188256,35.89076207979274,23.639126686307616,23.639126686307616,-1.0812808791428727,-1.0812808791428727,-1.0812808791428727,-1.0812808791428727,-1.0812808791428727,-1.0812808791428727,0.0,0.0,0.0,22.557845807164743
277,2022-02-28,23.603591405248682,11.603104081913843,39.00360040797533,23.603591405248682,23.603591405248682,0.9320157028084718,0.9320157028084718,0.9320157028084718,0.9320157028084718,0.9320157028084718,0.9320157028084718,0.0,0.0,0.0,24.535607108057153
278,2022-03-31,23.564248772647726,9.24209662759285,37.06144678265694,23.564248772647726,23.564248772647726,-0.1281895593610927,-0.1281895593610927,-0.1281895593610927,-0.1281895593610927,-0.1281895593610927,-0.1281895593610927,0.0,0.0,0.0,23.436059213286633
279,2022-04-30,23.526175257227443,5.734693795171523,34.31703213088274,23.526175257227443,23.526175257227443,-3.218149055064214,-3.218149055064214,-3.218149055064214,-3.218149055064214,-3.218149055064214,-3.218149055064214,0.0,0.0,0.0,20.30802620216323
280,2022-05-31,23.486832624626487,6.029204050987615,34.09342634571934,23.486832624626487,23.486832624626487,-3.1950338633716733,-3.1950338633716733,-3.1950338633716733,-3.1950338633716733,-3.1950338633716733,-3.1950338633716733,0.0,0.0,0.0,20.291798761254814
281,2022-06-30,23.448759109206208,15.964586173010831,45.32792088927309,23.448759109206208,23.448759109206208,7.241356338766915,7.241356338766915,7.241356338766915,7.241356338766915,7.241356338766915,7.241356338766915,0.0,0.0,0.0,30.69011544797312
282,2022-07-31,23.409416476605248,11.079218411502119,39.03858240949396,23.409416476605248,23.409416476605248,1.5914993116884473,1.5914993116884473,1.5914993116884473,1.5914993116884473,1.5914993116884473,1.5914993116884473,0.0,0.0,0.0,25.000915788293696
283,2022-08-31,23.37007384400429,6.616984174855067,35.663467620257094,23.37007384400429,23.37007384400429,-1.886462899850869,-1.886462899850869,-1.886462899850869,-1.886462899850869,-1.886462899850869,-1.886462899850869,0.0,0.0,0.0,21.48361094415342
284,2022-09-30,23.332000328584005,8.14950705014266,35.88284655005772,23.332000328584005,23.332000328584005,-1.3922560775228794,-1.3922560775228794,-1.3922560775228794,-1.3922560775228794,-1.3922560775228794,-1.3922560775228794,0.0,0.0,0.0,21.939744251061125
285,2022-10-31,23.292657695983053,10.071637315896425,38.63752113236639,23.292657695983053,23.292657695983053,1.2837427091359206,1.2837427091359206,1.2837427091359206,1.2837427091359206,1.2837427091359206,1.2837427091359206,0.0,0.0,0.0,24.576400405118974
286,2022-11-30,23.25458418056277,9.597268688352077,37.36894264915086,23.25458418056277,23.25458418056277,0.3614447992401969,0.3614447992401969,0.3614447992401969,0.3614447992401969,0.3614447992401969,0.3614447992401969,0.0,0.0,0.0,23.616028979802966
287,2022-12-31,23.21524154796181,9.771151792230379,37.28493030878237,23.21524154796181,23.21524154796181,-0.4726993687802701,-0.4726993687802701,-0.4726993687802701,-0.4726993687802701,-0.4726993687802701,-0.4726993687802701,0.0,0.0,0.0,22.74254217918154
288,2023-01-31,23.175898915360854,8.634521384889096,36.10612564887809,23.175898915360854,23.175898915360854,-0.8343124762474127,-0.8343124762474127,-0.8343124762474127,-0.8343124762474127,-0.8343124762474127,-0.8343124762474127,0.0,0.0,0.0,22.341586439113442
289,2023-02-28,23.140363634301924,10.903026786574221,37.87716380602078,23.140363634301924,23.140363634301924,1.3306754577348505,1.3306754577348505,1.3306754577348505,1.3306754577348505,1.3306754577348505,1.3306754577348505,0.0,0.0,0.0,24.471039092036776
290,2023-03-31,23.101021001700964,8.870820387163969,35.941159669984046,23.101021001700964,23.101021001700964,-0.4774788384822677,-0.4774788384822677,-0.4774788384822677,-0.4774788384822677,-0.4774788384822677,-0.4774788384822677,0.0,0.0,0.0,22.623542163218698
291,2023-04-30,23.062947486280688,5.355604211600741,34.08211989774626,23.062947486280688,23.062947486280688,-3.413419977228661,-3.413419977228661,-3.413419977228661,-3.413419977228661,-3.413419977228661,-3.413419977228661,0.0,0.0,0.0,19.649527509052028
292,2023-05-31,23.02360485367973,4.982766599883819,31.209409877125005,23.02360485367973,23.02360485367973,-4.135156272579364,-4.135156272579364,-4.135156272579364,-4.135156272579364,-4.135156272579364,-4.135156272579364,0.0,0.0,0.0,18.888448581100363
293,2023-06-30,22.985531338259445,16.228275466736452,45.16846047228991,22.985531338259445,22.985531338259445,7.792557101252237,7.792557101252237,7.792557101252237,7.792557101252237,7.792557101252237,7.792557101252237,0.0,0.0,0.0,30.778088439511684
294,2023-07-31,22.94618870565849,12.225647754339752,37.45801887815241,22.94618870565849,22.94618870565849,2.0716526272466713,2.0716526272466713,2.0716526272466713,2.0716526272466713,2.0716526272466713,2.0716526272466713,0.0,0.0,0.0,25.01784133290516
295,2023-08-31,22.906846073057533,8.03355967861562,36.088864803919556,22.906846073057533,22.906846073057533,-1.3103123970327015,-1.3103123970327015,-1.3103123970327015,-1.3103123970327015,-1.3103123970327015,-1.3103123970327015,0.0,0.0,0.0,21.596533676024833
296,2023-09-30,22.868772557637254,7.15277481507788,35.358033143880355,22.868772557637254,22.868772557637254,-1.314388559833542,-1.314388559833542,-1.314388559833542,-1.314388559833542,-1.314388559833542,-1.314388559833542,0.0,0.0,0.0,21.55438399780371
297,2023-10-31,22.82942992503629,10.255055828031322,37.07490253560432,22.82942992503629,22.82942992503629,-0.003778024934669161,-0.003778024934669161,-0.003778024934669161,-0.003778024934669161,-0.003778024934669161,-0.003778024934669161,0.0,0.0,0.0,22.825651900101622
298,2023-11-30,22.79135640961601,9.166589600303718,36.47139356998037,22.79135640961601,22.79135640961601,0.1479623571303505,0.1479623571303505,0.1479623571303505,0.1479623571303505,0.1479623571303505,0.1479623571303505,0.0,0.0,0.0,22.93931876674636
299,2023-12-31,22.752013777015055,9.511049005587582,37.2470890996612,22.752013777015055,22.752013777015055,0.13771289723562122,0.13771289723562122,0.13771289723562122,0.13771289723562122,0.13771289723562122,0.13771289723562122,0.0,0.0,0.0,22.889726674250674
300,2024-01-01,22.750744659834375,7.449051381469237,34.91590259155272,22.750744659834375,22.750744659834375,-2.2009047575965517,-2.2009047575965517,-2.2009047575965517,-2.2009047575965517,-2.2009047575965517,-2.2009047575965517,0.0,0.0,0.0,20.549839902237824
301,2024-01-02,22.749475542653702,5.220515867349117,32.337200381667685,22.749475542653702,22.749475542653702,-4.2416874804079,-4.2416874804079,-4.2416874804079,-4.2416874804079,-4.2416874804079,-4.2416874804079,0.0,0.0,0.0,18.5077880622458
302,2024-01-03,22.748206425473022,2.398986066161379,29.680500205813505,22.748206425473022,22.748206425473022,-5.951715065939967,-5.951715065939967,-5.951715065939967,-5.951715065939967,-5.951715065939967,-5.951715065939967,0.0,0.0,0.0,16.796491359533054
303,2024-01-04,22.746937308292352,2.5306117889758424,29.476321102955747,22.746937308292352,22.746937308292352,-7.308217794254452,-7.308217794254452,-7.308217794254452,-7.308217794254452,-7.308217794254452,-7.308217794254452,0.0,0.0,0.0,15.4387195140379
304,2024-01-05,22.745668191111672,0.33482667660529736,28.41256219857892,22.745668191111672,22.745668191111672,-8.298959119459482,-8.298959119459482,-8.298959119459482,-8.298959119459482,-8.298959119459482,-8.298959119459482,0.0,0.0,0.0,14.44670907165219
305,2024-01-06,22.744399073930996,-0.6709537263603919,27.324484393680933,22.744399073930996,22.744399073930996,-8.922301235944564,-8.922301235944564,-8.922301235944564,-8.922301235944564,-8.922301235944564,-8.922301235944564,0.0,0.0,0.0,13.822097837986432
306,2024-01-07,22.743129956750323,-0.2122725378785844,27.82791455381984,22.743129956750323,22.743129956750323,-9.186956903198741,-9.186956903198741,-9.186956903198741,-9.186956903198741,-9.186956903198741,-9.186956903198741,0.0,0.0,0.0,13.556173053551582
307,2024-01-08,22.741860839569643,-0.49217785712262213,26.671256646582346,22.741860839569643,22.741860839569643,-9.111440192780334,-9.111440192780334,-9.111440192780334,-9.111440192780334,-9.111440192780334,-9.111440192780334,0.0,0.0,0.0,13.63042064678931
308,2024-01-09,22.74059172238897,-0.5035081121874684,27.912770769419744,22.74059172238897,22.74059172238897,-8.723237623538237,-8.723237623538237,-8.723237623538237,-8.723237623538237,-8.723237623538237,-8.723237623538237,0.0,0.0,0.0,14.017354098850733
309,2024-01-10,22.739322605208294,0.6699350199314096,28.631293190363596,22.739322605208294,22.739322605208294,-8.057729216120618,-8.057729216120618,-8.057729216120618,-8.057729216120618,-8.057729216120618,-8.057729216120618,0.0,0.0,0.0,14.681593389087675
310,2024-01-11,22.738053488027617,2.221428421107892,29.56411604068317,22.738053488027617,22.738053488027617,-7.15689609151407,-7.15689609151407,-7.15689609151407,-7.15689609151407,-7.15689609151407,-7.15689609151407,0.0,0.0,0.0,15.581157396513547
311,2024-01-12,22.73678437084694,3.4504254671194343,30.492325500821156,22.73678437084694,22.73678437084694,-6.067857159808052,-6.067857159808052,-6.067857159808052,-6.067857159808052,-6.067857159808052,-6.067857159808052,0.0,0.0,0.0,16.668927211038888
312,2024-01-13,22.735515253666268,4.384029465434356,30.881467592598955,22.735515253666268,22.735515253666268,-4.841282026000951,-4.841282026000951,-4.841282026000951,-4.841282026000951,-4.841282026000951,-4.841282026000951,0.0,0.0,0.0,17.894233227665318
313,2024-01-14,22.73424613648559,6.216937872211993,32.98735043366096,22.73424613648559,22.73424613648559,-3.5297303571188303,-3.5297303571188303,-3.5297303571188303,-3.5297303571188303,-3.5297303571188303,-3.5297303571188303,0.0,0.0,0.0,19.204515779366762
314,2024-01-15,22.73297701930491,7.8778045761275495,34.86413418110495,22.73297701930491,22.73297701930491,-2.1859695267692882,-2.1859695267692882,-2.1859695267692882,-2.1859695267692882,-2.1859695267692882,-2.1859695267692882,0.0,0.0,0.0,20.547007492535624
315,2024-01-16,22.731707902124235,8.492531374695018,36.01094690078159,22.731707902124235,22.731707902124235,-0.861322347508019,-0.861322347508019,-0.861322347508019,-0.861322347508019,-0.861322347508019,-0.861322347508019,0.0,0.0,0.0,21.870385554616217
316,2024-01-17,22.730438784943562,9.100461911255962,37.51380625706259,22.730438784943562,22.730438784943562,0.39590486964570404,0.39590486964570404,0.39590486964570404,0.39590486964570404,0.39590486964570404,0.39590486964570404,0.0,0.0,0.0,23.126343654589267
317,2024-01-18,22.729169667762886,9.720516630651778,38.30297677059182,22.729169667762886,22.729169667762886,1.5418667629750415,1.5418667629750415,1.5418667629750415,1.5418667629750415,1.5418667629750415,1.5418667629750415,0.0,0.0,0.0,24.271036430737926
318,2024-01-19,22.72790055058221,11.524679142682537,39.73810241195437,22.72790055058221,22.72790055058221,2.538453183404385,2.538453183404385,2.538453183404385,2.538453183404385,2.538453183404385,2.538453183404385,0.0,0.0,0.0,25.266353733986595
319,2024-01-20,22.72663143340153,12.956356103416034,39.4866501378102,22.72663143340153,22.72663143340153,3.3543563066308115,3.3543563066308115,3.3543563066308115,3.3543563066308115,3.3543563066308115,3.3543563066308115,0.0,0.0,0.0,26.08098774003234
320,2024-01-21,22.725362316220856,12.169358417786626,40.3877484787955,22.725362316220856,22.725362316220856,3.9659004221687884,3.9659004221687884,3.9659004221687884,3.9659004221687884,3.9659004221687884,3.9659004221687884,0.0,0.0,0.0,26.691262738389646
321,2024-01-22,22.72409319904018,12.784114827688674,40.211843943709084,22.72409319904018,22.72409319904018,4.357611877607889,4.357611877607889,4.357611877607889,4.357611877607889,4.357611877607889,4.357611877607889,0.0,0.0,0.0,27.08170507664807
322,2024-01-23,22.722824081859507,13.90854682516731,41.39262858927411,22.722824081859507,22.722824081859507,4.522514923630178,4.522514923630178,4.522514923630178,4.522514923630178,4.522514923630178,4.522514923630178,0.0,0.0,0.0,27.245339005489683
323,2024-01-24,22.72155496467883,14.366517107051756,41.12815533105772,22.72155496467883,22.72155496467883,4.462147834666657,4.462147834666657,4.462147834666657,4.462147834666657,4.462147834666657,4.462147834666657,0.0,0.0,0.0,27.18370279934549
