,ds,trend,yhat_lower,yhat_upper,trend_lower,trend_upper,additive_terms,additive_terms_lower,additive_terms_upper,yearly,yearly_lower,yearly_upper,multiplicative_terms,multiplicative_terms_lower,multiplicative_terms_upper,yhat
0,2021-01-31,15.6502495,8.146050020411174,14.69557771065714,15.6502495,15.6502495,-4.109508315809754,-4.109508315809754,-4.109508315809754,-4.109508315809754,-4.109508315809754,-4.109508315809754,0.0,0.0,0.0,11.540741184190246
1,2021-02-28,15.549377368421052,16.939912225855164,23.44753892361445,15.549377368421052,15.549377368421052,4.787134463315533,4.787134463315533,4.787134463315533,4.787134463315533,4.787134463315533,4.787134463315533,0.0,0.0,0.0,20.336511831736583
2,2021-03-31,15.437697509877218,15.920525436100457,22.295042458334642,15.437697509877218,15.437697509877218,3.7759907902905248,3.7759907902905248,3.7759907902905248,3.7759907902905248,3.7759907902905248,3.7759907902905248,0.0,0.0,0.0,19.213688300167743
3,2021-04-30,15.329620224049968,8.66003413325602,15.296456640455984,15.329620224049968,15.329620224049968,-3.3443993327601325,-3.3443993327601325,-3.3443993327601325,-3.3443993327601325,-3.3443993327601325,-3.3443993327601325,0.0,0.0,0.0,11.985220891289835
4,2021-05-31,15.217940360519856,9.652188734127312,16.49327311106991,15.217940360519856,15.217940360519856,-2.011785622440457,-2.011785622440457,-2.011785622440457,-2.011785622440457,-2.011785622440457,-2.011785622440457,0.0,0.0,0.0,13.206154738079398
5,2021-06-30,15.109863069080147,10.082518008512366,16.5563321074962,15.109863069080147,15.109863069080147,-1.667972226234797,-1.667972226234797,-1.667972226234797,-1.667972226234797,-1.667972226234797,-1.667972226234797,0.0,0.0,0.0,13.44189084284535
6,2021-07-31,14.998183202421838,9.679051707505582,15.985155099368775,14.998183202421838,14.998183202421838,-2.1535040443604263,-2.1535040443604263,-2.1535040443604263,-2.1535040443604263,-2.1535040443604263,-2.1535040443604263,0.0,0.0,0.0,12.844679158061412
7,2021-08-31,14.886503332366054,11.011154073668077,17.476436880920446,14.886503332366054,14.886503332366054,-0.5564653760290635,-0.5564653760290635,-0.5564653760290635,-0.5564653760290635,-0.5564653760290635,-0.5564653760290635,0.0,0.0,0.0,14.33003795633699
8,2021-09-30,14.778426038763687,8.228386696705224,15.152278946568694,14.778426038763687,14.778426038763687,-3.231422497851931,-3.231422497851931,-3.231422497851931,-3.231422497851931,-3.231422497851931,-3.231422497851931,0.0,0.0,0.0,11.547003540911756
9,2021-10-31,14.666746168916223,16.08308192289175,22.36530739698664,14.666746168916223,14.666746168916223,4.518702136882868,4.518702136882868,4.518702136882868,4.518702136882868,4.518702136882868,4.518702136882868,0.0,0.0,0.0,19.185448305799092
10,2021-11-30,14.5586688729951,6.474195822739837,12.8700883237526,14.5586688729951,14.5586688729951,-4.8205789759325794,-4.8205789759325794,-4.8205789759325794,-4.8205789759325794,-4.8205789759325794,-4.8205789759325794,0.0,0.0,0.0,9.738089897062519
11,2021-12-31,14.446988995554698,8.686464834309142,14.965368758282501,14.446988995554698,14.446988995554698,-2.721059559632811,-2.721059559632811,-2.721059559632811,-2.721059559632811,-2.721059559632811,-2.721059559632811,0.0,0.0,0.0,11.725929435921886
12,2022-01-31,14.335308545282754,8.399643033998155,14.655429337564854,14.335308545282754,14.335308545282754,-2.7932871553166865,-2.7932871553166865,-2.7932871553166865,-2.7932871553166865,-2.7932871553166865,-2.7932871553166865,0.0,0.0,0.0,11.542021389966067
13,2022-02-28,14.234435287113497,16.498207580960656,23.11633928084939,14.234435287113497,14.234435287113497,5.502406026224837,5.502406026224837,5.502406026224837,5.502406026224837,5.502406026224837,5.502406026224837,0.0,0.0,0.0,19.736841313338335
14,2022-03-31,14.122745551756367,10.911906971680262,17.255204493577217,14.122745551756367,14.122745551756367,-0.049112171965296915,-0.049112171965296915,-0.049112171965296915,-0.049112171965296915,-0.049112171965296915,-0.049112171965296915,0.0,0.0,0.0,14.07363337979107
15,2022-04-30,14.014645120687803,7.024534384617192,13.292954315157074,14.014645120687803,14.014645120687803,-3.836663444800168,-3.836663444800168,-3.836663444800168,-3.836663444800168,-3.836663444800168,-3.836663444800168,0.0,0.0,0.0,10.177981675887635
16,2022-05-31,13.902940990428394,11.109974650348597,18.152625470953915,13.902940990428394,13.902940990428394,0.8028471060049558,0.8028471060049558,0.8028471060049558,0.8028471060049558,0.8028471060049558,0.8028471060049558,0.0,0.0,0.0,14.70578809643335
17,2022-06-30,13.794839362400584,8.450002514129112,14.722530693139841,13.794839362400584,13.794839362400584,-2.210352634295556,-2.210352634295556,-2.210352634295556,-2.210352634295556,-2.210352634295556,-2.210352634295556,0.0,0.0,0.0,11.584486728105027
18,2022-07-31,13.683134345160019,9.11190989344127,15.641460964419515,13.683134345160019,13.683134345160019,-1.1779417657351814,-1.1779417657351814,-1.1779417657351814,-1.1779417657351814,-1.1779417657351814,-1.1779417657351814,0.0,0.0,0.0,12.505192579424838
19,2022-08-31,13.571427896668759,10.194714861590825,16.629137461062605,13.571427896668759,13.571427896668759,-0.17415008793918998,-0.17415008793918998,-0.17415008793918998,-0.17415008793918998,-0.17415008793918998,-0.17415008793918998,0.0,0.0,0.0,13.39727780872957
20,2022-09-30,13.463324876233774,5.210835073688055,11.532738213458513,13.463324876233774,13.463324876233774,-4.866681907938267,-4.866681907938267,-4.866681907938267,-4.866681907938267,-4.866681907938267,-4.866681907938267,0.0,0.0,0.0,8.596642968295507
21,2022-10-31,13.35161842178429,13.44043758996522,19.703422577226586,13.35161842178429,13.35161842178429,3.355669984148395,3.355669984148395,3.355669984148395,3.355669984148395,3.355669984148395,3.355669984148395,0.0,0.0,0.0,16.707288405932683
22,2022-11-30,13.24351540276907,5.540598750098974,12.16217840585287,13.24351540276907,13.24351540276907,-4.452564920925465,-4.452564920925465,-4.452564920925465,-4.452564920925465,-4.452564920925465,-4.452564920925465,0.0,0.0,0.0,8.790950481843606
23,2022-12-31,13.131808948262938,8.458235274056845,14.790308099214691,13.131808948262938,13.131808948262938,-1.6721887595650717,-1.6721887595650717,-1.6721887595650717,-1.6721887595650717,-1.6721887595650717,-1.6721887595650717,0.0,0.0,0.0,11.459620188697865
24,2023-01-31,13.020102492783703,8.408230757380725,15.013733301553033,13.020102492783703,13.020102492783703,-1.487593318537149,-1.487593318537149,-1.487593318537149,-1.487593318537149,-1.487593318537149,-1.487593318537149,0.0,0.0,0.0,11.532509174246554
25,2023-02-28,12.91920633966001,15.961837422388832,22.22739421922006,12.91920633966001,12.91920633966001,6.137808398358501,6.137808398358501,6.137808398358501,6.137808398358501,6.137808398358501,6.137808398358501,0.0,0.0,0.0,19.05701473801851
26,2023-03-31,12.807499881706732,5.955243714628498,12.037387863990054,12.807499881706732,12.807499881706732,-3.8895021184264738,-3.8895021184264738,-3.8895021184264738,-3.8895021184264738,-3.8895021184264738,-3.8895021184264738,0.0,0.0,0.0,8.917997763280258
27,2023-04-30,12.699396859217565,5.36782938696732,11.64240508066586,12.699396859217565,12.699396859217565,-4.234504301985417,-4.234504301985417,-4.234504301985417,-4.234504301985417,-4.234504301985417,-4.234504301985417,0.0,0.0,0.0,8.464892557232147
28,2023-05-31,12.587690398046798,12.83855017006193,19.549345728240695,12.587690398046798,12.587690398046798,3.6421332715156614,3.6421332715156614,3.6421332715156614,3.6421332715156614,3.6421332715156614,3.6421332715156614,0.0,0.0,0.0,16.22982366956246
29,2023-06-30,12.47958737110735,6.381246933446817,13.165139938454853,12.47958737110735,12.47958737110735,-2.772855916829939,-2.772855916829939,-2.772855916829939,-2.772855916829939,-2.772855916829939,-2.772855916829939,0.0,0.0,0.0,9.70673145427741
30,2023-07-31,12.367880909936583,8.911437122053933,15.209719097869863,12.367880909936583,12.367880909936583,-0.21390468574292174,-0.21390468574292174,-0.21390468574292174,-0.21390468574292174,-0.21390468574292174,-0.21390468574292174,0.0,0.0,0.0,12.153976224193661
31,2023-08-31,12.256174448765817,9.10281752904481,15.771553587065354,12.256174448765817,12.256174448765817,0.16112814532747874,0.16112814532747874,0.16112814532747874,0.16112814532747874,0.16112814532747874,0.16112814532747874,0.0,0.0,0.0,12.417302594093297
32,2023-09-30,12.148071421826367,2.5344943125163906,8.943326941310222,12.148071421826367,12.148071421826367,-6.520584048807689,-6.520584048807689,-6.520584048807689,-6.520584048807689,-6.520584048807689,-6.520584048807689,0.0,0.0,0.0,5.6274873730186785
33,2023-10-31,12.036364960655602,11.02402117901449,17.540648819932333,12.036364960655602,12.036364960655602,2.2235842834752537,2.2235842834752537,2.2235842834752537,2.2235842834752537,2.2235842834752537,2.2235842834752537,0.0,0.0,0.0,14.259949244130855
34,2023-11-30,11.928261933716152,4.633802647833944,10.996087448876287,11.928261933716152,11.928261933716152,-4.034813351311761,-4.034813351311761,-4.034813351311761,-4.034813351311761,-4.034813351311761,-4.034813351311761,0.0,0.0,0.0,7.893448582404392
35,2023-12-31,11.816555472545387,8.00761910198571,14.324549542085196,11.816555472545387,11.816555472545387,-0.6001922933917717,-0.6001922933917717,-0.6001922933917717,-0.6001922933917717,-0.6001922933917717,-0.6001922933917717,0.0,0.0,0.0,11.216363179153616
36,2024-01-01,11.812952038314073,3.8494374295834985,10.049407838315519,11.812952038314073,11.812952038314073,-4.742004960206885,-4.742004960206885,-4.742004960206885,-4.742004960206885,-4.742004960206885,-4.742004960206885,0.0,0.0,0.0,7.070947078107188
37,2024-01-02,11.809348604082759,0.16465276630894077,6.541250432645792,11.809348604082759,11.809348604082759,-8.427737307544891,-8.427737307544891,-8.427737307544891,-8.427737307544891,-8.427737307544891,-8.427737307544891,0.0,0.0,0.0,3.3816112965378675
38,2024-01-03,11.805745169851441,-2.98978480986103,3.3042548110097796,11.805745169851441,11.805745169851441,-11.554242403360096,-11.554242403360096,-11.554242403360096,-11.554242403360096,-11.554242403360096,-11.554242403360096,0.0,0.0,0.0,0.2515027664913454
39,2024-01-04,11.802141735620127,-5.463750742645643,1.2070450444211698,11.802141735620127,11.802141735620127,-14.03598198653227,-14.03598198653227,-14.03598198653227,-14.03598198653227,-14.03598198653227,-14.03598198653227,0.0,0.0,0.0,-2.2338402509121433
40,2024-01-05,11.798538301388811,-7.357612016610514,-0.8570859639169974,11.798538301388811,11.798538301388811,-15.807733401200451,-15.807733401200451,-15.807733401200451,-15.807733401200451,-15.807733401200451,-15.807733401200451,0.0,0.0,0.0,-4.00919509981164
41,2024-01-06,11.794934867157497,-8.013089254530446,-1.6450800629908335,11.794934867157497,11.794934867157497,-16.82667662272683,-16.82667662272683,-16.82667662272683,-16.82667662272683,-16.82667662272683,-16.82667662272683,0.0,0.0,0.0,-5.031741755569332
42,2024-01-07,11.791331432926183,-8.75765283303663,-2.0975764014451053,11.791331432926183,11.791331432926183,-17.073795117009304,-17.073795117009304,-17.073795117009304,-17.073795117009304,-17.073795117009304,-17.073795117009304,0.0,0.0,0.0,-5.282463684083121
43,2024-01-08,11.787727998694868,-8.18100748607791,-1.6261304139906185,11.787727998694868,11.787727998694868,-16.554544897275427,-16.554544897275427,-16.554544897275427,-16.554544897275427,-16.554544897275427,-16.554544897275427,0.0,0.0,0.0,-4.76681689858056
44,2024-01-09,11.784124564463553,-7.144434697047411,-0.40363237386410084,11.784124564463553,11.784124564556263,-15.298768232270687,-15.298768232270687,-15.298768232270687,-15.298768232270687,-15.298768232270687,-15.298768232270687,0.0,0.0,0.0,-3.5146436678071336
45,2024-01-10,11.780521130232236,-4.952657533404007,1.7004944211821174,11.780521130067546,11.780521140702783,-13.359851360574297,-13.359851360574297,-13.359851360574297,-13.359851360574297,-13.359851360574297,-13.359851360574297,0.0,0.0,0.0,-1.5793302303420607
46,2024-01-11,11.776917696000922,-2.2894728906916737,4.083836661720989,11.776917686070771,11.776917717790257,-10.813148591499326,-10.813148591499326,-10.813148591499326,-10.813148591499326,-10.813148591499326,-10.813148591499326,0.0,0.0,0.0,0.9637691045015959
47,2024-01-12,11.773314261769608,0.9022615885700174,7.170181270185395,11.77331423924618,11.773314302997386,-7.753717633299546,-7.753717633299546,-7.753717633299546,-7.753717633299546,-7.753717633299546,-7.753717633299546,0.0,0.0,0.0,4.019596628470062
48,2024-01-13,11.769710827538292,4.342890480948168,10.848089833812324,11.769710790635578,11.769710878464464,-4.293432205307932,-4.293432205307932,-4.293432205307932,-4.293432205307932,-4.293432205307932,-4.293432205307932,0.0,0.0,0.0,7.47627862223036
49,2024-01-14,11.766107393306978,8.0656242430899,14.430580196485375,11.766107342808166,11.766107455404153,-0.557557320223338,-0.557557320223338,-0.557557320223338,-0.557557320223338,-0.557557320223338,-0.557557320223338,0.0,0.0,0.0,11.20855007308364
50,2024-01-15,11.76250395907566,11.763063500456125,18.26670496383643,11.762503886040399,11.762504048856982,3.3191105265787284,3.3191105265787284,3.3191105265787284,3.3191105265787284,3.3191105265787284,3.3191105265787284,0.0,0.0,0.0,15.081614485654388
51,2024-01-16,11.758900524844346,15.592966405048678,22.28943471047467,11.758900415082286,11.758900641643521,7.196422168023701,7.196422168023701,7.196422168023701,7.196422168023701,7.196422168023701,7.196422168023701,0.0,0.0,0.0,18.955322692868048
52,2024-01-17,11.755297090613032,19.42080945000455,25.84470325114883,11.755296963764131,11.755297246226284,10.933247058820475,10.933247058820475,10.933247058820475,10.933247058820475,10.933247058820475,10.933247058820475,0.0,0.0,0.0,22.688544149433508
53,2024-01-18,11.751693656381716,22.841985387190103,29.592152561844575,11.751693507542184,11.751693834226533,14.391903866592045,14.391903866592045,14.391903866592045,14.391903866592045,14.391903866592045,14.391903866592045,0.0,0.0,0.0,26.143597522973764
54,2024-01-19,11.748090222150402,25.95417416977799,32.433027035967704,11.748090040534551,11.748090430376198,17.44251449267629,17.44251449267629,17.44251449267629,17.44251449267629,17.44251449267629,17.44251449267629,0.0,0.0,0.0,29.19060471482669
55,2024-01-20,11.744486787919088,28.63548969118832,35.05272000484513,11.744486574211054,11.744487018626511,19.967147055761785,19.967147055761785,19.967147055761785,19.967147055761785,19.967147055761785,19.967147055761785,0.0,0.0,0.0,31.711633843680872
56,2024-01-21,11.740883353687773,30.302098889028965,36.67821893017747,11.74088312599792,11.740883619865585,21.863618840127298,21.863618840127298,21.863618840127298,21.863618840127298,21.863618840127298,21.863618840127298,0.0,0.0,0.0,33.60450219381507
57,2024-01-22,11.737279919456457,31.500321971439927,38.18040162455588,11.73727967036843,11.737280202592919,23.048839608561543,23.048839608561543,23.048839608561543,23.048839608561543,23.048839608561543,23.048839608561543,0.0,0.0,0.0,34.786119528018
58,2024-01-23,11.733676485225141,31.92910660345473,38.39673700640114,11.733676208557698,11.733676795882857,23.461588749329078,23.461588749329078,23.461588749329078,23.461588749329078,23.461588749329078,23.461588749329078,0.0,0.0,0.0,35.19526523455422
59,2024-01-24,11.730073050993827,31.25996914652764,38.01887984851929,11.730072749385599,11.730073395094704,23.064636100658415,23.064636100658415,23.064636100658415,23.064636100658415,23.064636100658415,23.064636100658415,0.0,0.0,0.0,34.79470915165224
