,ds,trend,yhat_lower,yhat_upper,trend_lower,trend_upper,additive_terms,additive_terms_lower,additive_terms_upper,yearly,yearly_lower,yearly_upper,multiplicative_terms,multiplicative_terms_lower,multiplicative_terms_upper,yhat
0,2009-01-31,27.571296521739136,18.219970913327742,30.81169585088429,27.571296521739136,27.571296521739136,-3.1544637315142765,-3.1544637315142765,-3.1544637315142765,-3.1544637315142765,-3.1544637315142765,-3.1544637315142765,0.0,0.0,0.0,24.41683279022486
1,2009-02-28,27.53374404217719,22.61068130538617,35.916544119465115,27.53374404217719,27.53374404217719,1.9111599714256764,1.9111599714256764,1.9111599714256764,1.9111599714256764,1.9111599714256764,1.9111599714256764,0.0,0.0,0.0,29.444904013602866
2,2009-03-31,27.49216808266218,20.925710681122634,33.58325186653515,27.49216808266218,27.49216808266218,-0.3286046325544113,-0.3286046325544113,-0.3286046325544113,-0.3286046325544113,-0.3286046325544113,-0.3286046325544113,0.0,0.0,0.0,27.163563450107766
3,2009-04-30,27.451933283131527,19.260909361686497,31.866121237070946,27.451933283131527,27.451933283131527,-2.107361089474486,-2.107361089474486,-2.107361089474486,-2.107361089474486,-2.107361089474486,-2.107361089474486,0.0,0.0,0.0,25.34457219365704
4,2009-05-31,27.410357323616516,20.671546584260433,33.62704128517036,27.410357323616516,27.410357323616516,-0.3748179425490512,-0.3748179425490512,-0.3748179425490512,-0.3748179425490512,-0.3748179425490512,-0.3748179425490512,0.0,0.0,0.0,27.035539381067466
5,2009-06-30,27.370122524085858,22.707934926657156,35.83651366600589,27.370122524085858,27.370122524085858,2.126181767627155,2.126181767627155,2.126181767627155,2.126181767627155,2.126181767627155,2.126181767627155,0.0,0.0,0.0,29.496304291713013
6,2009-07-31,27.328546564570846,21.9889043914374,35.293195745242166,27.328546564570846,27.328546564570846,1.39613039589271,1.39613039589271,1.39613039589271,1.39613039589271,1.39613039589271,1.39613039589271,0.0,0.0,0.0,28.724676960463555
7,2009-08-31,27.28697060537239,21.066845248491234,34.573030699204146,27.28697060537239,27.28697060537239,0.7037325603598903,0.7037325603598903,0.7037325603598903,0.7037325603598903,0.7037325603598903,0.7037325603598903,0.0,0.0,0.0,27.990703165732278
8,2009-09-30,27.246735806148077,19.15821847316237,32.18812249393287,27.246735806148077,27.246735806148077,-1.8473117059368362,-1.8473117059368362,-1.8473117059368362,-1.8473117059368362,-1.8473117059368362,-1.8473117059368362,0.0,0.0,0.0,25.39942410021124
9,2009-10-31,27.20515984694962,23.010147992239308,36.08484267080105,27.20515984694962,27.20515984694962,2.328263374997609,2.328263374997609,2.328263374997609,2.328263374997609,2.328263374997609,2.328263374997609,0.0,0.0,0.0,29.533423221947228
10,2009-11-30,27.1649250477253,21.041122828102502,34.78293405161944,27.1649250477253,27.1649250477253,1.110548797707986,1.110548797707986,1.110548797707986,1.110548797707986,1.110548797707986,1.110548797707986,0.0,0.0,0.0,28.275473845433286
11,2009-12-31,27.123349088526844,18.52517514841029,32.158717692270905,27.123349088526844,27.123349088526844,-1.5744691245355007,-1.5744691245355007,-1.5744691245355007,-1.5744691245355007,-1.5744691245355007,-1.5744691245355007,0.0,0.0,0.0,25.548879963991343
12,2010-01-31,27.081773135543557,17.732799602799407,30.51458700333451,27.081773135543557,27.081773135543557,-3.157699965517296,-3.157699965517296,-3.157699965517296,-3.157699965517296,-3.157699965517296,-3.157699965517296,0.0,0.0,0.0,23.92407317002626
13,2010-02-28,27.044220661881234,22.26001821001022,35.582296222794184,27.044220661881234,27.044220661881234,1.9088550408799105,1.9088550408799105,1.9088550408799105,1.9088550408799105,1.9088550408799105,1.9088550408799105,0.0,0.0,0.0,28.953075702761144
14,2010-03-31,27.002644708897943,19.89355358011105,33.26974090536823,27.002644708897943,27.002644708897943,-0.4036073954728851,-0.4036073954728851,-0.4036073954728851,-0.4036073954728851,-0.4036073954728851,-0.4036073954728851,0.0,0.0,0.0,26.599037313425058
15,2010-04-30,26.962409915688312,18.366331165966262,31.838526183413986,26.962409915688312,26.962409915688312,-2.0741490463598877,-2.0741490463598877,-2.0741490463598877,-2.0741490463598877,-2.0741490463598877,-2.0741490463598877,0.0,0.0,0.0,24.888260869328423
16,2010-05-31,26.920833962705025,19.75554169223631,33.00541320819522,26.920833962705025,26.920833962705025,-0.34869441677187496,-0.34869441677187496,-0.34869441677187496,-0.34869441677187496,-0.34869441677187496,-0.34869441677187496,0.0,0.0,0.0,26.57213954593315
17,2010-06-30,26.880599169495387,22.280235620397104,35.04633897476611,26.880599169495387,26.880599169495387,2.1713041358589806,2.1713041358589806,2.1713041358589806,2.1713041358589806,2.1713041358589806,2.1713041358589806,0.0,0.0,0.0,29.05190330535437
18,2010-07-31,26.839023217338422,21.324625698903155,34.39872917790984,26.839023217338422,26.839023217338422,1.3326150874599094,1.3326150874599094,1.3326150874599094,1.3326150874599094,1.3326150874599094,1.3326150874599094,0.0,0.0,0.0,28.171638304798332
19,2010-08-31,26.797447265181447,20.98324440668886,34.185634256304525,26.797447265181447,26.797447265181447,0.6817162565324589,0.6817162565324589,0.6817162565324589,0.6817162565324589,0.6817162565324589,0.6817162565324589,0.0,0.0,0.0,27.479163521713904
20,2010-09-30,26.75721247277148,18.267455808189446,31.74395019338027,26.75721247277148,26.75721247277148,-1.8335694643573963,-1.8335694643573963,-1.8335694643573963,-1.8335694643573963,-1.8335694643573963,-1.8335694643573963,0.0,0.0,0.0,24.923643008414086
21,2010-10-31,26.71563652061451,22.219878669424997,35.50983118526245,26.71563652061451,26.71563652061451,2.314482119407667,2.314482119407667,2.314482119407667,2.314482119407667,2.314482119407667,2.314482119407667,0.0,0.0,0.0,29.030118640022177
22,2010-11-30,26.675401728204545,21.172052312262696,34.35057045881278,26.675401728204545,26.675401728204545,1.1688460891715526,1.1688460891715526,1.1688460891715526,1.1688460891715526,1.1688460891715526,1.1688460891715526,0.0,0.0,0.0,27.844247817376097
23,2010-12-31,26.633825776047576,18.430581216539487,31.62658712913171,26.633825776047576,26.633825776047576,-1.5835265616102718,-1.5835265616102718,-1.5835265616102718,-1.5835265616102718,-1.5835265616102718,-1.5835265616102718,0.0,0.0,0.0,25.050299214437306
24,2011-01-31,26.592249830562174,16.797236101405293,30.145530122116156,26.592249830562174,26.592249830562174,-3.159775787486763,-3.159775787486763,-3.159775787486763,-3.159775787486763,-3.159775787486763,-3.159775787486763,0.0,0.0,0.0,23.432474043075413
25,2011-02-28,26.55469736367213,21.982663803707563,35.365087903266115,26.55469736367213,26.55469736367213,1.9041084169208213,1.9041084169208213,1.9041084169208213,1.9041084169208213,1.9041084169208213,1.9041084169208213,0.0,0.0,0.0,28.45880578059295
26,2011-03-31,26.513121418186724,19.58876639153233,32.19315548742734,26.513121418186724,26.513121418186724,-0.47799283388013897,-0.47799283388013897,-0.47799283388013897,-0.47799283388013897,-0.47799283388013897,-0.47799283388013897,0.0,0.0,0.0,26.035128584306584
27,2011-04-30,26.47288663223311,18.32038473727694,31.33867647592392,26.47288663223311,26.47288663223311,-2.0384445687095747,-2.0384445687095747,-2.0384445687095747,-2.0384445687095747,-2.0384445687095747,-2.0384445687095747,0.0,0.0,0.0,24.434442063523534
28,2011-05-31,26.431310686747707,19.11147335467149,33.10297262100415,26.431310686747707,26.431310686747707,-0.3220778637016646,-0.3220778637016646,-0.3220778637016646,-0.3220778637016646,-0.3220778637016646,-0.3220778637016646,0.0,0.0,0.0,26.109232823046042
29,2011-06-30,26.39107590079409,22.07317558182245,35.32701412942515,26.39107590079409,26.39107590079409,2.2140391254736778,2.2140391254736778,2.2140391254736778,2.2140391254736778,2.2140391254736778,2.2140391254736778,0.0,0.0,0.0,28.605115026267768
30,2011-07-31,26.34949995729317,21.157107928993966,34.11107078177069,26.34949995729317,26.34949995729317,1.2677296158521643,1.2677296158521643,1.2677296158521643,1.2677296158521643,1.2677296158521643,1.2677296158521643,0.0,0.0,0.0,27.617229573145334
31,2011-08-31,26.307924013792253,20.1289252032194,33.60009928072006,26.307924013792253,26.307924013792253,0.660264641416505,0.660264641416505,0.660264641416505,0.660264641416505,0.660264641416505,0.660264641416505,0.0,0.0,0.0,26.968188655208756
32,2011-09-30,26.26768922975911,18.14316441853701,31.080673112133706,26.26768922975911,26.26768922975911,-1.817897681493942,-1.817897681493942,-1.817897681493942,-1.817897681493942,-1.817897681493942,-1.817897681493942,0.0,0.0,0.0,24.449791548265168
33,2011-10-31,26.226113286258194,21.860427813174727,35.345506682629214,26.226113286258194,26.226113286258194,2.300441018829918,2.300441018829918,2.300441018829918,2.300441018829918,2.300441018829918,2.300441018829918,0.0,0.0,0.0,28.526554305088112
34,2011-11-30,26.18587850222505,20.832914264265852,34.18927945326798,26.18587850222505,26.18587850222505,1.2266442099557364,1.2266442099557364,1.2266442099557364,1.2266442099557364,1.2266442099557364,1.2266442099557364,0.0,0.0,0.0,27.412522712180788
35,2011-12-31,26.14430255939026,18.440096034665682,31.548316286397778,26.14430255939026,26.14430255939026,-1.5929571656968788,-1.5929571656968788,-1.5929571656968788,-1.5929571656968788,-1.5929571656968788,-1.5929571656968788,0.0,0.0,0.0,24.551345393693378
36,2012-01-31,26.10272661655547,16.19891719573717,29.539205637989213,26.10272661655547,26.10272661655547,-3.1607126110249317,-3.1607126110249317,-3.1607126110249317,-3.1607126110249317,-3.1607126110249317,-3.1607126110249317,0.0,0.0,0.0,22.942014005530538
37,2012-02-29,26.063832992613246,21.12168281867057,34.75392189429879,26.063832992613246,26.063832992613246,1.911015593956807,1.911015593956807,1.911015593956807,1.911015593956807,1.911015593956807,1.911015593956807,0.0,0.0,0.0,27.974848586570054
38,2012-03-31,26.022257049778457,18.770329090924744,31.975800520406047,26.022257049778457,26.022257049778457,-0.25309095620731425,-0.25309095620731425,-0.25309095620731425,-0.25309095620731425,-0.25309095620731425,-0.25309095620731425,0.0,0.0,0.0,25.769166093571144
39,2012-04-30,25.982022266389947,17.203994281704748,31.298325141200664,25.982022266389947,25.982022266389947,-2.1380507419083914,-2.1380507419083914,-2.1380507419083914,-2.1380507419083914,-2.1380507419083914,-2.1380507419083914,0.0,0.0,0.0,23.843971524481557
40,2012-05-31,25.940446323555154,18.98327017313443,32.14542186429214,25.940446323555154,25.940446323555154,-0.400367025874428,-0.400367025874428,-0.400367025874428,-0.400367025874428,-0.400367025874428,-0.400367025874428,0.0,0.0,0.0,25.540079297680727
41,2012-06-30,25.900211540937985,21.3527509036447,34.84701244860309,25.900211540937985,25.900211540937985,2.07872781241054,2.07872781241054,2.07872781241054,2.07872781241054,2.07872781241054,2.07872781241054,0.0,0.0,0.0,27.978939353348526
42,2012-07-31,25.858635598900243,20.967908774787247,34.058498265084054,25.858635598900243,25.858635598900243,1.4581977070679393,1.4581977070679393,1.4581977070679393,1.4581977070679393,1.4581977070679393,1.4581977070679393,0.0,0.0,0.0,27.31683330596818
43,2012-08-31,25.817059656862497,19.82663164507357,32.656040782935825,25.817059656862497,25.817059656862497,0.7262493573961856,0.7262493573961856,0.7262493573961856,0.7262493573961856,0.7262493573961856,0.7262493573961856,0.0,0.0,0.0,26.543309014258682
44,2012-09-30,25.776824874245328,16.967501195156995,30.532315353612706,25.776824874245328,25.776824874245328,-1.8591092504099085,-1.8591092504099085,-1.8591092504099085,-1.8591092504099085,-1.8591092504099085,-1.8591092504099085,0.0,0.0,0.0,23.91771562383542
45,2012-10-31,25.735248932207586,21.32433524704163,34.76340554895688,25.735248932207586,25.735248932207586,2.3418057115885373,2.3418057115885373,2.3418057115885373,2.3418057115885373,2.3418057115885373,2.3418057115885373,0.0,0.0,0.0,28.077054643796124
46,2012-11-30,25.695014149590417,20.343514868582673,33.675745925051864,25.695014149590417,25.695014149590417,1.0517923889910892,1.0517923889910892,1.0517923889910892,1.0517923889910892,1.0517923889910892,1.0517923889910892,0.0,0.0,0.0,26.746806538581506
47,2012-12-31,25.65343821123316,17.326242485497243,30.734518745048536,25.65343821123316,25.65343821123316,-1.5658036596028218,-1.5658036596028218,-1.5658036596028218,-1.5658036596028218,-1.5658036596028218,-1.5658036596028218,0.0,0.0,0.0,24.087634551630337
48,2013-01-31,25.6118622728759,16.406951655632554,29.08073890686658,25.6118622728759,25.6118622728759,-3.154463731514429,-3.154463731514429,-3.154463731514429,-3.154463731514429,-3.154463731514429,-3.154463731514429,0.0,0.0,0.0,22.45739854136147
49,2013-02-28,25.574309812424183,20.808527772030182,34.257231938870994,25.574309812424183,25.574309812424183,1.9111599714257013,1.9111599714257013,1.9111599714257013,1.9111599714257013,1.9111599714257013,1.9111599714257013,0.0,0.0,0.0,27.485469783849883
50,2013-03-31,25.532733874066928,19.003432378553356,31.912984147631626,25.532733874066928,25.532733874066928,-0.3286046325542321,-0.3286046325542321,-0.3286046325542321,-0.3286046325542321,-0.3286046325542321,-0.3286046325542321,0.0,0.0,0.0,25.204129241512696
51,2013-04-30,25.492499095011514,16.717385024096345,30.10409399751,25.492499095011514,25.492499095011514,-2.1073610894745944,-2.1073610894745944,-2.1073610894745944,-2.1073610894745944,-2.1073610894745944,-2.1073610894745944,0.0,0.0,0.0,23.38513800553692
52,2013-05-31,25.450923156800048,18.485156611712974,31.517516066530362,25.450923156800048,25.450923156800048,-0.37481794254907885,-0.37481794254907885,-0.37481794254907885,-0.37481794254907885,-0.37481794254907885,-0.37481794254907885,0.0,0.0,0.0,25.07610521425097
53,2013-06-30,25.41068837788573,21.72479173744838,33.8322964571345,25.41068837788573,25.41068837788573,2.1261817676272776,2.1261817676272776,2.1261817676272776,2.1261817676272776,2.1261817676272776,2.1261817676272776,0.0,0.0,0.0,27.536870145513006
54,2013-07-31,25.36911243967427,20.339115535613903,33.59521427846861,25.36911243967427,25.36911243967427,1.3961303958924893,1.3961303958924893,1.3961303958924893,1.3961303958924893,1.3961303958924893,1.3961303958924893,0.0,0.0,0.0,26.76524283556676
55,2013-08-31,25.327536501462806,19.350711825242318,32.347288524109025,25.327536501462806,25.327536501462806,0.7037325603596185,0.7037325603596185,0.7037325603596185,0.7037325603596185,0.7037325603596185,0.7037325603596185,0.0,0.0,0.0,26.031269061822425
56,2013-09-30,25.287301722548488,17.083270792349897,30.541870019819676,25.287301722548488,25.287301722548488,-1.847311705937052,-1.847311705937052,-1.847311705937052,-1.847311705937052,-1.847311705937052,-1.847311705937052,0.0,0.0,0.0,23.439990016611436
57,2013-10-31,25.24572578433703,20.86199566969305,34.34458855279369,25.24572578433703,25.24572578433703,2.32826337499792,2.32826337499792,2.32826337499792,2.32826337499792,2.32826337499792,2.32826337499792,0.0,0.0,0.0,27.57398915933495
58,2013-11-30,25.205492446295043,20.123912972006078,32.623071060398516,25.205492446295043,25.205492446295043,1.1105487977083224,1.1105487977083224,1.1105487977083224,1.1105487977083224,1.1105487977083224,1.1105487977083224,0.0,0.0,0.0,26.316041244003365
59,2013-12-31,25.163917996984996,16.959412420315758,30.44198030677088,25.163917996984996,25.163917996984996,-1.574469124535392,-1.574469124535392,-1.574469124535392,-1.574469124535392,-1.574469124535392,-1.574469124535392,0.0,0.0,0.0,23.589448872449605
60,2014-01-31,25.122343547674948,15.375491300543835,28.711964354870204,25.122343547674948,25.122343547674948,-3.15769996551697,-3.15769996551697,-3.15769996551697,-3.15769996551697,-3.15769996551697,-3.15769996551697,0.0,0.0,0.0,21.96464358215798
61,2014-02-28,25.084792432169095,20.299163237850614,34.240075826056646,25.084792432169095,25.084792432169095,1.9088550408798668,1.9088550408798668,1.9088550408798668,1.9088550408798668,1.9088550408798668,1.9088550408798668,0.0,0.0,0.0,26.993647473048963
62,2014-03-31,25.043217982859044,17.910592218622213,30.966499950346577,25.043217982859044,25.043217982859044,-0.4036073954731515,-0.4036073954731515,-0.4036073954731515,-0.4036073954731515,-0.4036073954731515,-0.4036073954731515,0.0,0.0,0.0,24.639610587385892
63,2014-04-30,25.00298464481706,16.437287541518522,29.511305759375382,25.00298464481706,25.00298464481706,-2.074149046359985,-2.074149046359985,-2.074149046359985,-2.074149046359985,-2.074149046359985,-2.074149046359985,0.0,0.0,0.0,22.928835598457077
64,2014-05-31,24.961410198025632,17.703149785743044,31.402570693157138,24.961410198025632,24.961410198025632,-0.3486944167718523,-0.3486944167718523,-0.3486944167718523,-0.3486944167718523,-0.3486944167718523,-0.3486944167718523,0.0,0.0,0.0,24.61271578125378
65,2014-06-30,24.921176862421028,21.00175573458362,34.1934525208374,24.921176862421028,24.921176862421028,2.171304135858819,2.171304135858819,2.171304135858819,2.171304135858819,2.171304135858819,2.171304135858819,0.0,0.0,0.0,27.092480998279846
66,2014-07-31,24.8796024156296,19.42469982174109,32.76047825500877,24.8796024156296,24.8796024156296,1.3326150874596518,1.3326150874596518,1.3326150874596518,1.3326150874596518,1.3326150874596518,1.3326150874596518,0.0,0.0,0.0,26.21221750308925
67,2014-08-31,24.838027968838173,18.596267075222222,31.93492837947749,24.838027968838173,24.838027968838173,0.6817162565324651,0.6817162565324651,0.6817162565324651,0.6817162565324651,0.6817162565324651,0.6817162565324651,0.0,0.0,0.0,25.519744225370637
68,2014-09-30,24.79779463323357,16.372966798381054,29.261092935084363,24.79779463323357,24.79779463323357,-1.833569464357615,-1.833569464357615,-1.833569464357615,-1.833569464357615,-1.833569464357615,-1.833569464357615,0.0,0.0,0.0,22.964225168875952
69,2014-10-31,24.756220186442135,20.342393447412558,33.51753983264255,24.756220186442135,24.756220186442135,2.3144821194078307,2.3144821194078307,2.3144821194078307,2.3144821194078307,2.3144821194078307,2.3144821194078307,0.0,0.0,0.0,27.070702305849967
70,2014-11-30,24.71598686320631,19.350684571177673,32.25667402554201,24.71598686320631,24.71598686320631,1.168846089172032,1.168846089172032,1.168846089172032,1.168846089172032,1.168846089172032,1.168846089172032,0.0,0.0,0.0,25.884832952378343
71,2014-12-31,24.674412429195954,16.039601574922457,29.990824228254333,24.674412429195954,24.674412429195954,-1.583526561610272,-1.583526561610272,-1.583526561610272,-1.583526561610272,-1.583526561610272,-1.583526561610272,0.0,0.0,0.0,23.090885867585683
72,2015-01-31,24.632837995185596,14.75869242525754,28.16633152814305,24.632837995185596,24.632837995185596,-3.1597757874864993,-3.1597757874864993,-3.1597757874864993,-3.1597757874864993,-3.1597757874864993,-3.1597757874864993,0.0,0.0,0.0,21.473062207699098
73,2015-02-28,24.59528689349882,19.58305159804076,33.27358702785057,24.59528689349882,24.59528689349882,1.9041084169208573,1.9041084169208573,1.9041084169208573,1.9041084169208573,1.9041084169208573,1.9041084169208573,0.0,0.0,0.0,26.499395310419676
74,2015-03-31,24.55371245948847,17.120526965895433,31.133523933900527,24.55371245948847,24.55371245948847,-0.47799283388006886,-0.47799283388006886,-0.47799283388006886,-0.47799283388006886,-0.47799283388006886,-0.47799283388006886,0.0,0.0,0.0,24.0757196256084
75,2015-04-30,24.51348683384465,15.516357955664747,29.075113822804038,24.51348683384465,24.51348683384465,-2.038444568709497,-2.038444568709497,-2.038444568709497,-2.038444568709497,-2.038444568709497,-2.038444568709497,0.0,0.0,0.0,22.47504226513515
76,2015-05-31,24.471920354012692,17.49063687427636,30.683886073958906,24.471920354012692,24.471920354012692,-0.3220778637012823,-0.3220778637012823,-0.3220778637012823,-0.3220778637012823,-0.3220778637012823,-0.3220778637012823,0.0,0.0,0.0,24.14984249031141
77,2015-06-30,24.431694728368875,19.89190265934765,33.348933065572005,24.431694728368875,24.431694728368875,2.2140391254736773,2.2140391254736773,2.2140391254736773,2.2140391254736773,2.2140391254736773,2.2140391254736773,0.0,0.0,0.0,26.64573385384255
78,2015-07-31,24.390128248536918,18.73901080733836,32.022374991282845,24.390128248536918,24.390128248536918,1.267729615852403,1.267729615852403,1.267729615852403,1.267729615852403,1.267729615852403,1.267729615852403,0.0,0.0,0.0,25.65785786438932
79,2015-08-31,24.348561768704972,18.435034238883848,31.499185681609745,24.348561768704972,24.348561768704972,0.6602646414164658,0.6602646414164658,0.6602646414164658,0.6602646414164658,0.6602646414164658,0.6602646414164658,0.0,0.0,0.0,25.008826410121436
80,2015-09-30,24.30833614306115,15.95482177122019,29.04466844047572,24.30833614306115,24.30833614306115,-1.8178976814937102,-1.8178976814937102,-1.8178976814937102,-1.8178976814937102,-1.8178976814937102,-1.8178976814937102,0.0,0.0,0.0,22.49043846156744
81,2015-10-31,24.26728389420644,20.23055823499845,33.48396305300687,24.26728389420644,24.26728389420644,2.300441018829876,2.300441018829876,2.300441018829876,2.300441018829876,2.300441018829876,2.300441018829876,0.0,0.0,0.0,26.567724913036315
82,2015-11-30,24.227555911443822,18.971913260917464,32.45042123346461,24.227555911443822,24.227555911443822,1.2266442099560746,1.2266442099560746,1.2266442099560746,1.2266442099560746,1.2266442099560746,1.2266442099560746,0.0,0.0,0.0,25.454200121399897
83,2015-12-31,24.18650366258911,16.12717618867112,28.654771800116553,24.18650366258911,24.18650366258911,-1.592957165697103,-1.592957165697103,-1.592957165697103,-1.592957165697103,-1.592957165697103,-1.592957165697103,0.0,0.0,0.0,22.593546496892007
84,2016-01-31,24.145451413734403,14.536323682089645,27.80054323439593,24.145451413734403,24.145451413734403,-3.160712611025011,-3.160712611025011,-3.160712611025011,-3.160712611025011,-3.160712611025011,-3.160712611025011,0.0,0.0,0.0,20.98473880270939
85,2016-02-29,24.10704769706387,19.578145246717707,32.38638946865823,24.10704769706387,24.10704769706387,1.911015593957224,1.911015593957224,1.911015593957224,1.911015593957224,1.911015593957224,1.911015593957224,0.0,0.0,0.0,26.018063291021093
86,2016-03-31,24.06599544820916,17.74764616978844,30.579867366352698,24.06599544820916,24.06599544820916,-0.25309095620779304,-0.25309095620779304,-0.25309095620779304,-0.25309095620779304,-0.25309095620779304,-0.25309095620779304,0.0,0.0,0.0,23.81290449200137
87,2016-04-30,24.026419348596256,15.736084742159369,28.417098886539435,24.026419348596256,24.026419348596256,-2.138050741908374,-2.138050741908374,-2.138050741908374,-2.138050741908374,-2.138050741908374,-2.138050741908374,0.0,0.0,0.0,21.888368606687884
88,2016-05-31,23.985524045662928,17.244877515312545,29.95199450774891,23.985524045662928,23.985524045662928,-0.4003670258744118,-0.4003670258744118,-0.4003670258744118,-0.4003670258744118,-0.4003670258744118,-0.4003670258744118,0.0,0.0,0.0,23.585157019788515
89,2016-06-30,23.94594794605003,19.554182886827764,32.58462108158267,23.94594794605003,23.94594794605003,2.0787278124106714,2.0787278124106714,2.0787278124106714,2.0787278124106714,2.0787278124106714,2.0787278124106714,0.0,0.0,0.0,26.024675758460702
90,2016-07-31,23.905052643116697,18.971525740058116,32.32642229420829,23.905052643116697,23.905052643116697,1.458197707067621,1.458197707067621,1.458197707067621,1.458197707067621,1.458197707067621,1.458197707067621,0.0,0.0,0.0,25.36325035018432
91,2016-08-31,23.864157340183368,17.740798267170707,30.3258068849815,23.864157340183368,23.864157340183368,0.7262493573964562,0.7262493573964562,0.7262493573964562,0.7262493573964562,0.7262493573964562,0.7262493573964562,0.0,0.0,0.0,24.590406697579823
92,2016-09-30,23.824581240570463,15.568217985906982,28.212288917501237,23.824581240570463,23.824581240570463,-1.8591092504098639,-1.8591092504098639,-1.8591092504098639,-1.8591092504098639,-1.8591092504098639,-1.8591092504098639,0.0,0.0,0.0,21.965471990160598
93,2016-10-31,23.788918018417142,19.385788253283625,33.007023482155354,23.788918018417142,23.788918018417142,2.341805711588604,2.341805711588604,2.341805711588604,2.341805711588604,2.341805711588604,2.341805711588604,0.0,0.0,0.0,26.130723730005748
94,2016-11-30,23.75440522278489,18.71010819112748,32.09112809436423,23.75440522278489,23.75440522278489,1.0517923889905962,1.0517923889905962,1.0517923889905962,1.0517923889905962,1.0517923889905962,1.0517923889905962,0.0,0.0,0.0,24.806197611775485
95,2016-12-31,23.718742000631565,15.691119828469805,28.121360714902462,23.718742000631565,23.718742000631565,-1.5658036596027494,-1.5658036596027494,-1.5658036596027494,-1.5658036596027494,-1.5658036596027494,-1.5658036596027494,0.0,0.0,0.0,22.152938341028815
96,2017-01-31,23.683078778478244,14.409902944788016,27.451906503225988,23.683078778478244,23.683078778478244,-3.1544637315143116,-3.1544637315143116,-3.1544637315143116,-3.1544637315143116,-3.1544637315143116,-3.1544637315143116,0.0,0.0,0.0,20.52861504696393
97,2017-02-28,23.650866835888145,19.181384105270837,32.005209705503,23.650866835888145,23.650866835888145,1.911159971425509,1.911159971425509,1.911159971425509,1.911159971425509,1.911159971425509,1.911159971425509,0.0,0.0,0.0,25.562026807313654
98,2017-03-31,23.621204231828546,16.417420077762543,29.832195910503298,23.621204231828546,23.621204231828546,-0.32860463255449135,-0.32860463255449135,-0.32860463255449135,-0.32860463255449135,-0.32860463255449135,-0.32860463255449135,0.0,0.0,0.0,23.292599599274055
99,2017-04-30,23.592498485964416,15.145186843045202,28.03675890785666,23.592498485964416,23.592498485964416,-2.1073610894740833,-2.1073610894740833,-2.1073610894740833,-2.1073610894740833,-2.1073610894740833,-2.1073610894740833,0.0,0.0,0.0,21.485137396490334
100,2017-05-31,23.56283588190482,16.557199106612266,30.009378916170338,23.56283588190482,23.56283588190482,-0.3748179425490665,-0.3748179425490665,-0.3748179425490665,-0.3748179425490665,-0.3748179425490665,-0.3748179425490665,0.0,0.0,0.0,23.188017939355756
101,2017-06-30,23.534130136040694,18.713757982559077,32.11707153883021,23.534130136040694,23.534130136040694,2.126181767626935,2.126181767626935,2.126181767626935,2.126181767626935,2.126181767626935,2.126181767626935,0.0,0.0,0.0,25.66031190366763
102,2017-07-31,23.504467531981092,18.154937540052984,31.452059785855038,23.504467531981092,23.504467531981092,1.3961303958925282,1.3961303958925282,1.3961303958925282,1.3961303958925282,1.3961303958925282,1.3961303958925282,0.0,0.0,0.0,24.90059792787362
103,2017-08-31,23.474804927921493,17.887953284362613,30.859247792074573,23.474804927921493,23.474804927921493,0.7037325603599536,0.7037325603599536,0.7037325603599536,0.7037325603599536,0.7037325603599536,0.7037325603599536,0.0,0.0,0.0,24.178537488281446
104,2017-09-30,23.45335876204156,14.99710889867223,28.045868972172027,23.45335876204156,23.45335876204156,-1.847311705936852,-1.847311705936852,-1.847311705936852,-1.847311705936852,-1.847311705936852,-1.847311705936852,0.0,0.0,0.0,21.606047056104707
105,2017-10-31,23.431197723965628,19.59031470109015,32.0302533725859,23.431197723965628,23.431197723965628,2.3282633749976434,2.3282633749976434,2.3282633749976434,2.3282633749976434,2.3282633749976434,2.3282633749976434,0.0,0.0,0.0,25.75946109896327
106,2017-11-30,23.409751558085695,17.835390620512978,31.125440403609943,23.409751558085695,23.409751558085695,1.110548797708519,1.110548797708519,1.110548797708519,1.110548797708519,1.110548797708519,1.110548797708519,0.0,0.0,0.0,24.520300355794213
107,2017-12-31,23.38759052000977,14.820954964404306,28.23824720772982,23.38759052000977,23.38759052000977,-1.574469124535164,-1.574469124535164,-1.574469124535164,-1.574469124535164,-1.574469124535164,-1.574469124535164,0.0,0.0,0.0,21.813121395474607
108,2018-01-31,23.365429481933838,13.51081947484269,26.886585041525787,23.365429481933838,23.365429481933838,-3.157699965516867,-3.157699965516867,-3.157699965516867,-3.157699965516867,-3.157699965516867,-3.157699965516867,0.0,0.0,0.0,20.207729516416972
109,2018-02-28,23.345413060445903,18.547043663574755,31.790231336886006,23.345413060445903,23.345413060445903,1.9088550408799105,1.9088550408799105,1.9088550408799105,1.9088550408799105,1.9088550408799105,1.9088550408799105,0.0,0.0,0.0,25.254268101325813
110,2018-03-31,23.331403057221227,16.20329890546144,29.88274562933603,23.331403057221227,23.331403057221227,-0.4036073954725248,-0.4036073954725248,-0.4036073954725248,-0.4036073954725248,-0.4036073954725248,-0.4036073954725248,0.0,0.0,0.0,22.927795661748704
111,2018-04-30,23.31784498958444,14.494227612795678,27.84778756875528,23.31784498958444,23.31784498958444,-2.074149046360022,-2.074149046360022,-2.074149046360022,-2.074149046360022,-2.074149046360022,-2.074149046360022,0.0,0.0,0.0,21.243695943224417
112,2018-05-31,23.303834986359767,15.854017489857132,29.519896298389305,23.303834986359767,23.303834986359767,-0.34869441677174634,-0.34869441677174634,-0.34869441677174634,-0.34869441677174634,-0.34869441677174634,-0.34869441677174634,0.0,0.0,0.0,22.95514056958802
113,2018-06-30,23.29027691872298,18.928652491006833,31.795125448230753,23.29027691872298,23.29027691872298,2.171304135858722,2.171304135858722,2.171304135858722,2.171304135858722,2.171304135858722,2.171304135858722,0.0,0.0,0.0,25.461581054581703
114,2018-07-31,23.276266915498304,18.616383214954354,31.477421992922938,23.276266915498304,23.276266915498304,1.332615087459679,1.332615087459679,1.332615087459679,1.332615087459679,1.332615087459679,1.332615087459679,0.0,0.0,0.0,24.608882002957984
115,2018-08-31,23.269430748071557,17.468689208322925,30.829389896961505,23.269430748071557,23.269430748071557,0.6817162565319336,0.6817162565319336,0.6817162565319336,0.6817162565319336,0.6817162565319336,0.6817162565319336,0.0,0.0,0.0,23.95114700460349
116,2018-09-30,23.262815102174702,14.987219147566007,28.650703307891582,23.262815102174702,23.262815102174702,-1.8335694643576286,-1.8335694643576286,-1.8335694643576286,-1.8335694643576286,-1.8335694643576286,-1.8335694643576286,0.0,0.0,0.0,21.429245637817075
117,2018-10-31,23.25597893474795,19.055846229704354,32.30279823818437,23.25597893474795,23.25597893474795,2.31448211940786,2.31448211940786,2.31448211940786,2.31448211940786,2.31448211940786,2.31448211940786,0.0,0.0,0.0,25.57046105415581
118,2018-11-30,23.2493632888511,18.116445337639544,31.211305694551264,23.2493632888511,23.2493632888511,1.1688460891725148,1.1688460891725148,1.1688460891725148,1.1688460891725148,1.1688460891725148,1.1688460891725148,0.0,0.0,0.0,24.418209378023615
119,2018-12-31,23.242527121424345,15.158337088206428,27.791648974962314,23.242527121424345,23.242527121424345,-1.5835265616103578,-1.5835265616103578,-1.5835265616103578,-1.5835265616103578,-1.5835265616103578,-1.5835265616103578,0.0,0.0,0.0,21.659000559813986
120,2019-01-31,23.2356909539976,13.499078682356357,26.463669160825354,23.2356909539976,23.2356909539976,-3.1597757874866894,-3.1597757874866894,-3.1597757874866894,-3.1597757874866894,-3.1597757874866894,-3.1597757874866894,0.0,0.0,0.0,20.07591516651091
121,2019-02-28,23.234123640763908,18.320701764986712,31.66078353957915,23.234123640763908,23.234123640763908,1.9041084169207512,1.9041084169207512,1.9041084169207512,1.9041084169207512,1.9041084169207512,1.9041084169207512,0.0,0.0,0.0,25.13823205768466
122,2019-03-31,23.232388401112317,15.877758294932462,29.532999355715518,23.232388401112317,23.232388401112317,-0.4779928338799418,-0.4779928338799418,-0.4779928338799418,-0.4779928338799418,-0.4779928338799418,-0.4779928338799418,0.0,0.0,0.0,22.754395567232375
123,2019-04-30,23.23070913693336,14.026888182173467,27.81933583664982,23.23070913693336,23.23070913693336,-2.0384445687095663,-2.0384445687095663,-2.0384445687095663,-2.0384445687095663,-2.0384445687095663,-2.0384445687095663,0.0,0.0,0.0,21.192264568223795
124,2019-05-31,23.22897389728177,15.998948789496358,29.469063041851065,23.22897389728177,23.22897389728177,-0.32207786370151675,-0.32207786370151675,-0.32207786370151675,-0.32207786370151675,-0.32207786370151675,-0.32207786370151675,0.0,0.0,0.0,22.906896033580253
125,2019-06-30,23.227294633102815,18.78704323657583,31.765369958244435,23.227294633102815,23.227294633102815,2.214039125473373,2.214039125473373,2.214039125473373,2.214039125473373,2.214039125473373,2.214039125473373,0.0,0.0,0.0,25.44133375857619
126,2019-07-31,23.225559393451228,18.342436389192066,31.273003136987768,23.225559393451228,23.225559393451228,1.2677296158524853,1.2677296158524853,1.2677296158524853,1.2677296158524853,1.2677296158524853,1.2677296158524853,0.0,0.0,0.0,24.493289009303712
127,2019-08-31,23.224646071351064,17.07173908578601,30.041134431644117,23.224646071351064,23.224646071351064,0.660264641416469,0.660264641416469,0.660264641416469,0.660264641416469,0.660264641416469,0.660264641416469,0.0,0.0,0.0,23.88491071276753
128,2019-09-30,23.223762211254126,14.870830902672592,27.98416347972091,23.223762211254126,23.223762211254126,-1.8178976814936874,-1.8178976814936874,-1.8178976814936874,-1.8178976814936874,-1.8178976814936874,-1.8178976814936874,0.0,0.0,0.0,21.40586452976044
129,2019-10-31,23.22284888915397,18.963657082498933,31.87438550432057,23.22284888915397,23.22284888915397,2.300441018829905,2.300441018829905,2.300441018829905,2.300441018829905,2.300441018829905,2.300441018829905,0.0,0.0,0.0,25.523289907983873
130,2019-11-30,23.22196502905703,17.548855988910088,30.926009632991956,23.22196502905703,23.22196502905703,1.2266442099556798,1.2266442099556798,1.2266442099556798,1.2266442099556798,1.2266442099556798,1.2266442099556798,0.0,0.0,0.0,24.44860923901271
131,2019-12-31,23.22105170695687,14.474960783198174,28.035688535499677,23.22105170695687,23.22105170695687,-1.5929571656970147,-1.5929571656970147,-1.5929571656970147,-1.5929571656970147,-1.5929571656970147,-1.5929571656970147,0.0,0.0,0.0,21.628094541259856
132,2020-01-31,23.220138384856707,12.921858904837583,26.84224405736844,23.220138384856707,23.220138384856707,-3.160712611025211,-3.160712611025211,-3.160712611025211,-3.160712611025211,-3.160712611025211,-3.160712611025211,0.0,0.0,0.0,20.059425773831496
133,2020-02-29,23.21928585662833,18.132481183402103,31.35294146275981,23.21928585662833,23.21928585662833,1.9110155939571487,1.9110155939571487,1.9110155939571487,1.9110155939571487,1.9110155939571487,1.9110155939571487,0.0,0.0,0.0,25.130301450585478
134,2020-03-31,23.218374533349717,16.54349159186565,30.092367824822844,23.218374533349717,23.218374533349717,-0.2530909562075666,-0.2530909562075666,-0.2530909562075666,-0.2530909562075666,-0.2530909562075666,-0.2530909562075666,0.0,0.0,0.0,22.965283577142152
135,2020-04-30,23.217492607596224,14.297030616429348,27.756964920266725,23.217492607596224,23.217492607596224,-2.1380507419085144,-2.1380507419085144,-2.1380507419085144,-2.1380507419085144,-2.1380507419085144,-2.1380507419085144,0.0,0.0,0.0,21.07944186568771
136,2020-05-31,23.216581284317616,16.181955788370985,29.748608906142824,23.216581284317616,23.216581284317616,-0.40036702587476347,-0.40036702587476347,-0.40036702587476347,-0.40036702587476347,-0.40036702587476347,-0.40036702587476347,0.0,0.0,0.0,22.81621425844285
137,2020-06-30,23.21569935856412,18.89758863336852,32.03497803553686,23.21569935856412,23.21569935856412,2.078727812410663,2.078727812410663,2.078727812410663,2.078727812410663,2.078727812410663,2.078727812410663,0.0,0.0,0.0,25.29442717097478
138,2020-07-31,23.214788044054153,18.071799967608662,31.337817604459058,23.214788044054153,23.214788044054153,1.4581977070678644,1.4581977070678644,1.4581977070678644,1.4581977070678644,1.4581977070678644,1.4581977070678644,0.0,0.0,0.0,24.672985751122017
139,2020-08-31,23.213876729544186,17.31445737524744,30.578445882683933,23.213876729544186,23.213876729544186,0.7262493573964143,0.7262493573964143,0.7262493573964143,0.7262493573964143,0.7262493573964143,0.7262493573964143,0.0,0.0,0.0,23.9401260869406
140,2020-09-30,23.21299481227647,14.599070217145773,28.137744007678652,23.21299481227647,23.21299481227647,-1.8591092504097682,-1.8591092504097682,-1.8591092504097682,-1.8591092504097682,-1.8591092504097682,-1.8591092504097682,0.0,0.0,0.0,21.3538855618667
141,2020-10-31,23.212083497766503,18.784570086224186,32.17245805363786,23.212083497766503,23.212083497766503,2.34180571158832,2.34180571158832,2.34180571158832,2.34180571158832,2.34180571158832,2.34180571158832,0.0,0.0,0.0,25.553889209354825
142,2020-11-30,23.211201580498795,17.335849974187845,30.957277892736666,23.211201580498795,23.211201580498795,1.0517923889907288,1.0517923889907288,1.0517923889907288,1.0517923889907288,1.0517923889907288,1.0517923889907288,0.0,0.0,0.0,24.262993969489525
143,2020-12-31,23.210290265988828,15.048087683651802,28.406835643083195,23.210290265988828,23.210290265988828,-1.5658036596029479,-1.5658036596029479,-1.5658036596029479,-1.5658036596029479,-1.5658036596029479,-1.5658036596029479,0.0,0.0,0.0,21.64448660638588
144,2021-01-31,23.20937895521936,13.066850116020106,26.331954615469684,23.20937895521936,23.20937895521936,-3.1544637315144586,-3.1544637315144586,-3.1544637315144586,-3.1544637315144586,-3.1544637315144586,-3.1544637315144586,0.0,0.0,0.0,20.054915223704903
145,2021-02-28,23.20855583581468,18.450587729635863,31.850803353200757,23.20855583581468,23.20855583581468,1.9111599714259238,1.9111599714259238,1.9111599714259238,1.9111599714259238,1.9111599714259238,1.9111599714259238,0.0,0.0,0.0,25.119715807240603
146,2021-03-31,23.207644525045215,16.49132310442488,28.839144828323963,23.207644525045215,23.207644525045215,-0.3286046325546163,-0.3286046325546163,-0.3286046325546163,-0.3286046325546163,-0.3286046325546163,-0.3286046325546163,0.0,0.0,0.0,22.8790398924906
147,2021-04-30,23.206762611397345,14.4037260265006,27.764890778844446,23.206762611397345,23.206762611397345,-2.107361089474576,-2.107361089474576,-2.107361089474576,-2.107361089474576,-2.107361089474576,-2.107361089474576,0.0,0.0,0.0,21.09940152192277
148,2021-05-31,23.205851300627877,16.200630963689505,29.07141255162175,23.205851300627877,23.205851300627877,-0.3748179425487847,-0.3748179425487847,-0.3748179425487847,-0.3748179425487847,-0.3748179425487847,-0.3748179425487847,0.0,0.0,0.0,22.831033358079093
149,2021-06-30,23.204969386980004,18.915342408769984,31.618078791903297,23.204969386980004,23.204969386980004,2.1261817676273447,2.1261817676273447,2.1261817676273447,2.1261817676273447,2.1261817676273447,2.1261817676273447,0.0,0.0,0.0,25.331151154607348
150,2021-07-31,23.204058076210536,17.712545410420947,31.53167930008551,23.204058076210536,23.204058076210536,1.3961303958921876,1.3961303958921876,1.3961303958921876,1.3961303958921876,1.3961303958921876,1.3961303958921876,0.0,0.0,0.0,24.600188472102722
151,2021-08-31,23.20314676544107,17.413020560226602,30.336235893492958,23.20314676544107,23.20314676544107,0.7037325603601975,0.7037325603601975,0.7037325603601975,0.7037325603601975,0.7037325603601975,0.7037325603601975,0.0,0.0,0.0,23.906879325801267
152,2021-09-30,23.202264851793203,14.962007173988813,28.618824914731093,23.202264851793203,23.202264851793203,-1.8473117059371142,-1.8473117059371142,-1.8473117059371142,-1.8473117059371142,-1.8473117059371142,-1.8473117059371142,0.0,0.0,0.0,21.35495314585609
153,2021-10-31,23.201353541023735,19.08488375022741,32.1011001001365,23.201353541023735,23.201353541023735,2.328263374997558,2.328263374997558,2.328263374997558,2.328263374997558,2.328263374997558,2.328263374997558,0.0,0.0,0.0,25.529616916021293
154,2021-11-30,23.20047162737586,17.841093969812725,30.78444461857002,23.20047162737586,23.20047162737586,1.1105487977081314,1.1105487977081314,1.1105487977081314,1.1105487977081314,1.1105487977081314,1.1105487977081314,0.0,0.0,0.0,24.311020425083992
155,2021-12-31,23.199560316606394,15.097880309280434,27.804724159445136,23.199560316606394,23.199560316606394,-1.5744691245353182,-1.5744691245353182,-1.5744691245353182,-1.5744691245353182,-1.5744691245353182,-1.5744691245353182,0.0,0.0,0.0,21.625091192071075
156,2022-01-31,23.198649005836927,13.150806936525745,26.11056849116379,23.198649005836927,23.198649005836927,-3.1576999655167928,-3.1576999655167928,-3.1576999655167928,-3.1576999655167928,-3.1576999655167928,-3.1576999655167928,0.0,0.0,0.0,20.040949040320136
157,2022-02-28,23.19782588643225,18.09892509113688,32.19399197203033,23.19782588643225,23.19782588643225,1.9088550408795344,1.9088550408795344,1.9088550408795344,1.9088550408795344,1.9088550408795344,1.9088550408795344,0.0,0.0,0.0,25.106680927311782
158,2022-03-31,23.19691457566278,16.412830700308614,29.879523939882283,23.19691457566278,23.19691457566278,-0.4036073954727651,-0.4036073954727651,-0.4036073954727651,-0.4036073954727651,-0.4036073954727651,-0.4036073954727651,0.0,0.0,0.0,22.793307180190016
159,2022-04-30,23.19603266201491,13.975081426753775,27.9470516398976,23.19603266201491,23.19603266201491,-2.074149046360256,-2.074149046360256,-2.074149046360256,-2.074149046360256,-2.074149046360256,-2.074149046360256,0.0,0.0,0.0,21.121883615654657
160,2022-05-31,23.195121351245444,16.671824478691544,29.576392539699363,23.195121351245444,23.195121351245444,-0.3486944167718453,-0.3486944167718453,-0.3486944167718453,-0.3486944167718453,-0.3486944167718453,-0.3486944167718453,0.0,0.0,0.0,22.846426934473598
161,2022-06-30,23.19423943759757,18.73767259406715,31.919859120800485,23.19423943759757,23.19423943759757,2.1713041358589393,2.1713041358589393,2.1713041358589393,2.1713041358589393,2.1713041358589393,2.1713041358589393,0.0,0.0,0.0,25.36554357345651
162,2022-07-31,23.193328126828103,17.636823416199167,31.053513748132563,23.193328126828103,23.193328126828103,1.3326150874595493,1.3326150874595493,1.3326150874595493,1.3326150874595493,1.3326150874595493,1.3326150874595493,0.0,0.0,0.0,24.52594321428765
163,2022-08-31,23.192416816058635,16.77724696317375,30.43462352281211,23.192416816058635,23.192416816058635,0.6817162565320204,0.6817162565320204,0.6817162565320204,0.6817162565320204,0.6817162565320204,0.6817162565320204,0.0,0.0,0.0,23.874133072590656
164,2022-09-30,23.19153490241077,14.459909701768119,28.064878765500744,23.19153490241077,23.19153490241077,-1.8335694643573608,-1.8335694643573608,-1.8335694643573608,-1.8335694643573608,-1.8335694643573608,-1.8335694643573608,0.0,0.0,0.0,21.35796543805341
165,2022-10-31,23.190623591641298,18.557657262005556,32.33131392179774,23.190623591641298,23.190623591641298,2.3144821194077068,2.3144821194077068,2.3144821194077068,2.3144821194077068,2.3144821194077068,2.3144821194077068,0.0,0.0,0.0,25.505105711049005
166,2022-11-30,23.18974167799343,17.533434526440825,30.79340361897232,23.18974167799343,23.18974167799343,1.1688460891720853,1.1688460891720853,1.1688460891720853,1.1688460891720853,1.1688460891720853,1.1688460891720853,0.0,0.0,0.0,24.358587767165513
167,2022-12-31,23.18883036722396,14.888117780331307,27.79769906227748,23.18883036722396,23.18883036722396,-1.5835265616100977,-1.5835265616100977,-1.5835265616100977,-1.5835265616100977,-1.5835265616100977,-1.5835265616100977,0.0,0.0,0.0,21.605303805613865
168,2023-01-31,23.187919056454493,13.297620943990927,26.265090066305454,23.187919056454493,23.187919056454493,-3.1597757874864723,-3.1597757874864723,-3.1597757874864723,-3.1597757874864723,-3.1597757874864723,-3.1597757874864723,0.0,0.0,0.0,20.028143268968023
169,2023-02-28,23.187095937049815,18.142692412553778,31.2710070941743,23.187095937049815,23.187095937049815,1.9041084169208755,1.9041084169208755,1.9041084169208755,1.9041084169208755,1.9041084169208755,1.9041084169208755,0.0,0.0,0.0,25.09120435397069
170,2023-03-31,23.186184626280347,15.72806715149316,29.58462879356813,23.186184626280347,23.186184626280347,-0.47799283388050623,-0.47799283388050623,-0.47799283388050623,-0.47799283388050623,-0.47799283388050623,-0.47799283388050623,0.0,0.0,0.0,22.70819179239984
171,2023-04-30,23.185302712632474,14.663235097716584,27.88219488934757,23.185302712632474,23.185302712632474,-2.0384445687096675,-2.0384445687096675,-2.0384445687096675,-2.0384445687096675,-2.0384445687096675,-2.0384445687096675,0.0,0.0,0.0,21.146858143922806
172,2023-05-31,23.184391401863007,15.710087779966827,29.86527660207826,23.184391401863007,23.184391401863007,-0.32207786370178654,-0.32207786370178654,-0.32207786370178654,-0.32207786370178654,-0.32207786370178654,-0.32207786370178654,0.0,0.0,0.0,22.86231353816122
173,2023-06-30,23.183509488215137,19.02362953826827,31.891698028972588,23.183509488215137,23.183509488215137,2.214039125473585,2.214039125473585,2.214039125473585,2.214039125473585,2.214039125473585,2.214039125473585,0.0,0.0,0.0,25.39754861368872
174,2023-07-31,23.18259817744567,17.966596399468905,31.167281828359492,23.18259817744567,23.18259817744567,1.2677296158526987,1.2677296158526987,1.2677296158526987,1.2677296158526987,1.2677296158526987,1.2677296158526987,0.0,0.0,0.0,24.450327793298367
175,2023-08-31,23.181686866676202,17.017409792201054,30.53314770395224,23.181686866676202,23.181686866676202,0.660264641416526,0.660264641416526,0.660264641416526,0.660264641416526,0.660264641416526,0.660264641416526,0.0,0.0,0.0,23.841951508092727
176,2023-09-30,23.180804953028332,15.1496333226852,28.218793040448862,23.180804953028332,23.180804953028332,-1.8178976814935126,-1.8178976814935126,-1.8178976814935126,-1.8178976814935126,-1.8178976814935126,-1.8178976814935126,0.0,0.0,0.0,21.36290727153482
177,2023-10-31,23.179893642258865,19.058937440573057,32.37208373356025,23.179893642258865,23.179893642258865,2.300441018829906,2.300441018829906,2.300441018829906,2.300441018829906,2.300441018829906,2.300441018829906,0.0,0.0,0.0,25.48033466108877
178,2023-11-30,23.179011728610995,17.89571366909131,30.976768404364176,23.179011728610995,23.179011728610995,1.2266442099561279,1.2266442099561279,1.2266442099561279,1.2266442099561279,1.2266442099561279,1.2266442099561279,0.0,0.0,0.0,24.405655938567122
179,2023-12-31,23.178100417841527,14.363511354183844,28.298832749270137,23.178100417841527,23.178100417841527,-1.5929571656969974,-1.5929571656969974,-1.5929571656969974,-1.5929571656969974,-1.5929571656969974,-1.5929571656969974,0.0,0.0,0.0,21.58514325214453
180,2024-01-01,23.17807102071993,15.2858818491861,27.933475380179548,23.17807102071993,23.17807102071993,-1.5575482207455877,-1.5575482207455877,-1.5575482207455877,-1.5575482207455877,-1.5575482207455877,-1.5575482207455877,0.0,0.0,0.0,21.620522799974342
181,2024-01-02,23.178041623598336,15.408627752342179,28.025253252333933,23.178041623598336,23.178041623598336,-1.5289611360963955,-1.5289611360963955,-1.5289611360963955,-1.5289611360963955,-1.5289611360963955,-1.5289611360963955,0.0,0.0,0.0,21.64908048750194
182,2024-01-03,23.178012226476742,14.99075326430448,28.622999336784748,23.178012226476742,23.178012226476742,-1.5081795138096068,-1.5081795138096068,-1.5081795138096068,-1.5081795138096068,-1.5081795138096068,-1.5081795138096068,0.0,0.0,0.0,21.669832712667134
183,2024-01-04,23.17798282935514,15.254807176710754,28.65785145918071,23.17798282935514,23.17798282935514,-1.4959885563444641,-1.4959885563444641,-1.4959885563444641,-1.4959885563444641,-1.4959885563444641,-1.4959885563444641,0.0,0.0,0.0,21.681994273010677
184,2024-01-05,23.177953432233547,15.192216033819118,28.20748314353137,23.177953432233547,23.177953432233547,-1.4929759861461316,-1.4929759861461316,-1.4929759861461316,-1.4929759861461316,-1.4929759861461316,-1.4929759861461316,0.0,0.0,0.0,21.684977446087416
185,2024-01-06,23.17792403511195,14.705376891900297,28.289252690185428,23.17792403511195,23.17792403511195,-1.4995367094619403,-1.4995367094619403,-1.4995367094619403,-1.4995367094619403,-1.4995367094619403,-1.4995367094619403,0.0,0.0,0.0,21.67838732565001
186,2024-01-07,23.177894637990356,15.019016594532365,28.14871959153589,23.177894637990356,23.177894637990356,-1.5158805620041327,-1.5158805620041327,-1.5158805620041327,-1.5158805620041327,-1.5158805620041327,-1.5158805620041327,0.0,0.0,0.0,21.662014075986225
187,2024-01-08,23.177865240868762,14.797084783489934,28.167150731727013,23.177865240868762,23.177865240868762,-1.5420424202826473,-1.5420424202826473,-1.5420424202826473,-1.5420424202826473,-1.5420424202826473,-1.5420424202826473,0.0,0.0,0.0,21.635822820586114
188,2024-01-09,23.177835843747165,15.33621857337546,28.552700631826525,23.177835843747165,23.177835843747165,-1.5778939413940463,-1.5778939413940463,-1.5778939413940463,-1.5778939413940463,-1.5778939413940463,-1.5778939413940463,0.0,0.0,0.0,21.59994190235312
189,2024-01-10,23.17780644662557,14.819703514882285,28.283352122786788,23.17780644662557,23.17780644662557,-1.6231562056229225,-1.6231562056229225,-1.6231562056229225,-1.6231562056229225,-1.6231562056229225,-1.6231562056229225,0.0,0.0,0.0,21.554650241002648
190,2024-01-11,23.177777049503977,14.484957953408415,28.28317719879684,23.177777049503977,23.177777049503977,-1.6774125792430432,-1.6774125792430432,-1.6774125792430432,-1.6774125792430432,-1.6774125792430432,-1.6774125792430432,0.0,0.0,0.0,21.500364470260934
191,2024-01-12,23.177747652382376,15.140647279378475,28.010322530232695,23.177747652382376,23.177747652382376,-1.7401211867558122,-1.7401211867558122,-1.7401211867558122,-1.7401211867558122,-1.7401211867558122,-1.7401211867558122,0.0,0.0,0.0,21.437626465626565
192,2024-01-13,23.17771825526078,14.778999423046521,27.68275136900034,23.17771825526078,23.17771825526078,-1.8106264790627877,-1.8106264790627877,-1.8106264790627877,-1.8106264790627877,-1.8106264790627877,-1.8106264790627877,0.0,0.0,0.0,21.36709177619799
193,2024-01-14,23.177688858139184,14.920649585193656,27.78850937154986,23.177688858139184,23.177688858139184,-1.8881695021525629,-1.8881695021525629,-1.8881695021525629,-1.8881695021525629,-1.8881695021525629,-1.8881695021525629,0.0,0.0,0.0,21.28951935598662
194,2024-01-15,23.17765946101759,14.33079453742687,27.970664662862195,23.17765946101759,23.17765946101759,-1.9718966045182167,-1.9718966045182167,-1.9718966045182167,-1.9718966045182167,-1.9718966045182167,-1.9718966045182167,0.0,0.0,0.0,21.205762856499373
195,2024-01-16,23.177630063895993,14.158654593821316,27.65453658357864,23.177630063895993,23.177630063895993,-2.0608664648501778,-2.0608664648501778,-2.0608664648501778,-2.0608664648501778,-2.0608664648501778,-2.0608664648501778,0.0,0.0,0.0,21.116763599045814
196,2024-01-17,23.1776006667744,15.0725261057924,27.812348018002954,23.1776006667744,23.1776006667744,-2.154055468255415,-2.154055468255415,-2.154055468255415,-2.154055468255415,-2.154055468255415,-2.154055468255415,0.0,0.0,0.0,21.023545198518985
197,2024-01-18,23.177571269652805,14.345454683194482,27.26994923712025,23.177571269652805,23.177571269652805,-2.250361603023282,-2.250361603023282,-2.250361603023282,-2.250361603023282,-2.250361603023282,-2.250361603023282,0.0,0.0,0.0,20.927209666629523
198,2024-01-19,23.177541872531208,14.278934990173083,27.442815094156252,23.177541872531208,23.177541872531208,-2.3486071843347425,-2.3486071843347425,-2.3486071843347425,-2.3486071843347425,-2.3486071843347425,-2.3486071843347425,0.0,0.0,0.0,20.828934688196465
199,2024-01-20,23.17751247540961,14.197985462505276,27.220678366122296,23.17751247540961,23.17751247540961,-2.4475408304330326,-2.4475408304330326,-2.4475408304330326,-2.4475408304330326,-2.4475408304330326,-2.4475408304330326,0.0,0.0,0.0,20.72997164497658
200,2024-01-21,23.177483078288013,13.789929833813135,27.246093710543985,23.177483078288013,23.177483078288013,-2.5458392150503744,-2.5458392150503744,-2.5458392150503744,-2.5458392150503744,-2.5458392150503744,-2.5458392150503744,0.0,0.0,0.0,20.631643863237638
201,2024-01-22,23.17745368116642,13.72103802491264,26.805779745320237,23.17745368116642,23.17745368116642,-2.642109192689742,-2.642109192689742,-2.642109192689742,-2.642109192689742,-2.642109192689742,-2.642109192689742,0.0,0.0,0.0,20.535344488476678
202,2024-01-23,23.177424284044825,13.565370593974201,27.101976588848032,23.177424284044825,23.177424284044825,-2.7348909368686614,-2.7348909368686614,-2.7348909368686614,-2.7348909368686614,-2.7348909368686614,-2.7348909368686614,0.0,0.0,0.0,20.442533347176163
203,2024-01-24,23.177394886923228,13.863265494414456,27.197708724314857,23.177394886923228,23.177394886923228,-2.8226627429257007,-2.8226627429257007,-2.8226627429257007,-2.8226627429257007,-2.8226627429257007,-2.8226627429257007,0.0,0.0,0.0,20.354732143997527
