,ds,trend,yhat_lower,yhat_upper,trend_lower,trend_upper,additive_terms,additive_terms_lower,additive_terms_upper,yearly,yearly_lower,yearly_upper,multiplicative_terms,multiplicative_terms_lower,multiplicative_terms_upper,yhat
0,2010-01-31,16.289001,10.679581484584567,20.008091221822795,16.289001,16.289001,-0.9828586719865144,-0.9828586719865144,-0.9828586719865144,-0.9828586719865144,-0.9828586719865144,-0.9828586719865144,0.0,0.0,0.0,15.306142328013484
1,2010-02-28,16.271191564049587,11.880273328670858,20.698384050388263,16.271191564049587,16.271191564049587,-0.055339616827007096,-0.055339616827007096,-0.055339616827007096,-0.055339616827007096,-0.055339616827007096,-0.055339616827007096,0.0,0.0,0.0,16.215851947222582
2,2010-03-31,16.251473974247343,10.705501945638398,19.89075861535373,16.251473974247343,16.251473974247343,-0.6780248539509814,-0.6780248539509814,-0.6780248539509814,-0.6780248539509814,-0.6780248539509814,-0.6780248539509814,0.0,0.0,0.0,15.573449120296361
3,2010-04-30,16.232392435729043,11.581516339834218,20.759861603089416,16.232392435729043,16.232392435729043,-0.07297480983887542,-0.07297480983887542,-0.07297480983887542,-0.07297480983887542,-0.07297480983887542,-0.07297480983887542,0.0,0.0,0.0,16.159417625890168
4,2010-05-31,16.2126748459268,10.496182699370527,19.937423935462665,16.2126748459268,16.2126748459268,-1.0519094859403095,-1.0519094859403095,-1.0519094859403095,-1.0519094859403095,-1.0519094859403095,-1.0519094859403095,0.0,0.0,0.0,15.160765359986488
5,2010-06-30,16.193593307408502,11.84910707139228,21.105612389918253,16.193593307408502,16.193593307408502,0.5018355701373268,0.5018355701373268,0.5018355701373268,0.5018355701373268,0.5018355701373268,0.5018355701373268,0.0,0.0,0.0,16.69542887754583
6,2010-07-31,16.173875709198892,12.222533054764453,21.537141395763722,16.173875709198892,16.173875709198892,0.6718258735367935,0.6718258735367935,0.6718258735367935,0.6718258735367935,0.6718258735367935,0.6718258735367935,0.0,0.0,0.0,16.845701582735686
7,2010-08-31,16.154158110989282,11.058202424584188,20.582066819052432,16.154158110989282,16.154158110989282,-0.3900941832148416,-0.3900941832148416,-0.3900941832148416,-0.3900941832148416,-0.3900941832148416,-0.3900941832148416,0.0,0.0,0.0,15.76406392777444
8,2010-09-30,16.135076564334824,8.575902412348276,18.0922097176728,16.135076564334824,16.135076564334824,-2.929350988085437,-2.929350988085437,-2.929350988085437,-2.929350988085437,-2.929350988085437,-2.929350988085437,0.0,0.0,0.0,13.205725576249387
9,2010-10-31,16.115358966125214,10.816301504697789,20.116938286676582,16.115358966125214,16.115358966125214,-0.5824078437860997,-0.5824078437860997,-0.5824078437860997,-0.5824078437860997,-0.5824078437860997,-0.5824078437860997,0.0,0.0,0.0,15.532951122339114
10,2010-11-30,16.096277419470756,11.701885855383514,21.003824273400532,16.096277419470756,16.096277419470756,0.34581654529602485,0.34581654529602485,0.34581654529602485,0.34581654529602485,0.34581654529602485,0.34581654529602485,0.0,0.0,0.0,16.44209396476678
11,2010-12-31,16.076559820622087,14.090130543652359,23.434121457843283,16.076559820622087,16.076559820622087,2.669231851354782,2.669231851354782,2.669231851354782,2.669231851354782,2.669231851354782,2.669231851354782,0.0,0.0,0.0,18.745791671976868
12,2011-01-31,16.05684222177342,10.603881333944116,20.11252306078853,16.05684222177342,16.05684222177342,-0.6902430376019774,-0.6902430376019774,-0.6902430376019774,-0.6902430376019774,-0.6902430376019774,-0.6902430376019774,0.0,0.0,0.0,15.366599184171442
13,2011-02-28,16.03903277765204,11.224670578815967,20.306757597252517,16.03903277765204,16.03903277765204,-0.6557337327116292,-0.6557337327116292,-0.6557337327116292,-0.6557337327116292,-0.6557337327116292,-0.6557337327116292,0.0,0.0,0.0,15.38329904494041
14,2011-03-31,16.019315178803375,10.438523180065006,19.698058940201665,16.019315178803375,16.019315178803375,-0.8852061847628308,-0.8852061847628308,-0.8852061847628308,-0.8852061847628308,-0.8852061847628308,-0.8852061847628308,0.0,0.0,0.0,15.134108994040544
15,2011-04-30,16.00023363153047,11.410312918436322,20.964173546424593,16.00023363153047,16.00023363153047,0.1385237550345691,0.1385237550345691,0.1385237550345691,0.1385237550345691,0.1385237550345691,0.1385237550345691,0.0,0.0,0.0,16.13875738656504
16,2011-05-31,15.980516032681802,10.413990013142609,19.973464511552336,15.980516032681802,15.980516032681802,-0.756576983902092,-0.756576983902092,-0.756576983902092,-0.756576983902092,-0.756576983902092,-0.756576983902092,0.0,0.0,0.0,15.22393904877971
17,2011-06-30,15.961434479570897,11.654126571126088,20.84911754209782,15.961434479570897,15.961434479570897,0.7158260115631917,0.7158260115631917,0.7158260115631917,0.7158260115631917,0.7158260115631917,0.7158260115631917,0.0,0.0,0.0,16.67726049113409
18,2011-07-31,15.941716874689629,11.886084112776137,21.159140589115758,15.941716874689629,15.941716874689629,0.6192141123461986,0.6192141123461986,0.6192141123461986,0.6192141123461986,0.6192141123461986,0.6192141123461986,0.0,0.0,0.0,16.560930987035828
19,2011-08-31,15.92199926980836,9.942944046285753,19.7930055576815,15.92199926980836,15.92199926980836,-0.8538757293125078,-0.8538757293125078,-0.8538757293125078,-0.8538757293125078,-0.8538757293125078,-0.8538757293125078,0.0,0.0,0.0,15.068123540495852
20,2011-09-30,15.902917716697454,8.172475167396113,17.97386681406548,15.902917716697454,15.902917716697454,-2.9640251942622666,-2.9640251942622666,-2.9640251942622666,-2.9640251942622666,-2.9640251942622666,-2.9640251942622666,0.0,0.0,0.0,12.938892522435188
21,2011-10-31,15.883200111816183,10.62357089729955,20.43872408709638,15.883200111816183,15.883200111816183,-0.5637129140151319,-0.5637129140151319,-0.5637129140151319,-0.5637129140151319,-0.5637129140151319,-0.5637129140151319,0.0,0.0,0.0,15.31948719780105
22,2011-11-30,15.864118562462375,11.79853895035173,21.49895646188946,15.864118562462375,15.864118562462375,0.5102658723509513,0.5102658723509513,0.5102658723509513,0.5102658723509513,0.5102658723509513,0.5102658723509513,0.0,0.0,0.0,16.374384434813326
23,2011-12-31,15.84440096146344,13.68062861782205,23.39919160965581,15.84440096146344,15.84440096146344,2.9064062374429955,2.9064062374429955,2.9064062374429955,2.9064062374429955,2.9064062374429955,2.9064062374429955,0.0,0.0,0.0,18.750807198906436
24,2012-01-31,15.824683360464503,10.64330534959141,19.92364105371128,15.824683360464503,15.824683360464503,-0.409760107462337,-0.409760107462337,-0.409760107462337,-0.409760107462337,-0.409760107462337,-0.409760107462337,0.0,0.0,0.0,15.414923253002167
25,2012-02-29,15.806237862755824,11.886085321075008,21.838805152732313,15.806237862755824,15.806237862755824,1.1303956862885796,1.1303956862885796,1.1303956862885796,1.1303956862885796,1.1303956862885796,1.1303956862885796,0.0,0.0,0.0,16.9366335490444
26,2012-03-31,15.78652026175689,10.503841781193097,20.478423736709768,15.78652026175689,15.78652026175689,-0.2268431402413188,-0.2268431402413188,-0.2268431402413188,-0.2268431402413188,-0.2268431402413188,-0.2268431402413188,0.0,0.0,0.0,15.55967712151557
27,2012-04-30,15.7674387105505,10.498221473919711,19.849968147026036,15.7674387105505,15.7674387105505,-0.4634592129682866,-0.4634592129682866,-0.4634592129682866,-0.4634592129682866,-0.4634592129682866,-0.4634592129682866,0.0,0.0,0.0,15.303979497582214
28,2012-05-31,15.747721107637235,9.755218132335054,19.148669749609237,15.747721107637235,15.747721107637235,-1.6355193523129692,-1.6355193523129692,-1.6355193523129692,-1.6355193523129692,-1.6355193523129692,-1.6355193523129692,0.0,0.0,0.0,14.112201755324266
29,2012-06-30,15.728639556430847,11.470190408002495,20.67345604352329,15.728639556430847,15.728639556430847,0.04749477989777389,0.04749477989777389,0.04749477989777389,0.04749477989777389,0.04749477989777389,0.04749477989777389,0.0,0.0,0.0,15.77613433632862
30,2012-07-31,15.708921953517578,11.849338259008322,21.00864963663884,15.708921953517578,15.708921953517578,0.7377679028616808,0.7377679028616808,0.7377679028616808,0.7377679028616808,0.7377679028616808,0.7377679028616808,0.0,0.0,0.0,16.44668985637926
31,2012-08-31,15.689204350604312,11.420167227863704,21.048884805202086,15.689204350604312,15.689204350604312,0.5299522534641529,0.5299522534641529,0.5299522534641529,0.5299522534641529,0.5299522534641529,0.5299522534641529,0.0,0.0,0.0,16.219156604068466
32,2012-09-30,15.670122799734644,8.075736638801516,17.493913785526047,15.670122799734644,15.670122799734644,-2.831502107204743,-2.831502107204743,-2.831502107204743,-2.831502107204743,-2.831502107204743,-2.831502107204743,0.0,0.0,0.0,12.8386206925299
33,2012-10-31,15.650405197169322,10.083597889302863,19.883398390099362,15.650405197169322,15.650405197169322,-0.598369626142488,-0.598369626142488,-0.598369626142488,-0.598369626142488,-0.598369626142488,-0.598369626142488,0.0,0.0,0.0,15.052035571026835
34,2012-11-30,15.631323646299656,10.796114244855628,20.185251600651487,15.631323646299656,15.631323646299656,0.030407009993942805,0.030407009993942805,0.030407009993942805,0.030407009993942805,0.030407009993942805,0.030407009993942805,0.0,0.0,0.0,15.661730656293598
35,2012-12-31,15.61160604373433,13.17087687254716,22.481423033462345,15.61160604373433,15.61160604373433,2.1873087756364757,2.1873087756364757,2.1873087756364757,2.1873087756364757,2.1873087756364757,2.1873087756364757,0.0,0.0,0.0,17.798914819370808
36,2013-01-31,15.591888441169008,10.11156422042414,18.995444702819068,15.591888441169008,15.591888441169008,-1.2873172439689156,-1.2873172439689156,-1.2873172439689156,-1.2873172439689156,-1.2873172439689156,-1.2873172439689156,0.0,0.0,0.0,14.304571197200092
37,2013-02-28,15.574078993690652,11.539060856382589,20.9884306187462,15.574078993690652,15.574078993690652,0.5402884190478884,0.5402884190478884,0.5402884190478884,0.5402884190478884,0.5402884190478884,0.5402884190478884,0.0,0.0,0.0,16.11436741273854
38,2013-03-31,15.554361392514599,10.12539126947379,19.39254277808257,15.554361392514599,15.554361392514599,-0.45843567952161096,-0.45843567952161096,-0.45843567952161096,-0.45843567952161096,-0.45843567952161096,-0.45843567952161096,0.0,0.0,0.0,15.095925712992988
39,2013-04-30,15.535279842989386,10.593066585892332,20.032172245691516,15.535279842989386,15.535279842989386,-0.273727071158458,-0.273727071158458,-0.273727071158458,-0.273727071158458,-0.273727071158458,-0.273727071158458,0.0,0.0,0.0,15.261552771830928
40,2013-05-31,15.515562241813331,9.53540418636935,18.79607410012915,15.515562241813331,15.515562241813331,-1.3450565116468811,-1.3450565116468811,-1.3450565116468811,-1.3450565116468811,-1.3450565116468811,-1.3450565116468811,0.0,0.0,0.0,14.17050573016645
41,2013-06-30,15.496480692288118,10.686599487508625,20.138488136418868,15.496480692288118,15.496480692288118,0.2789405888010406,0.2789405888010406,0.2789405888010406,0.2789405888010406,0.2789405888010406,0.2789405888010406,0.0,0.0,0.0,15.775421281089159
42,2013-07-31,15.476763091112064,11.503860247648479,20.756541396708467,15.476763091112064,15.476763091112064,0.7113843229802329,0.7113843229802329,0.7113843229802329,0.7113843229802329,0.7113843229802329,0.7113843229802329,0.0,0.0,0.0,16.188147414092295
43,2013-08-31,15.457045489623448,10.902528032060285,20.114358316689557,15.457045489623448,15.457045489623448,0.07138760823715219,0.07138760823715219,0.07138760823715219,0.07138760823715219,0.07138760823715219,0.07138760823715219,0.0,0.0,0.0,15.528433097860601
44,2013-09-30,15.437963939795758,7.714638809727593,17.122092556985937,15.437963939795758,15.437963939795758,-2.885111455498806,-2.885111455498806,-2.885111455498806,-2.885111455498806,-2.885111455498806,-2.885111455498806,0.0,0.0,0.0,12.552852484296952
45,2013-10-31,15.418246338307144,10.355116095790189,19.34577787376881,15.418246338307144,15.418246338307144,-0.5939786031312153,-0.5939786031312153,-0.5939786031312153,-0.5939786031312153,-0.5939786031312153,-0.5939786031312153,0.0,0.0,0.0,14.824267735175928
46,2013-11-30,15.399164788479453,10.583270472983093,20.14924224987372,15.399164788479453,15.399164788479453,0.18575611743748446,0.18575611743748446,0.18575611743748446,0.18575611743748446,0.18575611743748446,0.18575611743748446,0.0,0.0,0.0,15.584920905916938
47,2013-12-31,15.379447186990838,13.495558438731246,22.859290869892643,15.379447186990838,15.379447186990838,2.4293921443983186,2.4293921443983186,2.4293921443983186,2.4293921443983186,2.4293921443983186,2.4293921443983186,0.0,0.0,0.0,17.808839331389155
48,2014-01-31,15.35972959287469,9.966271174875889,19.33707025830579,15.35972959287469,15.35972959287469,-0.9828586719864483,-0.9828586719864483,-0.9828586719864483,-0.9828586719864483,-0.9828586719864483,-0.9828586719864483,0.0,0.0,0.0,14.37687092088824
49,2014-02-28,15.341920153027848,10.300470318804155,20.194465033499416,15.341920153027848,15.341920153027848,-0.05533961682678697,-0.05533961682678697,-0.05533961682678697,-0.05533961682678697,-0.05533961682678697,-0.05533961682678697,0.0,0.0,0.0,15.286580536201061
50,2014-03-31,15.322202558911702,9.714225027835523,19.157215515304618,15.322202558911702,15.322202558911702,-0.6780248539511039,-0.6780248539511039,-0.6780248539511039,-0.6780248539511039,-0.6780248539511039,-0.6780248539511039,0.0,0.0,0.0,14.644177704960597
51,2014-04-30,15.303121016218654,10.045413583851309,19.99634373509299,15.303121016218654,15.303121016218654,-0.07297480983805485,-0.07297480983805485,-0.07297480983805485,-0.07297480983805485,-0.07297480983805485,-0.07297480983805485,0.0,0.0,0.0,15.2301462063806
52,2014-05-31,15.28340342210251,9.330457948038445,19.123539367665916,15.28340342210251,15.28340342210251,-1.051909485937802,-1.051909485937802,-1.051909485937802,-1.051909485937802,-1.051909485937802,-1.051909485937802,0.0,0.0,0.0,14.231493936164707
53,2014-06-30,15.264322963651768,10.781329402131979,20.509033842273062,15.264322963651768,15.264322963651768,0.501835570137612,0.501835570137612,0.501835570137612,0.501835570137612,0.501835570137612,0.501835570137612,0.0,0.0,0.0,15.76615853378938
54,2014-07-31,15.244606489919335,11.140672582394519,20.858234466750528,15.244606489919335,15.244606489919335,0.6718258735361138,0.6718258735361138,0.6718258735361138,0.6718258735361138,0.6718258735361138,0.6718258735361138,0.0,0.0,0.0,15.91643236345545
55,2014-08-31,15.2248900161869,10.089647178902768,19.43050124352575,15.2248900161869,15.2248900161869,-0.39009418321868283,-0.39009418321868283,-0.39009418321868283,-0.39009418321868283,-0.39009418321868283,-0.39009418321868283,0.0,0.0,0.0,14.834795832968217
56,2014-09-30,15.205809557736158,7.378913260271049,16.763876596628887,15.205809557736158,15.205809557736158,-2.929350988085209,-2.929350988085209,-2.929350988085209,-2.929350988085209,-2.929350988085209,-2.929350988085209,0.0,0.0,0.0,12.276458569650949
57,2014-10-31,15.186093084003726,9.860356200039226,19.2351956335159,15.186093084003726,15.186093084003726,-0.5824078437857008,-0.5824078437857008,-0.5824078437857008,-0.5824078437857008,-0.5824078437857008,-0.5824078437857008,0.0,0.0,0.0,14.603685240218025
58,2014-11-30,15.167012625552983,10.686672040255852,19.909604746150055,15.167012625552983,15.167012625552983,0.34581654529568145,0.34581654529568145,0.34581654529568145,0.34581654529568145,0.34581654529568145,0.34581654529568145,0.0,0.0,0.0,15.512829170848665
59,2014-12-31,15.147296864238065,12.831335431919886,22.481712240389765,15.147296864238065,15.147296864238065,2.6692318513514874,2.6692318513514874,2.6692318513514874,2.6692318513514874,2.6692318513514874,2.6692318513514874,0.0,0.0,0.0,17.816528715589552
60,2015-01-31,15.127581102923145,9.941795773091334,19.467218000434233,15.127581102923145,15.127581102923145,-0.6902430376018218,-0.6902430376018218,-0.6902430376018218,-0.6902430376018218,-0.6902430376018218,-0.6902430376018218,0.0,0.0,0.0,14.437338065321324
61,2015-02-28,15.109773318509673,9.717549344939874,19.082984618607068,15.109773318509673,15.109773318509673,-0.6557337327105771,-0.6557337327105771,-0.6557337327105771,-0.6557337327105771,-0.6557337327105771,-0.6557337327105771,0.0,0.0,0.0,14.454039585799096
62,2015-03-31,15.090057557194752,9.258277026055817,18.725234225842527,15.090057557194752,15.090057557194752,-0.8852061847624462,-0.8852061847624462,-0.8852061847624462,-0.8852061847624462,-0.8852061847624462,-0.8852061847624462,0.0,0.0,0.0,14.204851372432307
63,2015-04-30,15.070977788180317,10.380424186974814,20.231454488541964,15.070977788180317,15.070977788180317,0.13852375503498845,0.13852375503498845,0.13852375503498845,0.13852375503498845,0.13852375503498845,0.13852375503498845,0.0,0.0,0.0,15.209501543215305
64,2015-05-31,15.05136485409872,9.42816205094776,18.933282757909787,15.05136485409872,15.05136485409872,-0.7565769839021876,-0.7565769839021876,-0.7565769839021876,-0.7565769839021876,-0.7565769839021876,-0.7565769839021876,0.0,0.0,0.0,14.294787870196533
65,2015-06-30,15.032384595310079,11.006793993705354,20.498231925868865,15.032384595310079,15.032384595310079,0.7158260115631279,0.7158260115631279,0.7158260115631279,0.7158260115631279,0.7158260115631279,0.7158260115631279,0.0,0.0,0.0,15.748210606873206
66,2015-07-31,15.012771661228486,10.545171876636507,20.492321985734353,15.012771661228486,15.012771661228486,0.619214112346126,0.619214112346126,0.619214112346126,0.619214112346126,0.619214112346126,0.619214112346126,0.0,0.0,0.0,15.631985773574613
67,2015-08-31,14.99315872714689,9.466135625804066,18.940892576595758,14.99315872714689,14.99315872714689,-0.8538757293134576,-0.8538757293134576,-0.8538757293134576,-0.8538757293134576,-0.8538757293134576,-0.8538757293134576,0.0,0.0,0.0,14.139282997833432
68,2015-09-30,14.974178468358248,7.142062195329428,16.58137322290456,14.974178468358248,14.974178468358248,-2.9640251942613256,-2.9640251942613256,-2.9640251942613256,-2.9640251942613256,-2.9640251942613256,-2.9640251942613256,0.0,0.0,0.0,12.010153274096922
69,2015-10-31,14.9545807769643,9.324797984814396,18.81960573315382,14.9545807769643,14.9545807769643,-0.5637129140138732,-0.5637129140138732,-0.5637129140138732,-0.5637129140138732,-0.5637129140138732,-0.5637129140138732,0.0,0.0,0.0,14.390867862950428
70,2015-11-30,14.935615269163709,10.652350745184643,20.114266264563955,14.935615269163709,14.935615269163709,0.5102658723503796,0.5102658723503796,0.5102658723503796,0.5102658723503796,0.5102658723503796,0.5102658723503796,0.0,0.0,0.0,15.445881141514088
71,2015-12-31,14.916017577769761,13.216700233855772,22.188079829787448,14.916017577769761,14.916017577769761,2.9064062374452266,2.9064062374452266,2.9064062374452266,2.9064062374452266,2.9064062374452266,2.9064062374452266,0.0,0.0,0.0,17.82242381521499
72,2016-01-31,14.896419886375813,9.769335277507347,19.341605423122225,14.896419886375813,14.896419886375813,-0.40976010746252384,-0.40976010746252384,-0.40976010746252384,-0.40976010746252384,-0.40976010746252384,-0.40976010746252384,0.0,0.0,0.0,14.486659778913289
73,2016-02-29,14.878086562168575,11.565319131033034,20.444921850853618,14.878086562168575,14.878086562168575,1.1303956862912314,1.1303956862912314,1.1303956862912314,1.1303956862912314,1.1303956862912314,1.1303956862912314,0.0,0.0,0.0,16.008482248459806
74,2016-03-31,14.85905597670438,9.815012875545264,19.21820480856491,14.85905597670438,14.85905597670438,-0.2268431402436667,-0.2268431402436667,-0.2268431402436667,-0.2268431402436667,-0.2268431402436667,-0.2268431402436667,0.0,0.0,0.0,14.632212836460713
75,2016-04-30,14.840639281093868,9.837462356509066,19.249599205584293,14.840639281093868,14.840639281093868,-0.463459212967779,-0.463459212967779,-0.463459212967779,-0.463459212967779,-0.463459212967779,-0.463459212967779,0.0,0.0,0.0,14.377180068126089
76,2016-05-31,14.82160869562967,8.827187022576688,17.953936133412746,14.82160869562967,14.82160869562967,-1.6355193523138882,-1.6355193523138882,-1.6355193523138882,-1.6355193523138882,-1.6355193523138882,-1.6355193523138882,0.0,0.0,0.0,13.186089343315782
77,2016-06-30,14.80319200001916,10.355706802091523,19.7237927029291,14.80319200001916,14.80319200001916,0.04749477990030592,0.04749477990030592,0.04749477990030592,0.04749477990030592,0.04749477990030592,0.04749477990030592,0.0,0.0,0.0,14.850686779919467
78,2016-07-31,14.784161414554964,11.030321797763653,19.86530596738483,14.784161414554964,14.784161414554964,0.737767902861898,0.737767902861898,0.737767902861898,0.737767902861898,0.737767902861898,0.737767902861898,0.0,0.0,0.0,15.521929317416863
79,2016-08-31,14.765130829090767,10.77739475567773,19.645659317290573,14.765130829090767,14.765130829090767,0.5299522534629723,0.5299522534629723,0.5299522534629723,0.5299522534629723,0.5299522534629723,0.5299522534629723,0.0,0.0,0.0,15.29508308255374
80,2016-09-30,14.752242089722877,7.058531046181179,16.679438083610993,14.752242089722877,14.752242089722877,-2.8315021072043662,-2.8315021072043662,-2.8315021072043662,-2.8315021072043662,-2.8315021072043662,-2.8315021072043662,0.0,0.0,0.0,11.92073998251851
81,2016-10-31,14.73892372570939,9.2881697204523,18.882064576985346,14.73892372570939,14.73892372570939,-0.5983696261416811,-0.5983696261416811,-0.5983696261416811,-0.5983696261416811,-0.5983696261416811,-0.5983696261416811,0.0,0.0,0.0,14.140554099567709
82,2016-11-30,14.726034986341501,10.49588771833566,19.60063154838741,14.726034986341501,14.726034986341501,0.03040700999372407,0.03040700999372407,0.03040700999372407,0.03040700999372407,0.03040700999372407,0.03040700999372407,0.0,0.0,0.0,14.756441996335225
83,2016-12-31,14.712716622328013,12.138483752870076,21.55411690850127,14.712716622328013,14.712716622328013,2.187308775637195,2.187308775637195,2.187308775637195,2.187308775637195,2.187308775637195,2.187308775637195,0.0,0.0,0.0,16.90002539796521
84,2017-01-31,14.699398258314526,8.639179544113384,18.239516927319674,14.699398258314526,14.699398258314526,-1.2873172439703,-1.2873172439703,-1.2873172439703,-1.2873172439703,-1.2873172439703,-1.2873172439703,0.0,0.0,0.0,13.412081014344226
85,2017-02-28,14.687768772039483,10.688653688485209,19.913653029983017,14.687768772039483,14.687768772039483,0.5402884190458515,0.5402884190458515,0.5402884190458515,0.5402884190458515,0.5402884190458515,0.5402884190458515,0.0,0.0,0.0,15.228057191085334
86,2017-03-31,14.674893269377826,9.188653631182365,18.402237571694467,14.674893269377826,14.674893269377826,-0.45843567952174763,-0.45843567952174763,-0.45843567952174763,-0.45843567952174763,-0.45843567952174763,-0.45843567952174763,0.0,0.0,0.0,14.216457589856079
87,2017-04-30,14.662433105511704,9.380889756408907,18.74468022638703,14.662433105511704,14.662433105511704,-0.2737270711583742,-0.2737270711583742,-0.2737270711583742,-0.2737270711583742,-0.2737270711583742,-0.2737270711583742,0.0,0.0,0.0,14.38870603435333
88,2017-05-31,14.649557602850047,8.216424594610242,17.9064939919589,14.649557602850047,14.649557602850047,-1.3450565116478044,-1.3450565116478044,-1.3450565116478044,-1.3450565116478044,-1.3450565116478044,-1.3450565116478044,0.0,0.0,0.0,13.304501091202242
89,2017-06-30,14.637097438983927,9.853876105609439,19.741407694012956,14.637097438983927,14.637097438983927,0.27894058879849915,0.27894058879849915,0.27894058879849915,0.27894058879849915,0.27894058879849915,0.27894058879849915,0.0,0.0,0.0,14.916038027782426
90,2017-07-31,14.628477451714833,10.728980078774082,20.06549085236297,14.628477451714833,14.628477451714833,0.7113843229813189,0.7113843229813189,0.7113843229813189,0.7113843229813189,0.7113843229813189,0.7113843229813189,0.0,0.0,0.0,15.339861774696152
91,2017-08-31,14.619857464445738,9.834305564717923,19.539220639490775,14.619857464445738,14.619857464445738,0.07138760823594135,0.07138760823594135,0.07138760823594135,0.07138760823594135,0.07138760823594135,0.07138760823594135,0.0,0.0,0.0,14.69124507268168
92,2017-09-30,14.611515541282097,6.874538757074145,16.294937858356,14.611515541282097,14.611515541282097,-2.8851114555000077,-2.8851114555000077,-2.8851114555000077,-2.8851114555000077,-2.8851114555000077,-2.8851114555000077,0.0,0.0,0.0,11.72640408578209
93,2017-10-31,14.602895554013003,9.231203418402115,18.695282860649375,14.602895554013003,14.602895554013003,-0.5939786031305859,-0.5939786031305859,-0.5939786031305859,-0.5939786031305859,-0.5939786031305859,-0.5939786031305859,0.0,0.0,0.0,14.008916950882417
94,2017-11-30,14.594553630849362,9.932213448898773,19.123593371450358,14.594553630849362,14.594553630849362,0.1857561174367203,0.1857561174367203,0.1857561174367203,0.1857561174367203,0.1857561174367203,0.1857561174367203,0.0,0.0,0.0,14.780309748286081
95,2017-12-31,14.603639380962205,12.205336383328875,21.469451049763222,14.603639380962205,14.603639380962205,2.4293921443986948,2.4293921443986948,2.4293921443986948,2.4293921443986948,2.4293921443986948,2.4293921443986948,0.0,0.0,0.0,17.0330315253609
96,2018-01-31,14.612725131075045,9.059257768833604,18.560261948694496,14.612725131075045,14.612725131075045,-0.9828586719877115,-0.9828586719877115,-0.9828586719877115,-0.9828586719877115,-0.9828586719877115,-0.9828586719877115,0.0,0.0,0.0,13.629866459087333
97,2018-02-28,14.620931615047935,10.10031243774435,18.919657949228146,14.620931615047935,14.620931615047935,-0.05533961682571559,-0.05533961682571559,-0.05533961682571559,-0.05533961682571559,-0.05533961682571559,-0.05533961682571559,0.0,0.0,0.0,14.565591998222219
98,2018-03-31,14.630017365160775,9.25842636365331,18.573657775287103,14.630017365160775,14.630017365160775,-0.6780248539498321,-0.6780248539498321,-0.6780248539498321,-0.6780248539498321,-0.6780248539498321,-0.6780248539498321,0.0,0.0,0.0,13.951992511210943
99,2018-04-30,14.638810026560298,9.734261261266179,19.53434152822205,14.638810026560298,14.638810026560298,-0.07297480983810725,-0.07297480983810725,-0.07297480983810725,-0.07297480983810725,-0.07297480983810725,-0.07297480983810725,0.0,0.0,0.0,14.56583521672219
100,2018-05-31,14.647895776673142,8.873179545242925,18.551642246221164,14.647895776673142,14.647895776673142,-1.0519094859408793,-1.0519094859408793,-1.0519094859408793,-1.0519094859408793,-1.0519094859408793,-1.0519094859408793,0.0,0.0,0.0,13.595986290732263
101,2018-06-30,14.670293893872545,10.176174047362174,19.716167458714903,14.670293893872545,14.670293893872545,0.5018355701366112,0.5018355701366112,0.5018355701366112,0.5018355701366112,0.5018355701366112,0.5018355701366112,0.0,0.0,0.0,15.172129464009156
102,2018-07-31,14.693438614978598,10.407355767229786,19.914141033609877,14.693438614978598,14.693438614978598,0.671825873535156,0.671825873535156,0.671825873535156,0.671825873535156,0.671825873535156,0.671825873535156,0.0,0.0,0.0,15.365264488513754
103,2018-08-31,14.716583336084652,9.626416618450454,19.15159935830548,14.716583336084652,14.716583336084652,-0.39009418321637584,-0.39009418321637584,-0.39009418321637584,-0.39009418321637584,-0.39009418321637584,-0.39009418321637584,0.0,0.0,0.0,14.326489152868275
104,2018-09-30,14.738981453284056,7.132735665105428,16.68387665304452,14.738981453284056,14.738981453284056,-2.9293509880850213,-2.9293509880850213,-2.9293509880850213,-2.9293509880850213,-2.9293509880850213,-2.9293509880850213,0.0,0.0,0.0,11.809630465199035
105,2018-10-31,14.76212617439011,9.20149635755023,18.764553046178605,14.76212617439011,14.76212617439011,-0.5824078437864579,-0.5824078437864579,-0.5824078437864579,-0.5824078437864579,-0.5824078437864579,-0.5824078437864579,0.0,0.0,0.0,14.179718330603652
106,2018-11-30,14.798046184151499,10.752853124503373,19.95431899899723,14.798046184151499,14.798046184151499,0.3458165452976313,0.3458165452976313,0.3458165452976313,0.3458165452976313,0.3458165452976313,0.3458165452976313,0.0,0.0,0.0,15.14386272944913
107,2018-12-31,14.835163527571602,12.966596468652545,21.916357238692193,14.835163527571602,14.835163527571602,2.669231851351865,2.669231851351865,2.669231851351865,2.669231851351865,2.669231851351865,2.669231851351865,0.0,0.0,0.0,17.504395378923466
108,2019-01-31,14.872280870991702,9.724575513625261,18.611309751978464,14.872280870991702,14.872280870991702,-0.6902430376009876,-0.6902430376009876,-0.6902430376009876,-0.6902430376009876,-0.6902430376009876,-0.6902430376009876,0.0,0.0,0.0,14.182037833390714
109,2019-02-28,14.905806213435667,9.713870327720977,18.96386539659684,14.905806213435667,14.905806213435667,-0.6557337327091112,-0.6557337327091112,-0.6557337327091112,-0.6557337327091112,-0.6557337327091112,-0.6557337327091112,0.0,0.0,0.0,14.250072480726557
110,2019-03-31,14.942923556855767,9.168038959187959,18.878664118205066,14.942923556855767,14.942923556855767,-0.8852061847642475,-0.8852061847642475,-0.8852061847642475,-0.8852061847642475,-0.8852061847642475,-0.8852061847642475,0.0,0.0,0.0,14.05771737209152
111,2019-04-30,14.987844996664384,10.678108407225315,19.869837280951543,14.987844996664384,14.987844996664384,0.13852375503436304,0.13852375503436304,0.13852375503436304,0.13852375503436304,0.13852375503436304,0.13852375503436304,0.0,0.0,0.0,15.126368751698747
112,2019-05-31,15.034263817799951,9.232789939618183,18.70580830083229,15.034263817799951,15.034263817799951,-0.7565769838992075,-0.7565769838992075,-0.7565769838992075,-0.7565769838992075,-0.7565769838992075,-0.7565769838992075,0.0,0.0,0.0,14.277686833900743
113,2019-06-30,15.079185257608566,11.096032648683106,20.708062991461876,15.079185257608566,15.079185257608566,0.7158260115607796,0.7158260115607796,0.7158260115607796,0.7158260115607796,0.7158260115607796,0.7158260115607796,0.0,0.0,0.0,15.795011269169345
114,2019-07-31,15.125604078744134,11.052052278505249,20.643978616966887,15.125604078744134,15.125604078744134,0.6192141123473635,0.6192141123473635,0.6192141123473635,0.6192141123473635,0.6192141123473635,0.6192141123473635,0.0,0.0,0.0,15.744818191091497
115,2019-08-31,15.172022899879703,9.526534427420994,18.963083492752045,15.172022899879703,15.172022899879703,-0.8538757293121141,-0.8538757293121141,-0.8538757293121141,-0.8538757293121141,-0.8538757293121141,-0.8538757293121141,0.0,0.0,0.0,14.31814717056759
116,2019-09-30,15.218066840736135,7.677966754356321,17.009867967238804,15.218066840736135,15.218066840736135,-2.964025194264117,-2.964025194264117,-2.964025194264117,-2.964025194264117,-2.964025194264117,-2.964025194264117,0.0,0.0,0.0,12.254041646472018
117,2019-10-31,15.265645579621113,10.104361818820543,19.12133057938835,15.265645579621113,15.265645579621113,-0.5637129140146206,-0.5637129140146206,-0.5637129140146206,-0.5637129140146206,-0.5637129140146206,-0.5637129140146206,0.0,0.0,0.0,14.701932665606492
118,2019-11-30,15.311689520477541,10.843582485058187,20.26207047743298,15.311689520477541,15.311689520477541,0.5102658723500645,0.5102658723500645,0.5102658723500645,0.5102658723500645,0.5102658723500645,0.5102658723500645,0.0,0.0,0.0,15.821955392827606
119,2019-12-31,15.359268259362521,13.516332507594745,23.122066680958643,15.359268259362521,15.359268259362521,2.9064062374421873,2.9064062374421873,2.9064062374421873,2.9064062374421873,2.9064062374421873,2.9064062374421873,0.0,0.0,0.0,18.265674496804706
120,2020-01-31,15.406846998247499,10.251517445589878,19.74507606352836,15.406846998247499,15.406846998247499,-0.4097601074618018,-0.4097601074618018,-0.4097601074618018,-0.4097601074618018,-0.4097601074618018,-0.4097601074618018,0.0,0.0,0.0,14.997086890785697
121,2020-02-29,15.451356141075383,11.44442656646914,21.30272123107136,15.451356141075383,15.451356141075383,1.1303956862926112,1.1303956862926112,1.1303956862926112,1.1303956862926112,1.1303956862926112,1.1303956862926112,0.0,0.0,0.0,16.581751827367995
122,2020-03-31,15.49894175626086,10.596865856928256,20.16328711880454,15.49894175626086,15.49894175626086,-0.22684314024113839,-0.22684314024113839,-0.22684314024113839,-0.22684314024113839,-0.22684314024113839,-0.22684314024113839,0.0,0.0,0.0,15.272098616019722
123,2020-04-30,15.54499235160165,10.527689961109282,19.980970238598005,15.54499235160165,15.54499235160165,-0.463459212969606,-0.463459212969606,-0.463459212969606,-0.463459212969606,-0.463459212969606,-0.463459212969606,0.0,0.0,0.0,15.081533138632043
124,2020-05-31,15.592577966787129,9.115560880758133,18.48318763246976,15.592577966787129,15.592577966787129,-1.6355193523162288,-1.6355193523162288,-1.6355193523162288,-1.6355193523162288,-1.6355193523162288,-1.6355193523162288,0.0,0.0,0.0,13.9570586144709
125,2020-06-30,15.638628562127915,10.791862264355643,20.123008603761846,15.638628562127915,15.638628562127915,0.047494779897105446,0.047494779897105446,0.047494779897105446,0.047494779897105446,0.047494779897105446,0.047494779897105446,0.0,0.0,0.0,15.68612334202502
126,2020-07-31,15.686214177313396,11.550094878588274,20.875375387392403,15.686214177313396,15.686214177313396,0.7377679028618915,0.7377679028618915,0.7377679028618915,0.7377679028618915,0.7377679028618915,0.7377679028618915,0.0,0.0,0.0,16.423982080175286
127,2020-08-31,15.733799850131403,11.463797276917177,20.83291908958011,15.733799850131403,15.733799850131403,0.5299522534592804,0.5299522534592804,0.5299522534592804,0.5299522534592804,0.5299522534592804,0.5299522534592804,0.0,0.0,0.0,16.263752103590683
128,2020-09-30,15.779850501245598,8.470594150842413,17.811292168549674,15.779850501245598,15.779850501245598,-2.83150210720664,-2.83150210720664,-2.83150210720664,-2.83150210720664,-2.83150210720664,-2.83150210720664,0.0,0.0,0.0,12.948348394038957
129,2020-10-31,15.827436174063605,10.540654749826526,20.049925830479875,15.827436174063605,15.827436174063605,-0.5983696261417284,-0.5983696261417284,-0.5983696261417284,-0.5983696261417284,-0.5983696261417284,-0.5983696261417284,0.0,0.0,0.0,15.229066547921876
130,2020-11-30,15.873486825177803,11.37566520784043,20.41434105544419,15.873486825177803,15.873486825177803,0.030407009997003014,0.030407009997003014,0.030407009997003014,0.030407009997003014,0.030407009997003014,0.030407009997003014,0.0,0.0,0.0,15.903893835174806
131,2020-12-31,15.921072497995809,13.310221035472551,22.66707258495307,15.921072497995809,15.921072497995809,2.1873087756372733,2.1873087756372733,2.1873087756372733,2.1873087756372733,2.1873087756372733,2.1873087756372733,0.0,0.0,0.0,18.108381273633082
132,2021-01-31,15.968658179676686,10.131115096420274,19.541982655383855,15.968658179676686,15.968658179676686,-1.2873172439694331,-1.2873172439694331,-1.2873172439694331,-1.2873172439694331,-1.2873172439694331,-1.2873172439694331,0.0,0.0,0.0,14.681340935707253
133,2021-02-28,16.011638795388443,12.313213101714709,21.574764893531643,16.011638795388443,16.011638795388443,0.5402884190485331,0.5402884190485331,0.5402884190485331,0.5402884190485331,0.5402884190485331,0.5402884190485331,0.0,0.0,0.0,16.551927214436976
134,2021-03-31,16.05922447706932,10.736770658119886,20.68741241848226,16.05922447706932,16.05922447706932,-0.4584356795238044,-0.4584356795238044,-0.4584356795238044,-0.4584356795238044,-0.4584356795238044,-0.4584356795238044,0.0,0.0,0.0,15.600788797545517
135,2021-04-30,16.10527513676049,10.989467632403,20.29750712916318,16.10527513676049,16.10527513676049,-0.27372707115913286,-0.27372707115913286,-0.27372707115913286,-0.27372707115913286,-0.27372707115913286,-0.27372707115913286,0.0,0.0,0.0,15.831548065601357
136,2021-05-31,16.15286081844137,10.184489891393005,19.68122479284928,16.15286081844137,16.15286081844137,-1.3450565116463624,-1.3450565116463624,-1.3450565116463624,-1.3450565116463624,-1.3450565116463624,-1.3450565116463624,0.0,0.0,0.0,14.807804306795006
137,2021-06-30,16.198911478132537,11.881620511733239,21.23856644878376,16.198911478132537,16.198911478132537,0.27894058880086436,0.27894058880086436,0.27894058880086436,0.27894058880086436,0.27894058880086436,0.27894058880086436,0.0,0.0,0.0,16.4778520669334
138,2021-07-31,16.246497159813416,11.929240424955681,21.761078858034494,16.246497159813416,16.246497159813416,0.7113843229794689,0.7113843229794689,0.7113843229794689,0.7113843229794689,0.7113843229794689,0.7113843229794689,0.0,0.0,0.0,16.957881482792885
139,2021-08-31,16.294082841494287,11.692722973929232,21.477949078479625,16.294082841494287,16.294082841494287,0.07138760823986391,0.07138760823986391,0.07138760823986391,0.07138760823986391,0.07138760823986391,0.07138760823986391,0.0,0.0,0.0,16.36547044973415
140,2021-09-30,16.340133501185463,8.621688235386472,18.371061763994053,16.340133501185463,16.340133501185463,-2.8851114554999597,-2.8851114554999597,-2.8851114554999597,-2.8851114554999597,-2.8851114554999597,-2.8851114554999597,0.0,0.0,0.0,13.455022045685503
141,2021-10-31,16.387719182866334,10.871722983327405,20.734928579991966,16.387719182866334,16.387719182866334,-0.593978603131736,-0.593978603131736,-0.593978603131736,-0.593978603131736,-0.593978603131736,-0.593978603131736,0.0,0.0,0.0,15.793740579734598
142,2021-11-30,16.43376984255751,12.257642485638943,21.668371604943708,16.43376984255751,16.43376984255751,0.18575611743639672,0.18575611743639672,0.18575611743639672,0.18575611743639672,0.18575611743639672,0.18575611743639672,0.0,0.0,0.0,16.619525959993908
143,2021-12-31,16.48135552423838,14.291624968233384,23.58736108665401,16.48135552423838,16.48135552423838,2.4293921444002144,2.4293921444002144,2.4293921444002144,2.4293921444002144,2.4293921444002144,2.4293921444002144,0.0,0.0,0.0,18.910747668638596
144,2022-01-31,16.52894120591926,10.835335967503084,20.449902313741134,16.52894120591926,16.52894120591926,-0.98285867198639,-0.98285867198639,-0.98285867198639,-0.98285867198639,-0.98285867198639,-0.98285867198639,0.0,0.0,0.0,15.54608253393287
145,2022-02-28,16.57192182163102,11.623079243464455,21.037562487884934,16.57192182163102,16.57192182163102,-0.05533961682950091,-0.05533961682950091,-0.05533961682950091,-0.05533961682950091,-0.05533961682950091,-0.05533961682950091,0.0,0.0,0.0,16.51658220480152
146,2022-03-31,16.619507503311894,11.524805716402444,20.68760282551827,16.619507503311894,16.619507503311894,-0.6780248539503025,-0.6780248539503025,-0.6780248539503025,-0.6780248539503025,-0.6780248539503025,-0.6780248539503025,0.0,0.0,0.0,15.94148264936159
147,2022-04-30,16.665558163003066,11.436329058959092,21.47917242994611,16.665558163003066,16.665558163003066,-0.07297480983796435,-0.07297480983796435,-0.07297480983796435,-0.07297480983796435,-0.07297480983796435,-0.07297480983796435,0.0,0.0,0.0,16.5925833531651
148,2022-05-31,16.71314384468394,10.932396236458763,20.3784827598174,16.71314384468394,16.71314384468394,-1.0519094859386928,-1.0519094859386928,-1.0519094859386928,-1.0519094859386928,-1.0519094859386928,-1.0519094859386928,0.0,0.0,0.0,15.661234358745249
149,2022-06-30,16.759194504375113,12.728206586996839,22.116504885610794,16.759194504375113,16.759194504375113,0.5018355701392394,0.5018355701392394,0.5018355701392394,0.5018355701392394,0.5018355701392394,0.5018355701392394,0.0,0.0,0.0,17.261030074514352
150,2022-07-31,16.80678018605599,12.871658496045544,22.18797136450716,16.80678018605599,16.80678018605599,0.6718258735361208,0.6718258735361208,0.6718258735361208,0.6718258735361208,0.6718258735361208,0.6718258735361208,0.0,0.0,0.0,17.47860605959211
151,2022-08-31,16.854365867736863,11.547773727707975,21.3995336075546,16.854365867736863,16.854365867736863,-0.3900941832174014,-0.3900941832174014,-0.3900941832174014,-0.3900941832174014,-0.3900941832174014,-0.3900941832174014,0.0,0.0,0.0,16.464271684519463
152,2022-09-30,16.900416527428035,9.487301306734553,18.768653396796065,16.900416527428035,16.900416527428035,-2.9293509880838617,-2.9293509880838617,-2.9293509880838617,-2.9293509880838617,-2.9293509880838617,-2.9293509880838617,0.0,0.0,0.0,13.971065539344174
153,2022-10-31,16.94800220910891,11.314426057642505,20.980012031594516,16.94800220910891,16.94800220910891,-0.5824078437870627,-0.5824078437870627,-0.5824078437870627,-0.5824078437870627,-0.5824078437870627,-0.5824078437870627,0.0,0.0,0.0,16.365594365321847
154,2022-11-30,16.99405286880008,12.898860148640017,22.441164957881686,16.99405286880008,16.99405286880008,0.3458165452955616,0.3458165452955616,0.3458165452955616,0.3458165452955616,0.3458165452955616,0.3458165452955616,0.0,0.0,0.0,17.33986941409564
155,2022-12-31,17.041638550480958,14.817123421781876,24.043372153080544,17.041638550480958,17.041638550480958,2.6692318513535422,2.6692318513535422,2.6692318513535422,2.6692318513535422,2.6692318513535422,2.6692318513535422,0.0,0.0,0.0,19.710870401834498
156,2023-01-31,17.089224232161833,11.783867061748161,21.368083520999537,17.089224232161833,17.089224232161833,-0.6902430376011232,-0.6902430376011232,-0.6902430376011232,-0.6902430376011232,-0.6902430376011232,-0.6902430376011232,0.0,0.0,0.0,16.398981194560708
157,2023-02-28,17.132204847873595,11.733606324353294,21.144305041261852,17.132204847873595,17.132204847873595,-0.6557337327094865,-0.6557337327094865,-0.6557337327094865,-0.6557337327094865,-0.6557337327094865,-0.6557337327094865,0.0,0.0,0.0,16.47647111516411
158,2023-03-31,17.179790529554467,11.49846244850203,20.81772801202329,17.179790529554467,17.179790529554467,-0.8852061847633111,-0.8852061847633111,-0.8852061847633111,-0.8852061847633111,-0.8852061847633111,-0.8852061847633111,0.0,0.0,0.0,16.294584344791154
159,2023-04-30,17.225841189245642,12.84410647120412,22.260400744845704,17.225841189245642,17.225841189245642,0.13852375503606557,0.13852375503606557,0.13852375503606557,0.13852375503606557,0.13852375503606557,0.13852375503606557,0.0,0.0,0.0,17.364364944281707
160,2023-05-31,17.273426870926514,11.553414959313683,21.536679858677886,17.273426870926514,17.273426870926514,-0.7565769839031592,-0.7565769839031592,-0.7565769839031592,-0.7565769839031592,-0.7565769839031592,-0.7565769839031592,0.0,0.0,0.0,16.516849887023355
161,2023-06-30,17.31947753061769,13.414506601481536,22.54451741545501,17.31947753061769,17.31947753061769,0.7158260115633507,0.7158260115633507,0.7158260115633507,0.7158260115633507,0.7158260115633507,0.7158260115633507,0.0,0.0,0.0,18.03530354218104
162,2023-07-31,17.36706321229856,13.322915532855545,23.14961199291263,17.36706321229856,17.36706321229856,0.6192141123471457,0.6192141123471457,0.6192141123471457,0.6192141123471457,0.6192141123471457,0.6192141123471457,0.0,0.0,0.0,17.986277324645705
163,2023-08-31,17.41464889397944,12.015972408537838,21.623936978426137,17.41464889397944,17.41464889397944,-0.8538757293160467,-0.8538757293160467,-0.8538757293160467,-0.8538757293160467,-0.8538757293160467,-0.8538757293160467,0.0,0.0,0.0,16.56077316466339
164,2023-09-30,17.460699553670608,9.978305614605034,19.227832483218084,17.460699553670608,17.460699553670608,-2.964025194265161,-2.964025194265161,-2.964025194265161,-2.964025194265161,-2.964025194265161,-2.964025194265161,0.0,0.0,0.0,14.496674359405446
165,2023-10-31,17.508285235351487,11.81478154717526,21.681229389465226,17.508285235351487,17.508285235351487,-0.5637129140144465,-0.5637129140144465,-0.5637129140144465,-0.5637129140144465,-0.5637129140144465,-0.5637129140144465,0.0,0.0,0.0,16.94457232133704
166,2023-11-30,17.554335895042655,13.552055850585267,22.86264330760716,17.554335895042655,17.554335895042655,0.5102658723517193,0.5102658723517193,0.5102658723517193,0.5102658723517193,0.5102658723517193,0.5102658723517193,0.0,0.0,0.0,18.064601767394375
167,2023-12-31,17.601921576723534,15.47065091740558,25.417113807213266,17.601921576723534,17.601921576723534,2.906406237443974,2.906406237443974,2.906406237443974,2.906406237443974,2.906406237443974,2.906406237443974,0.0,0.0,0.0,20.508327814167508
168,2024-01-01,17.60345659871324,14.505861126194407,24.53920067862883,17.60345659871324,17.60345659871324,1.9434083432212201,1.9434083432212201,1.9434083432212201,1.9434083432212201,1.9434083432212201,1.9434083432212201,0.0,0.0,0.0,19.54686494193446
169,2024-01-02,17.604991620702943,14.068119102479125,23.323334216214924,17.604991620702943,17.604991620702943,0.9582941866841194,0.9582941866841194,0.9582941866841194,0.9582941866841194,0.9582941866841194,0.9582941866841194,0.0,0.0,0.0,18.563285807387064
170,2024-01-03,17.60652664269265,12.99343478731878,22.60553755646883,17.60652664269265,17.60652664269265,-0.021051563518796383,-0.021051563518796383,-0.021051563518796383,-0.021051563518796383,-0.021051563518796383,-0.021051563518796383,0.0,0.0,0.0,17.585475079173854
171,2024-01-04,17.608061664682353,11.930425374629882,21.544851172423865,17.608061664682353,17.608061664682353,-0.9667846466354213,-0.9667846466354213,-0.9667846466354213,-0.9667846466354213,-0.9667846466354213,-0.9667846466354213,0.0,0.0,0.0,16.64127701804693
172,2024-01-05,17.60959668667206,10.68060904210662,20.313458912632253,17.60959668667206,17.60959668667206,-1.8519837988120478,-1.8519837988120478,-1.8519837988120478,-1.8519837988120478,-1.8519837988120478,-1.8519837988120478,0.0,0.0,0.0,15.757612887860011
173,2024-01-06,17.61113170866177,10.435353459251958,19.89634310965997,17.61113170866177,17.61113170866177,-2.651516165128915,-2.651516165128915,-2.651516165128915,-2.651516165128915,-2.651516165128915,-2.651516165128915,0.0,0.0,0.0,14.959615543532855
174,2024-01-07,17.612666730651473,9.60015586171422,18.773187276120254,17.612666730651473,17.612666730651473,-3.342858732469925,-3.342858732469925,-3.342858732469925,-3.342858732469925,-3.342858732469925,-3.342858732469925,0.0,0.0,0.0,14.269807998181548
175,2024-01-08,17.61420175264118,8.971499059342246,18.61127007370907,17.61420175264118,17.61420175264118,-3.9068500194663303,-3.9068500194663303,-3.9068500194663303,-3.9068500194663303,-3.9068500194663303,-3.9068500194663303,0.0,0.0,0.0,13.70735173317485
176,2024-01-09,17.615736774630882,8.798785983465292,17.905447416120776,17.615736774630882,17.615736774630882,-4.328348085700103,-4.328348085700103,-4.328348085700103,-4.328348085700103,-4.328348085700103,-4.328348085700103,0.0,0.0,0.0,13.287388688930779
177,2024-01-10,17.61727179662059,8.328239560314096,17.88521182460124,17.61727179662059,17.61727179662059,-4.59677348803691,-4.59677348803691,-4.59677348803691,-4.59677348803691,-4.59677348803691,-4.59677348803691,0.0,0.0,0.0,13.02049830858368
178,2024-01-11,17.618806818610295,8.13652646420022,18.16347652216638,17.618806818610295,17.618806818610295,-4.7065190466473625,-4.7065190466473625,-4.7065190466473625,-4.7065190466473625,-4.7065190466473625,-4.7065190466473625,0.0,0.0,0.0,12.912287771962934
179,2024-01-12,17.620341840600002,8.379758304058505,18.019708880607133,17.620341840600002,17.620341840600002,-4.6572120952858596,-4.6572120952858596,-4.6572120952858596,-4.6572120952858596,-4.6572120952858596,-4.6572120952858596,0.0,0.0,0.0,12.963129745314141
180,2024-01-13,17.62187686258971,8.140642742502898,18.02054415648821,17.62187686258971,17.62187686258971,-4.45381917129163,-4.45381917129163,-4.45381917129163,-4.45381917129163,-4.45381917129163,-4.45381917129163,0.0,0.0,0.0,13.168057691298078
181,2024-01-14,17.62341188457941,8.619629941511278,18.19935791794302,17.62341188457941,17.62341188457941,-4.106587726040223,-4.106587726040223,-4.106587726040223,-4.106587726040223,-4.106587726040223,-4.106587726040223,0.0,0.0,0.0,13.516824158539189
182,2024-01-15,17.624946906569118,9.285854069829291,19.061063291901423,17.624946906569118,17.624946906569118,-3.630824271393755,-3.630824271393755,-3.630824271393755,-3.630824271393755,-3.630824271393755,-3.630824271393755,0.0,0.0,0.0,13.994122635175362
183,2024-01-16,17.62648192855882,9.453371774496441,19.323761255337892,17.62648192855882,17.62648192855882,-3.0465132797637913,-3.0465132797637913,-3.0465132797637913,-3.0465132797637913,-3.0465132797637913,-3.0465132797637913,0.0,0.0,0.0,14.57996864879503
184,2024-01-17,17.628016950548528,10.498594965324578,20.18149139513171,17.628016950548528,17.628016950548528,-2.3777859791135048,-2.3777859791135048,-2.3777859791135048,-2.3777859791135048,-2.3777859791135048,-2.3777859791135048,0.0,0.0,0.0,15.250230971435023
185,2024-01-18,17.629551972538234,11.024828380674666,20.686314968799426,17.629551972538234,17.629551972538234,-1.6522527857281575,-1.6522527857281575,-1.6522527857281575,-1.6522527857281575,-1.6522527857281575,-1.6522527857281575,0.0,0.0,0.0,15.977299186810077
186,2024-01-19,17.63108699452794,11.914137124708056,21.319450767833736,17.63108699452794,17.63108699452794,-0.9002173580628348,-0.9002173580628348,-0.9002173580628348,-0.9002173580628348,-0.9002173580628348,-0.9002173580628348,0.0,0.0,0.0,16.730869636465105
187,2024-01-20,17.632622016517647,12.639060463480394,21.91715369681956,17.632622016517647,17.632622016517647,-0.1537940055374808,-0.1537940055374808,-0.1537940055374808,-0.1537940055374808,-0.1537940055374808,-0.1537940055374808,0.0,0.0,0.0,17.478828010980166
188,2024-01-21,17.634157038507354,13.494966179244152,22.637384452960532,17.634157038507354,17.634157038507354,0.5540466683524855,0.5540466683524855,0.5540466683524855,0.5540466683524855,0.5540466683524855,0.5540466683524855,0.0,0.0,0.0,18.188203706859838
189,2024-01-22,17.635692060497057,13.95334755555939,23.22380380709518,17.635692060497057,17.635692060497057,1.1904765676230322,1.1904765676230322,1.1904765676230322,1.1904765676230322,1.1904765676230322,1.1904765676230322,0.0,0.0,0.0,18.82616862812009
190,2024-01-23,17.637227082486763,14.645282766940424,23.740509657898237,17.637227082486763,17.637227082486763,1.7238243689980426,1.7238243689980426,1.7238243689980426,1.7238243689980426,1.7238243689980426,1.7238243689980426,0.0,0.0,0.0,19.361051451484805
191,2024-01-24,17.638762104476466,15.317465221769273,24.914897076450927,17.638762104476466,17.638762104476466,2.124575447427415,2.124575447427415,2.124575447427415,2.124575447427415,2.124575447427415,2.124575447427415,0.0,0.0,0.0,19.76333755190388
