,ds,trend,yhat_lower,yhat_upper,trend_lower,trend_upper,additive_terms,additive_terms_lower,additive_terms_upper,yearly,yearly_lower,yearly_upper,multiplicative_terms,multiplicative_terms_lower,multiplicative_terms_upper,yhat
0,2015-12-31,27.716423957042956,22.16713856180906,33.68615815285427,27.716423957042956,27.716423957042956,0.30403505660969155,0.30403505660969155,0.30403505660969155,0.30403505660969155,0.30403505660969155,0.30403505660969155,0.0,0.0,0.0,28.020459013652648
1,2016-01-31,27.59720092850002,19.801962874999777,30.735897347262746,27.59720092850002,27.59720092850002,-2.6542975982636383,-2.6542975982636383,-2.6542975982636383,-2.6542975982636383,-2.6542975982636383,-2.6542975982636383,0.0,0.0,0.0,24.94290333023638
2,2016-02-29,27.48566970825017,25.9248563567584,37.09551718325209,27.48566970825017,27.48566970825017,3.9153729330323537,3.9153729330323537,3.9153729330323537,3.9153729330323537,3.9153729330323537,3.9153729330323537,0.0,0.0,0.0,31.401042641282526
3,2016-03-31,27.36644667970723,22.711485085466123,33.10687492718098,27.36644667970723,27.36644667970723,0.5793109755162847,0.5793109755162847,0.5793109755162847,0.5793109755162847,0.5793109755162847,0.5793109755162847,0.0,0.0,0.0,27.945757655223517
4,2016-04-30,27.2510695551546,20.13269644360322,31.20973179208913,27.2510695551546,27.2510695551546,-1.579581235419653,-1.579581235419653,-1.579581235419653,-1.579581235419653,-1.579581235419653,-1.579581235419653,0.0,0.0,0.0,25.671488319734948
5,2016-05-31,27.131846526450218,20.888309003537838,31.858850259160832,27.131846526450218,27.131846526450218,-0.9722333145337909,-0.9722333145337909,-0.9722333145337909,-0.9722333145337909,-0.9722333145337909,-0.9722333145337909,0.0,0.0,0.0,26.159613211916426
6,2016-06-30,27.01646940189759,20.807715829863977,31.371251369474006,27.01646940189759,27.01646940189759,-1.0657366074443246,-1.0657366074443246,-1.0657366074443246,-1.0657366074443246,-1.0657366074443246,-1.0657366074443246,0.0,0.0,0.0,25.950732794453266
7,2016-07-31,26.897246373450837,22.814909678823003,33.97919481861692,26.897246373450837,26.897246373450837,1.504809504979958,1.504809504979958,1.504809504979958,1.504809504979958,1.504809504979958,1.504809504979958,0.0,0.0,0.0,28.402055878430794
8,2016-08-31,26.778023345004087,20.562636955180732,31.712038690704563,26.778023345004087,26.778023345004087,-0.7157193888791821,-0.7157193888791821,-0.7157193888791821,-0.7157193888791821,-0.7157193888791821,-0.7157193888791821,0.0,0.0,0.0,26.062303956124904
9,2016-09-30,26.662646220700776,23.77419357015651,34.381820814602186,26.662646220700776,26.662646220700776,2.358345353209875,2.358345353209875,2.358345353209875,2.358345353209875,2.358345353209875,2.358345353209875,0.0,0.0,0.0,29.02099157391065
10,2016-10-31,26.54342319258205,21.808882221531093,32.76825667722569,26.54342319258205,26.54342319258205,0.5297193034520654,0.5297193034520654,0.5297193034520654,0.5297193034520654,0.5297193034520654,0.5297193034520654,0.0,0.0,0.0,27.073142496034116
11,2016-11-30,26.42804606859619,21.876997004423075,32.775616194204574,26.42804606859619,26.42804606859619,0.357583304768138,0.357583304768138,0.357583304768138,0.357583304768138,0.357583304768138,0.357583304768138,0.0,0.0,0.0,26.785629373364326
12,2016-12-31,26.308823040477463,19.378353692924,30.175635978415333,26.308823040477463,26.308823040477463,-1.1481180917587908,-1.1481180917587908,-1.1481180917587908,-1.1481180917587908,-1.1481180917587908,-1.1481180917587908,0.0,0.0,0.0,25.160704948718674
13,2017-01-31,26.189600012493337,18.353882986688763,29.758941235137115,26.189600012493337,26.189600012493337,-2.4604068567536856,-2.4604068567536856,-2.4604068567536856,-2.4604068567536856,-2.4604068567536856,-2.4604068567536856,0.0,0.0,0.0,23.72919315573965
14,2017-02-28,26.08191469689477,24.600083826745152,36.55040999915648,26.08191469689477,26.08191469689477,4.584329615809956,4.584329615809956,4.584329615809956,4.584329615809956,4.584329615809956,4.584329615809956,0.0,0.0,0.0,30.666244312704727
15,2017-03-31,25.96269166891064,20.40446369445364,31.43480511940283,25.96269166891064,25.96269166891064,-0.32849371388590726,-0.32849371388590726,-0.32849371388590726,-0.32849371388590726,-0.32849371388590726,-0.32849371388590726,0.0,0.0,0.0,25.63419795502473
16,2017-04-30,25.84731454497937,18.8168983566077,29.880592883938334,25.84731454497937,25.84731454497937,-1.9817388515877898,-1.9817388515877898,-1.9817388515877898,-1.9817388515877898,-1.9817388515877898,-1.9817388515877898,0.0,0.0,0.0,23.86557569339158
17,2017-05-31,25.728091516917058,18.88489570337639,30.21554744461794,25.728091516917058,25.728091516917058,-1.2302666827913578,-1.2302666827913578,-1.2302666827913578,-1.2302666827913578,-1.2302666827913578,-1.2302666827913578,0.0,0.0,0.0,24.4978248341257
18,2017-06-30,25.61271439298578,20.697225537941318,31.704978610600758,25.61271439298578,25.61271439298578,0.4764470221038357,0.4764470221038357,0.4764470221038357,0.4764470221038357,0.4764470221038357,0.4764470221038357,0.0,0.0,0.0,26.089161415089617
19,2017-07-31,25.493491365146497,21.21158368947083,32.181537262798194,25.493491365146497,25.493491365146497,1.1326832109186125,1.1326832109186125,1.1326832109186125,1.1326832109186125,1.1326832109186125,1.1326832109186125,0.0,0.0,0.0,26.62617457606511
20,2017-08-31,25.374268337307214,19.269202783311954,30.89343953176727,25.374268337307214,25.374268337307214,-0.6113360403227762,-0.6113360403227762,-0.6113360403227762,-0.6113360403227762,-0.6113360403227762,-0.6113360403227762,0.0,0.0,0.0,24.762932296984438
21,2017-09-30,25.25889121359178,20.853986838746568,31.697326669339102,25.25889121359178,25.25889121359178,1.2754660737066266,1.2754660737066266,1.2754660737066266,1.2754660737066266,1.2754660737066266,1.2754660737066266,0.0,0.0,0.0,26.53435728729841
22,2017-10-31,25.139668186252134,20.731439915973564,32.193754720875454,25.139668186252134,25.139668186252134,1.1517612442214347,1.1517612442214347,1.1517612442214347,1.1517612442214347,1.1517612442214347,1.1517612442214347,0.0,0.0,0.0,26.29142943047357
23,2017-11-30,25.024291063020215,19.523119436896938,30.79607077703157,25.024291063020215,25.024291063020215,-0.025277919359202875,-0.025277919359202875,-0.025277919359202875,-0.025277919359202875,-0.025277919359202875,-0.025277919359202875,0.0,0.0,0.0,24.999013143661013
24,2017-12-31,24.905068035680564,18.89050413874272,29.694723093030024,24.905068035680564,24.905068035680564,-0.6700724427699634,-0.6700724427699634,-0.6700724427699634,-0.6700724427699634,-0.6700724427699634,-0.6700724427699634,0.0,0.0,0.0,24.2349955929106
25,2018-01-31,24.785906308572613,16.729995754697832,28.22358153490659,24.785906308572613,24.785906308572613,-2.5270128533322045,-2.5270128533322045,-2.5270128533322045,-2.5270128533322045,-2.5270128533322045,-2.5270128533322045,0.0,0.0,0.0,22.258893455240408
26,2018-02-28,24.67827636150737,24.289740310830467,35.16454127674602,24.67827636150737,24.67827636150737,5.233191076004848,5.233191076004848,5.233191076004848,5.233191076004848,5.233191076004848,5.233191076004848,0.0,0.0,0.0,29.911467437512215
27,2018-03-31,24.55911463439942,17.676647878370996,28.850860745125,24.55911463439942,24.55911463439942,-1.2516726973443084,-1.2516726973443084,-1.2516726973443084,-1.2516726973443084,-1.2516726973443084,-1.2516726973443084,0.0,0.0,0.0,23.307441937055113
28,2018-04-30,24.443796833864294,16.929258933748024,27.297523706219884,24.443796833864294,24.443796833864294,-2.368253992306588,-2.368253992306588,-2.368253992306588,-2.368253992306588,-2.368253992306588,-2.368253992306588,0.0,0.0,0.0,22.075542841557706
29,2018-05-31,24.32463510664466,17.135871602264267,28.169338483095256,24.32463510664466,24.32463510664466,-1.457849516563715,-1.457849516563715,-1.457849516563715,-1.457849516563715,-1.457849516563715,-1.457849516563715,0.0,0.0,0.0,22.866785590080944
30,2018-06-30,24.209317306109536,20.869412053477777,31.805763458077976,24.209317306109536,24.209317306109536,2.016508134712536,2.016508134712536,2.016508134712536,2.016508134712536,2.016508134712536,2.016508134712536,0.0,0.0,0.0,26.22582544082207
31,2018-07-31,24.0901556926583,19.16324754805687,30.581837662950857,24.0901556926583,24.0901556926583,0.7355587153847355,0.7355587153847355,0.7355587153847355,0.7355587153847355,0.7355587153847355,0.7355587153847355,0.0,0.0,0.0,24.825714408043034
32,2018-08-31,23.97099407920707,17.959286604733542,29.147789180165276,23.97099407920707,23.97099407920707,-0.5220409346769802,-0.5220409346769802,-0.5220409346769802,-0.5220409346769802,-0.5220409346769802,-0.5220409346769802,0.0,0.0,0.0,23.44895314453009
33,2018-09-30,23.85567638877039,18.13845258745509,30.089917535434314,23.85567638877039,23.85567638877039,0.19902093014179476,0.19902093014179476,0.19902093014179476,0.19902093014179476,0.19902093014179476,0.19902093014179476,0.0,0.0,0.0,24.054697318912186
34,2018-10-31,23.73651500474465,20.179087929993326,30.926440761846926,23.73651500474465,23.73651500474465,1.7865225410335186,1.7865225410335186,1.7865225410335186,1.7865225410335186,1.7865225410335186,1.7865225410335186,0.0,0.0,0.0,25.52303754577817
35,2018-11-30,23.621197536332648,17.877008008672526,28.51764375253575,23.621197536332648,23.621197536332648,-0.40342141846660673,-0.40342141846660673,-0.40342141846660673,-0.40342141846660673,-0.40342141846660673,-0.40342141846660673,0.0,0.0,0.0,23.21777611786604
36,2018-12-31,23.502036152306914,18.14508007162657,29.179310918334092,23.502036152306914,23.502036152306914,-0.1858558024667296,-0.1858558024667296,-0.1858558024667296,-0.1858558024667296,-0.1858558024667296,-0.1858558024667296,0.0,0.0,0.0,23.316180349840185
37,2019-01-31,23.3828747684332,15.35966260449906,26.272298926455903,23.3828747684332,23.3828747684332,-2.5915423128564994,-2.5915423128564994,-2.5915423128564994,-2.5915423128564994,-2.5915423128564994,-2.5915423128564994,0.0,0.0,0.0,20.7913324555767
38,2019-02-28,23.275245131385965,23.58315826943321,34.54205809590905,23.275245131385965,23.275245131385965,5.861484991553426,5.861484991553426,5.861484991553426,5.861484991553426,5.861484991553426,5.861484991553426,0.0,0.0,0.0,29.13673012293939
39,2019-03-31,23.15608374751225,15.50090201277422,26.47129184426673,23.15608374751225,23.15608374751225,-2.189118667527627,-2.189118667527627,-2.189118667527627,-2.189118667527627,-2.189118667527627,-2.189118667527627,0.0,0.0,0.0,20.96696507998462
40,2019-04-30,23.040766279247354,14.41918274045506,25.92952133020052,23.040766279247354,23.040766279247354,-2.738364536538525,-2.738364536538525,-2.738364536538525,-2.738364536538525,-2.738364536538525,-2.738364536538525,0.0,0.0,0.0,20.302401742708827
41,2019-05-31,22.92160489530101,15.79796284780873,27.440116726769325,22.92160489530101,22.92160489530101,-1.6550181377558504,-1.6550181377558504,-1.6550181377558504,-1.6550181377558504,-1.6550181377558504,-1.6550181377558504,0.0,0.0,0.0,21.26658675754516
42,2019-06-30,22.806287426965834,20.53048466569381,31.92741364533761,22.806287426965834,22.806287426965834,3.552728859307856,3.552728859307856,3.552728859307856,3.552728859307856,3.552728859307856,3.552728859307856,0.0,0.0,0.0,26.35901628627369
43,2019-07-31,22.687126043019486,17.453205707910552,28.606295905883574,22.687126043019486,22.687126043019486,0.31343783428820854,0.31343783428820854,0.31343783428820854,0.31343783428820854,0.31343783428820854,0.31343783428820854,0.0,0.0,0.0,23.000563877307695
44,2019-08-31,22.56796465948403,16.64476144416636,27.847243344606902,22.56796465948403,22.56796465948403,-0.4475719769409924,-0.4475719769409924,-0.4475719769409924,-0.4475719769409924,-0.4475719769409924,-0.4475719769409924,0.0,0.0,0.0,22.120392682543038
45,2019-09-30,22.452647191546497,16.069333384086868,27.11105944847297,22.452647191546497,22.452647191546497,-0.8698700214654405,-0.8698700214654405,-0.8698700214654405,-0.8698700214654405,-0.8698700214654405,-0.8698700214654405,0.0,0.0,0.0,21.582777170081055
46,2019-10-31,22.333485808011048,18.502315650562483,30.39026916815288,22.333485808011048,22.333485808011048,2.433701254413803,2.433701254413803,2.433701254413803,2.433701254413803,2.433701254413803,2.433701254413803,0.0,0.0,0.0,24.767187062424853
47,2019-11-30,22.21816834010198,15.896647920671503,26.814375529560554,22.21816834010198,22.21816834010198,-0.7766984211283908,-0.7766984211283908,-0.7766984211283908,-0.7766984211283908,-0.7766984211283908,-0.7766984211283908,0.0,0.0,0.0,21.44146991897359
48,2019-12-31,22.099006956595943,16.89766993085011,28.504287667808082,22.099006956595943,22.099006956595943,0.3040350566068193,0.3040350566068193,0.3040350566068193,0.3040350566068193,0.3040350566068193,0.3040350566068193,0.0,0.0,0.0,22.40304201320276
49,2020-01-31,21.979845573089907,13.52765182265856,25.3810925106969,21.979845573089907,21.979845573089907,-2.654297598260863,-2.654297598260863,-2.654297598260863,-2.654297598260863,-2.654297598260863,-2.654297598260863,0.0,0.0,0.0,19.325547974829043
50,2020-02-29,21.86837202063968,20.058325940749402,31.39452670575271,21.86837202063968,21.86837202063968,3.915372933032496,3.915372933032496,3.915372933032496,3.915372933032496,3.915372933032496,3.915372933032496,0.0,0.0,0.0,25.783744953672176
51,2020-03-31,21.749210636985993,16.767437744510378,27.91818321425632,21.749210636985993,21.749210636985993,0.5793109755201861,0.5793109755201861,0.5793109755201861,0.5793109755201861,0.5793109755201861,0.5793109755201861,0.0,0.0,0.0,22.32852161250618
52,2020-04-30,21.633893168934033,14.369360498538997,25.492245472863946,21.633893168934033,21.633893168934033,-1.5795812354129937,-1.5795812354129937,-1.5795812354129937,-1.5795812354129937,-1.5795812354129937,-1.5795812354129937,0.0,0.0,0.0,20.05431193352104
53,2020-05-31,21.51473178523967,14.891035523160278,26.36436554849492,21.51473178523967,21.51473178523967,-0.9722333145370966,-0.9722333145370966,-0.9722333145370966,-0.9722333145370966,-0.9722333145370966,-0.9722333145370966,0.0,0.0,0.0,20.542498470702572
54,2020-06-30,21.399414317148345,14.553236903615634,25.75696200927421,21.399414317148345,21.399414317148345,-1.0657366074451768,-1.0657366074451768,-1.0657366074451768,-1.0657366074451768,-1.0657366074451768,-1.0657366074451768,0.0,0.0,0.0,20.333677709703167
55,2020-07-31,21.280252933453976,17.4621367981085,28.316169932604595,21.280252933453976,21.280252933453976,1.5048095049791694,1.5048095049791694,1.5048095049791694,1.5048095049791694,1.5048095049791694,1.5048095049791694,0.0,0.0,0.0,22.785062438433144
56,2020-08-31,21.16109154969025,14.927878370433302,26.069102072397897,21.16109154969025,21.16109154969025,-0.7157193888765774,-0.7157193888765774,-0.7157193888765774,-0.7157193888765774,-0.7157193888765774,-0.7157193888765774,0.0,0.0,0.0,20.445372160813672
57,2020-09-30,21.04577408153181,18.337086877884843,28.936573540075273,21.04577408153181,21.04577408153181,2.3583453532096232,2.3583453532096232,2.3583453532096232,2.3583453532096232,2.3583453532096232,2.3583453532096232,0.0,0.0,0.0,23.404119434741432
58,2020-10-31,20.92661269776809,16.51930755920474,27.36901621460681,20.92661269776809,20.92661269776809,0.5297193034565797,0.5297193034565797,0.5297193034565797,0.5297193034565797,0.5297193034565797,0.5297193034565797,0.0,0.0,0.0,21.45633200122467
59,2020-11-30,20.81129522919483,15.742455854206712,26.97555945690236,20.81129522919483,20.81129522919483,0.3575833047669631,0.3575833047669631,0.3575833047669631,0.3575833047669631,0.3575833047669631,0.3575833047669631,0.0,0.0,0.0,21.16887853396179
60,2020-12-31,20.692133845002463,14.312576642339168,24.904051172514773,20.692133845002463,20.692133845002463,-1.1481180917607077,-1.1481180917607077,-1.1481180917607077,-1.1481180917607077,-1.1481180917607077,-1.1481180917607077,0.0,0.0,0.0,19.544015753241755
61,2021-01-31,20.572972460810092,12.538631273862405,23.223002801474667,20.572972460810092,20.572972460810092,-2.4604068567514616,-2.4604068567514616,-2.4604068567514616,-2.4604068567514616,-2.4604068567514616,-2.4604068567514616,0.0,0.0,0.0,18.11256560405863
62,2021-02-28,20.465342823116618,19.442776815245193,30.583157727066528,20.465342823116618,20.465342823116618,4.584329615807534,4.584329615807534,4.584329615807534,4.584329615807534,4.584329615807534,4.584329615807534,0.0,0.0,0.0,25.04967243892415
63,2021-03-31,20.346181438527417,14.469493898240039,25.214277051416396,20.346181438527417,20.346181438527417,-0.3284937138850025,-0.3284937138850025,-0.3284937138850025,-0.3284937138850025,-0.3284937138850025,-0.3284937138850025,0.0,0.0,0.0,20.017687724642414
64,2021-04-30,20.230863969570127,12.307700817080818,23.961285606667417,20.230863969570127,20.230863969570127,-1.9817388515824237,-1.9817388515824237,-1.9817388515824237,-1.9817388515824237,-1.9817388515824237,-1.9817388515824237,0.0,0.0,0.0,18.249125117987703
65,2021-05-31,20.111702585019877,13.564330364191942,24.462984298384423,20.111702585019877,20.111702585019877,-1.2302666827927802,-1.2302666827927802,-1.2302666827927802,-1.2302666827927802,-1.2302666827927802,-1.2302666827927802,0.0,0.0,0.0,18.881435902227096
66,2021-06-30,19.99638511610028,14.869783081162804,25.76342763917118,19.99638511610028,19.99638511610028,0.476447022113284,0.476447022113284,0.476447022113284,0.476447022113284,0.476447022113284,0.476447022113284,0.0,0.0,0.0,20.472832138213565
67,2021-07-31,19.87722373155003,15.763507260456578,26.431658556700643,19.87722373155003,19.87722373155003,1.1326832109190357,1.1326832109190357,1.1326832109190357,1.1326832109190357,1.1326832109190357,1.1326832109190357,0.0,0.0,0.0,21.009906942469065
68,2021-08-31,19.75806234655796,13.245465915872805,24.319749674589655,19.75806234655796,19.75806234655796,-0.6113360403201519,-0.6113360403201519,-0.6113360403201519,-0.6113360403201519,-0.6113360403201519,-0.6113360403201519,0.0,0.0,0.0,19.14672630623781
69,2021-09-30,19.64274487721079,15.27351565048317,26.66099651993131,19.64274487721079,19.64274487721079,1.2754660737068286,1.2754660737068286,1.2754660737068286,1.2754660737068286,1.2754660737068286,1.2754660737068286,0.0,0.0,0.0,20.91821095091762
70,2021-10-31,19.523583492218727,15.491928355876528,26.378853050415117,19.523583492218727,19.523583492218727,1.1517612442255971,1.1517612442255971,1.1517612442255971,1.1517612442255971,1.1517612442255971,1.1517612442255971,0.0,0.0,0.0,20.675344736444323
71,2021-11-30,19.40826602281967,13.610771781629545,24.53686042478531,19.40826602281967,19.40826602281967,-0.025277919356611448,-0.025277919356611448,-0.025277919356611448,-0.025277919356611448,-0.025277919356611448,-0.025277919356611448,0.0,0.0,0.0,19.38298810346306
72,2021-12-31,19.289104637773985,13.212409659726744,24.013899907017553,19.289104637773985,19.289104637773985,-0.6700724427692545,-0.6700724427692545,-0.6700724427692545,-0.6700724427692545,-0.6700724427692545,-0.6700724427692545,0.0,0.0,0.0,18.61903219500473
73,2022-01-31,19.1699432527283,10.930787420008059,21.90526042798018,19.1699432527283,19.1699432527283,-2.527012853334831,-2.527012853334831,-2.527012853334831,-2.527012853334831,-2.527012853334831,-2.527012853334831,0.0,0.0,0.0,16.642930399393467
74,2022-02-28,19.062313614186436,18.87486823146373,30.384068349536033,19.062313614186436,19.062313614186436,5.233191075998296,5.233191075998296,5.233191075998296,5.233191075998296,5.233191075998296,5.233191075998296,0.0,0.0,0.0,24.295504690184732
75,2022-03-31,18.943152228657944,12.081228810506971,23.100120382295614,18.943152228657944,18.943152228657944,-1.2516726973450194,-1.2516726973450194,-1.2516726973450194,-1.2516726973450194,-1.2516726973450194,-1.2516726973450194,0.0,0.0,0.0,17.691479531312925
76,2022-04-30,18.82783475879166,10.934276929459196,22.124386467384152,18.82783475879166,18.82783475879166,-2.368253992304461,-2.368253992304461,-2.368253992304461,-2.368253992304461,-2.368253992304461,-2.368253992304461,0.0,0.0,0.0,16.4595807664872
77,2022-05-31,18.7086514609647,12.296417120015883,23.297697321404655,18.7086514609647,18.7086514609647,-1.4578495165596026,-1.4578495165596026,-1.4578495165596026,-1.4578495165596026,-1.4578495165596026,-1.4578495165596026,0.0,0.0,0.0,17.250801944405097
78,2022-06-30,18.59331278564829,15.218711391534645,26.108934700883065,18.59331278564829,18.59331278564829,2.0165081347178715,2.0165081347178715,2.0165081347178715,2.0165081347178715,2.0165081347178715,2.0165081347178715,0.0,0.0,0.0,20.60982092036616
79,2022-07-31,18.474129487821333,13.704230170684406,24.481563500907654,18.474129487821333,18.474129487821333,0.7355587153801403,0.7355587153801403,0.7355587153801403,0.7355587153801403,0.7355587153801403,0.7355587153801403,0.0,0.0,0.0,19.209688203201473
80,2022-08-31,18.354946189994372,12.37651340286212,23.35390897927668,18.354946189994372,18.354946189994372,-0.5220409346796316,-0.5220409346796316,-0.5220409346796316,-0.5220409346796316,-0.5220409346796316,-0.5220409346796316,0.0,0.0,0.0,17.832905255314742
81,2022-09-30,18.23960751467796,12.944049274474684,24.086237534581528,18.23960751467796,18.23960751467796,0.19902093014072061,0.19902093014072061,0.19902093014072061,0.19902093014072061,0.19902093014072061,0.19902093014072061,0.0,0.0,0.0,18.43862844481868
82,2022-10-31,18.120424216851,14.161233512333848,25.23661498368545,18.120424216851,18.120424216851,1.7865225410321413,1.7865225410321413,1.7865225410321413,1.7865225410321413,1.7865225410321413,1.7865225410321413,0.0,0.0,0.0,19.90694675788314
83,2022-11-30,18.00508554153459,11.924007638842523,23.43083901749515,18.00508554153459,18.00508554153459,-0.40342141846934404,-0.40342141846934404,-0.40342141846934404,-0.40342141846934404,-0.40342141846934404,-0.40342141846934404,0.0,0.0,0.0,17.601664123065248
84,2022-12-31,17.88590224370763,12.272996201184517,23.400042346229103,17.88590224370763,17.88590224370763,-0.18585580246112715,-0.18585580246112715,-0.18585580246112715,-0.18585580246112715,-0.18585580246112715,-0.18585580246112715,0.0,0.0,0.0,17.700046441246503
85,2023-01-31,17.766718945880672,10.308364214073983,20.237843046222597,17.766718945880672,17.766718945880672,-2.59154231286313,-2.59154231286313,-2.59154231286313,-2.59154231286313,-2.59154231286313,-2.59154231286313,0.0,0.0,0.0,15.175176633017543
86,2023-02-28,17.659069515585355,17.940787648106188,28.927971261793765,17.659069515585355,17.659069515585355,5.861484991548426,5.861484991548426,5.861484991548426,5.861484991548426,5.861484991548426,5.861484991548426,0.0,0.0,0.0,23.52055450713378
87,2023-03-31,17.539886217758394,10.001838553570181,21.04879935722766,17.539886217758394,17.539886217758394,-2.189118667526558,-2.189118667526558,-2.189118667526558,-2.189118667526558,-2.189118667526558,-2.189118667526558,0.0,0.0,0.0,15.350767550231836
88,2023-04-30,17.42454754244198,9.080669538495902,20.226135455331455,17.42454754244198,17.42454754244198,-2.738364536543329,-2.738364536543329,-2.738364536543329,-2.738364536543329,-2.738364536543329,-2.738364536543329,0.0,0.0,0.0,14.686183005898652
89,2023-05-31,17.30536424461502,10.092013236342869,20.81481405175214,17.30536424461502,17.30536424461502,-1.6550181377589375,-1.6550181377589375,-1.6550181377589375,-1.6550181377589375,-1.6550181377589375,-1.6550181377589375,0.0,0.0,0.0,15.650346106856084
90,2023-06-30,17.190025569298612,15.278296881434942,26.101420145722734,17.190025569298612,17.190025569298612,3.552728859313212,3.552728859313212,3.552728859313212,3.552728859313212,3.552728859313212,3.552728859313212,0.0,0.0,0.0,20.742754428611825
91,2023-07-31,17.07084227147165,11.858438873045108,22.66242113683406,17.07084227147165,17.07084227147165,0.3134378342867192,0.3134378342867192,0.3134378342867192,0.3134378342867192,0.3134378342867192,0.3134378342867192,0.0,0.0,0.0,17.38428010575837
92,2023-08-31,16.95165897364469,11.062594026040662,21.850525356416956,16.95165897364469,16.95165897364469,-0.44757197693985273,-0.44757197693985273,-0.44757197693985273,-0.44757197693985273,-0.44757197693985273,-0.44757197693985273,0.0,0.0,0.0,16.50408699670484
93,2023-09-30,16.83632029832828,10.765563605379771,21.521047613105633,16.83632029832828,16.83632029832828,-0.8698700214716097,-0.8698700214716097,-0.8698700214716097,-0.8698700214716097,-0.8698700214716097,-0.8698700214716097,0.0,0.0,0.0,15.96645027685667
94,2023-10-31,16.717137000501317,13.577149531604134,24.642025871361245,16.717137000501317,16.717137000501317,2.4337012544179664,2.4337012544179664,2.4337012544179664,2.4337012544179664,2.4337012544179664,2.4337012544179664,0.0,0.0,0.0,19.150838254919282
95,2023-11-30,16.60179832518491,10.459094379127825,21.037977353034787,16.60179832518491,16.60179832518491,-0.7766984211233319,-0.7766984211233319,-0.7766984211233319,-0.7766984211233319,-0.7766984211233319,-0.7766984211233319,0.0,0.0,0.0,15.825099904061577
96,2023-12-31,16.482615027357948,11.237227737624012,22.142552711461136,16.482615027357948,16.482615027357948,0.3040350566082336,0.3040350566082336,0.3040350566082336,0.3040350566082336,0.3040350566082336,0.3040350566082336,0.0,0.0,0.0,16.786650083966183
97,2024-01-01,16.4787704048474,9.471904126293754,20.4217067433009,16.4787704048474,16.4787704048474,-1.6195078486630659,-1.6195078486630659,-1.6195078486630659,-1.6195078486630659,-1.6195078486630659,-1.6195078486630659,0.0,0.0,0.0,14.859262556184333
98,2024-01-02,16.474925782336854,7.812894578636584,18.707940478960783,16.474925782336854,16.474925782336854,-3.429266102366577,-3.429266102366577,-3.429266102366577,-3.429266102366577,-3.429266102366577,-3.429266102366577,0.0,0.0,0.0,13.045659679970276
99,2024-01-03,16.471081159826305,5.630319578902652,16.59978342507958,16.471081159826305,16.471081159826305,-5.097305071488957,-5.097305071488957,-5.097305071488957,-5.097305071488957,-5.097305071488957,-5.097305071488957,0.0,0.0,0.0,11.373776088337348
100,2024-01-04,16.46723653731576,4.569652837491462,15.26783058566718,16.46723653731576,16.46723653731576,-6.599747181049491,-6.599747181049491,-6.599747181049491,-6.599747181049491,-6.599747181049491,-6.599747181049491,0.0,0.0,0.0,9.867489356266269
101,2024-01-05,16.46339191480521,3.1342280557137854,13.904017113687148,16.46339191480521,16.46339191480521,-7.917313229973473,-7.917313229973473,-7.917313229973473,-7.917313229973473,-7.917313229973473,-7.917313229973473,0.0,0.0,0.0,8.546078684831738
102,2024-01-06,16.459547292294666,2.0223047280656257,13.659270669967407,16.459547292294666,16.459547292294666,-9.035726586099836,-9.035726586099836,-9.035726586099836,-9.035726586099836,-9.035726586099836,-9.035726586099836,0.0,0.0,0.0,7.42382070619483
103,2024-01-07,16.45570266978412,0.933871463628093,12.16787738556554,16.45570266978412,16.45570266978412,-9.945967930865164,-9.945967930865164,-9.945967930865164,-9.945967930865164,-9.945967930865164,-9.945967930865164,0.0,0.0,0.0,6.509734738918956
104,2024-01-08,16.451858047273575,0.4334293208818427,11.623875911852814,16.451858047273575,16.451858047273575,-10.644372859488097,-10.644372859488097,-10.644372859488097,-10.644372859488097,-10.644372859488097,-10.644372859488097,0.0,0.0,0.0,5.807485187785478
105,2024-01-09,16.448013424763026,0.040039496276296126,10.959891525064423,16.448013424763026,16.448013424763026,-11.132569554932939,-11.132569554932939,-11.132569554932939,-11.132569554932939,-11.132569554932939,-11.132569554932939,0.0,0.0,0.0,5.315443869830087
106,2024-01-10,16.44416880225248,-0.42232804363389576,10.630162133684962,16.44416880225248,16.44416880225248,-11.417258788384093,-11.417258788384093,-11.417258788384093,-11.417258788384093,-11.417258788384093,-11.417258788384093,0.0,0.0,0.0,5.026910013868388
107,2024-01-11,16.440324179741932,-0.46067350075400715,10.378925895953223,16.440324179741932,16.440324179741932,-11.509843497824427,-11.509843497824427,-11.509843497824427,-11.509843497824427,-11.509843497824427,-11.509843497824427,0.0,0.0,0.0,4.930480681917505
108,2024-01-12,16.436479557231387,-0.09352971394789522,10.712159448674035,16.436479557231387,16.436479557231387,-11.425919998410416,-11.425919998410416,-11.425919998410416,-11.425919998410416,-11.425919998410416,-11.425919998410416,0.0,0.0,0.0,5.010559558820971
109,2024-01-13,16.432634934720838,-0.6185319808955017,11.070146440607143,16.432634934720838,16.432634934720838,-11.184647330984676,-11.184647330984676,-11.184647330984676,-11.184647330984676,-11.184647330984676,-11.184647330984676,0.0,0.0,0.0,5.247987603736162
110,2024-01-14,16.42879031221029,0.3971260865314331,11.393667617898442,16.42879031221029,16.42879031221029,-10.808015212580482,-10.808015212580482,-10.808015212580482,-10.808015212580482,-10.808015212580482,-10.808015212580482,0.0,0.0,0.0,5.620775099629807
111,2024-01-15,16.424945689699744,0.5049118698662246,11.55787667301148,16.424945689699744,16.424945689699744,-10.320034385932578,-10.320034385932578,-10.320034385932578,-10.320034385932578,-10.320034385932578,-10.320034385932578,0.0,0.0,0.0,6.104911303767166
112,2024-01-16,16.421101067189195,1.3370140871131673,12.17632795721205,16.421101067189195,16.421101067189195,-9.745875761988195,-9.745875761988195,-9.745875761988195,-9.745875761988195,-9.745875761988195,-9.745875761988195,0.0,0.0,0.0,6.675225305201
113,2024-01-17,16.417256444678646,1.601995206835369,12.650839080774697,16.417256444678646,16.417256444678646,-9.110986521542737,-9.110986521542737,-9.110986521542737,-9.110986521542737,-9.110986521542737,-9.110986521542737,0.0,0.0,0.0,7.306269923135909
114,2024-01-18,16.4134118221681,2.4336195859173433,13.669105972175613,16.4134118221681,16.4134118221681,-8.440212225914145,-8.440212225914145,-8.440212225914145,-8.440212225914145,-8.440212225914145,-8.440212225914145,0.0,0.0,0.0,7.973199596253956
115,2024-01-19,16.409567199657555,2.9747361259814937,14.39890810089209,16.409567199657555,16.409567199657555,-7.756953944991133,-7.756953944991133,-7.756953944991133,-7.756953944991133,-7.756953944991133,-7.756953944991133,0.0,0.0,0.0,8.652613254666424
116,2024-01-20,16.40572257714701,4.091286254688986,15.299746982430257,16.40572257714701,16.40572257714701,-7.0823884382789295,-7.0823884382789295,-7.0823884382789295,-7.0823884382789295,-7.0823884382789295,-7.0823884382789295,0.0,0.0,0.0,9.32333413886808
117,2024-01-21,16.40187795463646,4.401578464601198,15.979926144266006,16.40187795463646,16.40187795463646,-6.434777541145686,-6.434777541145686,-6.434777541145686,-6.434777541145686,-6.434777541145686,-6.434777541145686,0.0,0.0,0.0,9.967100413490776
118,2024-01-22,16.398033332125916,5.412330522444161,16.01298859035177,16.398033332125916,16.398033332125916,-5.828890166609263,-5.828890166609263,-5.828890166609263,-5.828890166609263,-5.828890166609263,-5.828890166609263,0.0,0.0,0.0,10.569143165516653
119,2024-01-23,16.394188709615367,5.8668246279386365,16.367846982858847,16.394188709615367,16.394188709615367,-5.275556810899866,-5.275556810899866,-5.275556810899866,-5.275556810899866,-5.275556810899866,-5.275556810899866,0.0,0.0,0.0,11.1186318987155
120,2024-01-24,16.390344087104822,6.283263958091353,17.160282832141032,16.390344087104822,16.390344088311423,-4.7813722518762924,-4.7813722518762924,-4.7813722518762924,-4.7813722518762924,-4.7813722518762924,-4.7813722518762924,0.0,0.0,0.0,11.60897183522853
