,ds,trend,yhat_lower,yhat_upper,trend_lower,trend_upper,additive_terms,additive_terms_lower,additive_terms_upper,yearly,yearly_lower,yearly_upper,multiplicative_terms,multiplicative_terms_lower,multiplicative_terms_upper,yhat
0,2015-12-31,20.904536,19.12325171138298,29.00905878819278,20.904536,20.904536,3.128340018150425,3.128340018150425,3.128340018150425,3.128340018150425,3.128340018150425,3.128340018150425,0.0,0.0,0.0,24.032876018150425
1,2016-01-31,20.835042153148528,12.57885982794005,21.976872029087843,20.835042153148528,20.835042153148528,-3.3973752273355804,-3.3973752273355804,-3.3973752273355804,-3.3973752273355804,-3.3973752273355804,-3.3973752273355804,0.0,0.0,0.0,17.437666925812948
2,2016-02-29,20.770031780287475,19.31257488742396,29.09670056779656,20.770031780287475,20.770031780287475,3.247011401926876,3.247011401926876,3.247011401926876,3.247011401926876,3.247011401926876,3.247011401926876,0.0,0.0,0.0,24.01704318221435
3,2016-03-31,20.700537933436003,17.130116685939246,26.24919318170446,20.700537933436003,20.700537933436003,1.031634165823151,1.031634165823151,1.031634165823151,1.031634165823151,1.031634165823151,1.031634165823151,0.0,0.0,0.0,21.732172099259152
4,2016-04-30,20.633285823615857,15.539053977068303,25.187252421706873,20.633285823615857,20.633285823615857,-0.17543594556771547,-0.17543594556771547,-0.17543594556771547,-0.17543594556771547,-0.17543594556771547,-0.17543594556771547,0.0,0.0,0.0,20.45784987804814
5,2016-05-31,20.563791976801703,16.698058404594043,26.644920586927388,20.563791976801703,20.563791976801703,0.9672835744969699,0.9672835744969699,0.9672835744969699,0.9672835744969699,0.9672835744969699,0.9672835744969699,0.0,0.0,0.0,21.531075551298674
6,2016-06-30,20.496539866981554,17.226922464156505,26.30226359059533,20.496539866981554,20.496539866981554,1.310010364115805,1.310010364115805,1.310010364115805,1.310010364115805,1.310010364115805,1.310010364115805,0.0,0.0,0.0,21.806550231097358
7,2016-07-31,20.427046020155217,16.704705386716682,26.36677112373552,20.427046020155217,20.427046020155217,0.9350322836301656,0.9350322836301656,0.9350322836301656,0.9350322836301656,0.9350322836301656,0.9350322836301656,0.0,0.0,0.0,21.36207830378538
8,2016-08-31,20.35755217332888,15.951859007354203,25.05432246096178,20.35755217332888,20.35755217332888,0.28679084500246216,0.28679084500246216,0.28679084500246216,0.28679084500246216,0.28679084500246216,0.28679084500246216,0.0,0.0,0.0,20.64434301833134
9,2016-09-30,20.290300063496947,13.307796825895453,22.1616482703229,20.290300063496947,20.290300063496947,-2.4509246740926764,-2.4509246740926764,-2.4509246740926764,-2.4509246740926764,-2.4509246740926764,-2.4509246740926764,0.0,0.0,0.0,17.83937538940427
10,2016-10-31,20.220806216691294,16.533622834873924,26.06856391173396,20.220806216691294,20.220806216691294,1.2197939787676888,1.2197939787676888,1.2197939787676888,1.2197939787676888,1.2197939787676888,1.2197939787676888,0.0,0.0,0.0,21.440600195458984
11,2016-11-30,20.153554106879373,16.06381200822373,25.889685923736177,20.153554106879373,20.153554106879373,0.8581884860384303,0.8581884860384303,0.8581884860384303,0.8581884860384303,0.8581884860384303,0.8581884860384303,0.0,0.0,0.0,21.011742592917802
12,2016-12-31,20.08406026007372,12.692962708539167,22.141568485955826,20.08406026007372,20.08406026007372,-2.6001287271165223,-2.6001287271165223,-2.6001287271165223,-2.6001287271165223,-2.6001287271165223,-2.6001287271165223,0.0,0.0,0.0,17.483931532957197
13,2017-01-31,20.014566413244058,15.7106249157562,25.113469216204273,20.014566413244058,20.014566413244058,0.4632779798265831,0.4632779798265831,0.4632779798265831,0.4632779798265831,0.4632779798265831,0.4632779798265831,0.0,0.0,0.0,20.47784439307064
14,2017-02-28,19.95179777739791,19.24321082986328,28.248662551531563,19.95179777739791,19.95179777739791,3.870264323023101,3.870264323023101,3.870264323023101,3.870264323023101,3.870264323023101,3.870264323023101,0.0,0.0,0.0,23.82206210042101
15,2017-03-31,19.882303930568245,15.945628695877767,25.38285664423214,19.882303930568245,19.882303930568245,0.9113822235603857,0.9113822235603857,0.9113822235603857,0.9113822235603857,0.9113822235603857,0.9113822235603857,0.0,0.0,0.0,20.79368615412863
16,2017-04-30,19.815051820689515,15.179240687675888,24.978523802289065,19.815051820689515,19.815051820689515,0.203935698593486,0.203935698593486,0.203935698593486,0.203935698593486,0.203935698593486,0.203935698593486,0.0,0.0,0.0,20.018987519283
17,2017-05-31,19.745557973814826,15.143401688015334,24.72835442555208,19.745557973814826,19.745557973814826,0.2322274760862732,0.2322274760862732,0.2322274760862732,0.2322274760862732,0.2322274760862732,0.2322274760862732,0.0,0.0,0.0,19.9777854499011
18,2017-06-30,19.678305863936096,16.25169998995238,25.701883371343676,19.678305863936096,19.678305863936096,1.3101025558596284,1.3101025558596284,1.3101025558596284,1.3101025558596284,1.3101025558596284,1.3101025558596284,0.0,0.0,0.0,20.988408419795725
19,2017-07-31,19.60881201699224,16.16142656047602,25.49129764875343,19.60881201699224,19.60881201699224,1.2013297063750497,1.2013297063750497,1.2013297063750497,1.2013297063750497,1.2013297063750497,1.2013297063750497,0.0,0.0,0.0,20.810141723367288
20,2017-08-31,19.539318170048386,15.23583997382446,24.569687957688053,19.539318170048386,19.539318170048386,0.534389343141924,0.534389343141924,0.534389343141924,0.534389343141924,0.534389343141924,0.534389343141924,0.0,0.0,0.0,20.07370751319031
21,2017-09-30,19.47206606010272,12.623981364275961,22.134916602435716,19.47206606010272,19.47206606010272,-2.1032334803211663,-2.1032334803211663,-2.1032334803211663,-2.1032334803211663,-2.1032334803211663,-2.1032334803211663,0.0,0.0,0.0,17.368832579781554
22,2017-10-31,19.402572213100964,15.490559936794972,24.631288962488266,19.402572213100964,19.402572213100964,0.7749266611914054,0.7749266611914054,0.7749266611914054,0.7749266611914054,0.7749266611914054,0.7749266611914054,0.0,0.0,0.0,20.177498874292368
23,2017-11-30,19.335320103099267,14.2309376442997,23.87915750046727,19.335320103099267,19.335320103099267,-0.2237441728869568,-0.2237441728869568,-0.2237441728869568,-0.2237441728869568,-0.2237441728869568,-0.2237441728869568,0.0,0.0,0.0,19.11157593021231
24,2017-12-31,19.26582625609751,13.884829153627793,23.344954936389428,19.26582625609751,19.26582625609751,-0.6921427130236999,-0.6921427130236999,-0.6921427130236999,-0.6921427130236999,-0.6921427130236999,-0.6921427130236999,0.0,0.0,0.0,18.573683543073813
25,2018-01-31,19.196332409052722,13.75497886419178,23.061425962970322,19.196332409052722,19.196332409052722,-0.8104031954645098,-0.8104031954645098,-0.8104031954645098,-0.8104031954645098,-0.8104031954645098,-0.8104031954645098,0.0,0.0,0.0,18.385929213588213
26,2018-02-28,19.133563773012266,18.71175705008908,28.30659909010125,19.133563773012266,19.133563773012266,4.501285527969559,4.501285527969559,4.501285527969559,4.501285527969559,4.501285527969559,4.501285527969559,0.0,0.0,0.0,23.634849300981827
27,2018-03-31,19.064069925967477,15.327307108071405,24.66848438589375,19.064069925967477,19.064069925967477,0.7876990458527554,0.7876990458527554,0.7876990458527554,0.7876990458527554,0.7876990458527554,0.7876990458527554,0.0,0.0,0.0,19.85176897182023
28,2018-04-30,18.996817815879346,15.03127989226518,24.166286868984148,18.996817815879346,18.996817815879346,0.5732184684686819,0.5732184684686819,0.5732184684686819,0.5732184684686819,0.5732184684686819,0.5732184684686819,0.0,0.0,0.0,19.570036284348028
29,2018-05-31,18.92732396878828,13.395142473506706,23.118762080181728,18.92732396878828,18.92732396878828,-0.5066725719602931,-0.5066725719602931,-0.5066725719602931,-0.5066725719602931,-0.5066725719602931,-0.5066725719602931,0.0,0.0,0.0,18.420651396827985
30,2018-06-30,18.860071858700145,15.278628997139615,24.58057498282675,18.860071858700145,18.860071858700145,1.3246331137471088,1.3246331137471088,1.3246331137471088,1.3246331137471088,1.3246331137471088,1.3246331137471088,0.0,0.0,0.0,20.184704972447253
31,2018-07-31,18.790578011545026,15.705571378076886,24.569776390222362,18.790578011545026,18.790578011545026,1.4749892343737347,1.4749892343737347,1.4749892343737347,1.4749892343737347,1.4749892343737347,1.4749892343737347,0.0,0.0,0.0,20.26556724591876
32,2018-08-31,18.7210841643899,14.800329449431029,24.38982742545746,18.7210841643899,18.7210841643899,0.7810080211386373,0.7810080211386373,0.7810080211386373,0.7810080211386373,0.7810080211386373,0.7810080211386373,0.0,0.0,0.0,19.502092185528536
33,2018-09-30,18.653832054239782,12.124103970011742,21.476627335754344,18.653832054239782,18.653832054239782,-1.7690037077722358,-1.7690037077722358,-1.7690037077722358,-1.7690037077722358,-1.7690037077722358,-1.7690037077722358,0.0,0.0,0.0,16.884828346467547
34,2018-10-31,18.584338207109354,13.974580067800327,24.085612164024763,18.584338207109354,18.584338207109354,0.31365395479205244,0.31365395479205244,0.31365395479205244,0.31365395479205244,0.31365395479205244,0.31365395479205244,0.0,0.0,0.0,18.897992161901406
35,2018-11-30,18.51708609698313,12.208812542083205,21.897565439600587,18.51708609698313,18.51708609698313,-1.278427185896768,-1.278427185896768,-1.278427185896768,-1.278427185896768,-1.278427185896768,-1.278427185896768,0.0,0.0,0.0,17.238658911086365
36,2018-12-31,18.4475922498527,14.484348266780477,23.83194349891749,18.4475922498527,18.4475922498527,1.2178641901608458,1.2178641901608458,1.2178641901608458,1.2178641901608458,1.2178641901608458,1.2178641901608458,0.0,0.0,0.0,19.665456440013546
37,2019-01-31,18.378098402737823,11.862728069850043,21.083799860821163,18.378098402737823,18.378098402737823,-2.0975651902482277,-2.0975651902482277,-2.0975651902482277,-2.0975651902482277,-2.0975651902482277,-2.0975651902482277,0.0,0.0,0.0,16.280533212489594
38,2019-02-28,18.31532976663406,18.60054654906124,27.92920199744495,18.31532976663406,18.31532976663406,5.139606578576407,5.139606578576407,5.139606578576407,5.139606578576407,5.139606578576407,5.139606578576407,0.0,0.0,0.0,23.45493634521047
39,2019-03-31,18.245835919519187,13.961668509326554,23.731571350719875,18.245835919519187,18.245835919519187,0.6605032285618277,0.6605032285618277,0.6605032285618277,0.6605032285618277,0.6605032285618277,0.6605032285618277,0.0,0.0,0.0,18.906339148081017
40,2019-04-30,18.178583809408018,14.236763993436488,23.73513195743501,18.178583809408018,18.178583809408018,0.9322383926580666,0.9322383926580666,0.9322383926580666,0.9322383926580666,0.9322383926580666,0.9322383926580666,0.0,0.0,0.0,19.110822202066085
41,2019-05-31,18.10908996222222,11.962046531442665,21.5749679745803,18.10908996222222,18.10908996222222,-1.248635812160094,-1.248635812160094,-1.248635812160094,-1.248635812160094,-1.248635812160094,-1.248635812160094,0.0,0.0,0.0,16.860454150062125
42,2019-06-30,18.04183785204242,14.533966464130275,24.097182356311038,18.04183785204242,18.04183785204242,1.3536837932214068,1.3536837932214068,1.3536837932214068,1.3536837932214068,1.3536837932214068,1.3536837932214068,0.0,0.0,0.0,19.395521645263827
43,2019-07-31,17.972344004856627,15.211967746022228,24.65039584148673,17.972344004856627,17.972344004856627,1.755609831077353,1.755609831077353,1.755609831077353,1.755609831077353,1.755609831077353,1.755609831077353,0.0,0.0,0.0,19.72795383593398
44,2019-08-31,17.902848127719647,14.174594978609115,23.652363536999864,17.902848127719647,17.902848127719647,1.0261835657099823,1.0261835657099823,1.0261835657099823,1.0261835657099823,1.0261835657099823,1.0261835657099823,0.0,0.0,0.0,18.92903169342963
45,2019-09-30,17.83559405307095,11.606714939840709,21.28926473508887,17.83559405307095,17.83559405307095,-1.4485353124448945,-1.4485353124448945,-1.4485353124448945,-1.4485353124448945,-1.4485353124448945,-1.4485353124448945,0.0,0.0,0.0,16.387058740626053
46,2019-10-31,17.76609817593397,12.645432384232299,22.42516673148949,17.76609817593397,17.76609817593397,-0.16331130799643964,-0.16331130799643964,-0.16331130799643964,-0.16331130799643964,-0.16331130799643964,-0.16331130799643964,0.0,0.0,0.0,17.602786867937528
47,2019-11-30,17.69884410122544,10.63674317738179,20.273047697482923,17.69884410122544,17.69884410122544,-2.30499503466029,-2.30499503466029,-2.30499503466029,-2.30499503466029,-2.30499503466029,-2.30499503466029,0.0,0.0,0.0,15.39384906656515
48,2019-12-31,17.62934822402663,16.124279500443112,25.66849950018404,17.62934822402663,17.62934822402663,3.1283400181442267,3.1283400181442267,3.1283400181442267,3.1283400181442267,3.1283400181442267,3.1283400181442267,0.0,0.0,0.0,20.757688242170854
49,2020-01-31,17.55985234682782,9.156157415935137,19.141206301747935,17.55985234682782,17.55985234682782,-3.3973752273412448,-3.3973752273412448,-3.3973752273412448,-3.3973752273412448,-3.3973752273412448,-3.3973752273412448,0.0,0.0,0.0,14.162477119486576
50,2020-02-29,17.494840074552652,16.175616235447166,25.26836342306413,17.494840074552652,17.494840074552652,3.2470114019312266,3.2470114019312266,3.2470114019312266,3.2470114019312266,3.2470114019312266,3.2470114019312266,0.0,0.0,0.0,20.74185147648388
51,2020-03-31,17.425344197292993,13.544485512371875,23.247093038018434,17.425344197292993,17.425344197292993,1.031634165816592,1.031634165816592,1.031634165816592,1.031634165816592,1.031634165816592,1.031634165816592,0.0,0.0,0.0,18.456978363109585
52,2020-04-30,17.358090122525574,12.510699308247881,21.7524059051739,17.358090122525574,17.358090122525574,-0.17543594556317388,-0.17543594556317388,-0.17543594556317388,-0.17543594556317388,-0.17543594556317388,-0.17543594556317388,0.0,0.0,0.0,17.1826541769624
53,2020-05-31,17.28859424529794,13.27628194462853,23.059443855662227,17.28859424529794,17.28859424529794,0.9672835744980194,0.9672835744980194,0.9672835744980194,0.9672835744980194,0.9672835744980194,0.9672835744980194,0.0,0.0,0.0,18.25587781979596
54,2020-06-30,17.221340170561522,13.74502921848918,23.38127993898672,17.221340170561522,17.221340170561522,1.310010364109854,1.310010364109854,1.310010364109854,1.310010364109854,1.310010364109854,1.310010364109854,0.0,0.0,0.0,18.531350534671375
55,2020-07-31,17.151844293333895,13.56530955927988,22.71637459140084,17.151844293333895,17.151844293333895,0.9350322836258802,0.9350322836258802,0.9350322836258802,0.9350322836258802,0.9350322836258802,0.9350322836258802,0.0,0.0,0.0,18.086876576959774
56,2020-08-31,17.08234841394336,12.722956976570067,22.149323446314302,17.08234841394336,17.08234841394336,0.2867908449991197,0.2867908449991197,0.2867908449991197,0.2867908449991197,0.2867908449991197,0.2867908449991197,0.0,0.0,0.0,17.369139258942482
57,2020-09-30,17.015094337113815,9.343491591656145,19.142185779909425,17.015094337113815,17.015094337113815,-2.4509246740946167,-2.4509246740946167,-2.4509246740946167,-2.4509246740946167,-2.4509246740946167,-2.4509246740946167,0.0,0.0,0.0,14.564169663019198
58,2020-10-31,16.945598457723282,13.283001951134718,22.661680053876292,16.945598457723282,16.945598457723282,1.2197939787639493,1.2197939787639493,1.2197939787639493,1.2197939787639493,1.2197939787639493,1.2197939787639493,0.0,0.0,0.0,18.16539243648723
59,2020-11-30,16.878344380831404,12.97040120690016,22.543168981255793,16.878344380831404,16.878344380831404,0.8581884860377836,0.8581884860377836,0.8581884860377836,0.8581884860377836,0.8581884860377836,0.8581884860377836,0.0,0.0,0.0,17.736532866869187
60,2020-12-31,16.80884850137647,9.077295341358335,18.899491012953924,16.80884850137647,16.80884850137647,-2.600128727107471,-2.600128727107471,-2.600128727107471,-2.600128727107471,-2.600128727107471,-2.600128727107471,0.0,0.0,0.0,14.208719774269
61,2021-01-31,16.739352621921533,12.21741111269355,21.75219299326182,16.739352621921533,16.739352621921533,0.4632779798268466,0.4632779798268466,0.4632779798268466,0.4632779798268466,0.4632779798268466,0.4632779798268466,0.0,0.0,0.0,17.20263060174838
62,2021-02-28,16.676582150171928,15.842377714345691,25.008900143194346,16.676582150171928,16.676582150171928,3.870264323018392,3.870264323018392,3.870264323018392,3.870264323018392,3.870264323018392,3.870264323018392,0.0,0.0,0.0,20.54684647319032
63,2021-03-31,16.607086270734865,12.750260494476256,22.11023263269738,16.607086270734865,16.607086270734865,0.9113822235569935,0.9113822235569935,0.9113822235569935,0.9113822235569935,0.9113822235569935,0.9113822235569935,0.0,0.0,0.0,17.51846849429186
64,2021-04-30,16.539832193860285,11.772258372213654,21.1685100383574,16.539832193860285,16.539832193860285,0.20393569859295083,0.20393569859295083,0.20393569859295083,0.20393569859295083,0.20393569859295083,0.20393569859295083,0.0,0.0,0.0,16.743767892453235
65,2021-05-31,16.47033631432836,11.73038323672378,21.379832144869624,16.47033631432836,16.47033631432836,0.23222747608438613,0.23222747608438613,0.23222747608438613,0.23222747608438613,0.23222747608438613,0.23222747608438613,0.0,0.0,0.0,16.702563790412746
66,2021-06-30,16.40308223736198,13.24330805932085,22.340709507572605,16.40308223736198,16.40308223736198,1.3101025558578105,1.3101025558578105,1.3101025558578105,1.3101025558578105,1.3101025558578105,1.3101025558578105,0.0,0.0,0.0,17.71318479321979
67,2021-07-31,16.33358635783005,13.10710339872846,22.18833019712427,16.33358635783005,16.33358635783005,1.2013297063825652,1.2013297063825652,1.2013297063825652,1.2013297063825652,1.2013297063825652,1.2013297063825652,0.0,0.0,0.0,17.534916064212617
68,2021-08-31,16.264090473199524,11.998925780718455,21.290487819184936,16.264090473199524,16.264090473199524,0.5343893431423149,0.5343893431423149,0.5343893431423149,0.5343893431423149,0.5343893431423149,0.5343893431423149,0.0,0.0,0.0,16.79847981634184
69,2021-09-30,16.196836391299012,9.085891393220917,19.035234705030334,16.196836391299012,16.196836391299012,-2.103233480327912,-2.103233480327912,-2.103233480327912,-2.103233480327912,-2.103233480327912,-2.103233480327912,0.0,0.0,0.0,14.0936029109711
70,2021-10-31,16.127340506668485,11.871478844957048,21.304557026216802,16.127340506668485,16.127340506668485,0.7749266611968301,0.7749266611968301,0.7749266611968301,0.7749266611968301,0.7749266611968301,0.7749266611968301,0.0,0.0,0.0,16.902267167865315
71,2021-11-30,16.060078545148365,11.388942757036224,20.984732093557895,16.060078545148365,16.060078545148365,-0.2237441728822516,-0.2237441728822516,-0.2237441728822516,-0.2237441728822516,-0.2237441728822516,-0.2237441728822516,0.0,0.0,0.0,15.836334372266112
72,2021-12-31,15.990574518244236,10.67208743577169,19.99846569833081,15.990574518244236,15.990574518244236,-0.6921427130197989,-0.6921427130197989,-0.6921427130197989,-0.6921427130197989,-0.6921427130197989,-0.6921427130197989,0.0,0.0,0.0,15.298431805224437
73,2022-01-31,15.921070491340112,10.412804312579256,19.887209605960056,15.921070491340112,15.921070491340112,-0.8104031954633147,-0.8104031954633147,-0.8104031954633147,-0.8104031954633147,-0.8104031954633147,-0.8104031954633147,0.0,0.0,0.0,15.110667295876798
74,2022-02-28,15.858255739919278,15.589996831286504,25.017508122749188,15.858255739919278,15.858255739919278,4.5012855279787285,4.5012855279787285,4.5012855279787285,4.5012855279787285,4.5012855279787285,4.5012855279787285,0.0,0.0,0.0,20.359541267898006
75,2022-03-31,15.7887108365605,11.832700860947712,21.058255814763655,15.7887108365605,15.7887108365605,0.787699045848378,0.787699045848378,0.787699045848378,0.787699045848378,0.787699045848378,0.787699045848378,0.0,0.0,0.0,16.57640988240888
76,2022-04-30,15.721409317181033,11.169796661411194,21.068280419778755,15.721409317181033,15.721409317181033,0.57321846846594,0.57321846846594,0.57321846846594,0.57321846846594,0.57321846846594,0.57321846846594,0.0,0.0,0.0,16.294627785646973
77,2022-05-31,15.651862862974262,10.295813949611869,19.723351996916897,15.651862862974262,15.651862862974262,-0.506672571954752,-0.506672571954752,-0.506672571954752,-0.506672571954752,-0.506672571954752,-0.506672571954752,0.0,0.0,0.0,15.14519029101951
78,2022-06-30,15.584559842774162,11.762491094171907,21.320361014305835,15.584559842774162,15.584559842774162,1.3246331137486569,1.3246331137486569,1.3246331137486569,1.3246331137486569,1.3246331137486569,1.3246331137486569,0.0,0.0,0.0,16.90919295652282
79,2022-07-31,15.51501338856739,12.447570719911726,21.531046446008837,15.51501338856739,15.51501338856739,1.4749892343689956,1.4749892343689956,1.4749892343689956,1.4749892343689956,1.4749892343689956,1.4749892343689956,0.0,0.0,0.0,16.990002622936384
80,2022-08-31,15.44546693436062,11.418242341614693,21.25373456832904,15.44546693436062,15.44546693436062,0.7810080211448426,0.7810080211448426,0.7810080211448426,0.7810080211448426,0.7810080211448426,0.7810080211448426,0.0,0.0,0.0,16.226474955505463
81,2022-09-30,15.378163914160519,8.815688925854234,18.350957880900328,15.378163914160519,15.378163914160519,-1.7690037077696503,-1.7690037077696503,-1.7690037077696503,-1.7690037077696503,-1.7690037077696503,-1.7690037077696503,0.0,0.0,0.0,13.609160206390868
82,2022-10-31,15.30861745995375,10.872276094625532,20.235683721512988,15.30861745995375,15.30861745995375,0.31365395479431823,0.31365395479431823,0.31365395479431823,0.31365395479431823,0.31365395479431823,0.31365395479431823,0.0,0.0,0.0,15.622271414748068
83,2022-11-30,15.241314439753648,9.233800844392622,18.66625909093788,15.241314439753648,15.241314439753648,-1.2784271858934741,-1.2784271858934741,-1.2784271858934741,-1.2784271858934741,-1.2784271858934741,-1.2784271858934741,0.0,0.0,0.0,13.962887253860174
84,2022-12-31,15.171767985546877,11.5967873963026,20.978944275522526,15.171767985546877,15.171767985546877,1.2178641901561797,1.2178641901561797,1.2178641901561797,1.2178641901561797,1.2178641901561797,1.2178641901561797,0.0,0.0,0.0,16.389632175703056
85,2023-01-31,15.102221531340104,8.38761174614838,17.679209826696,15.102221531340104,15.102221531340104,-2.097565190242837,-2.097565190242837,-2.097565190242837,-2.097565190242837,-2.097565190242837,-2.097565190242837,0.0,0.0,0.0,13.004656341097267
86,2023-02-28,15.039405379153347,15.482692809390468,24.533373438836158,15.039405379153347,15.039405379153347,5.139606578575837,5.139606578575837,5.139606578575837,5.139606578575837,5.139606578575837,5.139606578575837,0.0,0.0,0.0,20.179011957729184
87,2023-03-31,14.969858924946573,10.954531706501136,20.370581984948746,14.969858924946573,14.969858924946573,0.6605032285672411,0.6605032285672411,0.6605032285672411,0.6605032285672411,0.6605032285672411,0.6605032285672411,0.0,0.0,0.0,15.630362153513815
88,2023-04-30,14.902555904746473,11.064139925939935,20.490297903535204,14.902555904746473,14.902555904746473,0.9322383926560665,0.9322383926560665,0.9322383926560665,0.9322383926560665,0.9322383926560665,0.9322383926560665,0.0,0.0,0.0,15.834794297402539
89,2023-05-31,14.833009450539702,9.188727799959073,18.52933711800241,14.833009450539702,14.833009450539702,-1.2486358121616534,-1.2486358121616534,-1.2486358121616534,-1.2486358121616534,-1.2486358121616534,-1.2486358121616534,0.0,0.0,0.0,13.584373638378048
90,2023-06-30,14.7657064303396,11.45173811427038,20.711183573072937,14.7657064303396,14.7657064303396,1.353683793223005,1.353683793223005,1.353683793223005,1.353683793223005,1.353683793223005,1.353683793223005,0.0,0.0,0.0,16.119390223562604
91,2023-07-31,14.696159976132831,12.098434647524986,21.239572457498582,14.696159976132831,14.696159976132831,1.7556098310790815,1.7556098310790815,1.7556098310790815,1.7556098310790815,1.7556098310790815,1.7556098310790815,0.0,0.0,0.0,16.451769807211914
92,2023-08-31,14.626613521926062,10.926354061932562,20.471340335338564,14.626613521926062,14.626613521926062,1.026183565712337,1.026183565712337,1.026183565712337,1.026183565712337,1.026183565712337,1.026183565712337,0.0,0.0,0.0,15.6527970876384
93,2023-09-30,14.55931050172596,8.665388167295475,17.898271083419974,14.55931050172596,14.55931050172596,-1.448535312441053,-1.448535312441053,-1.448535312441053,-1.448535312441053,-1.448535312441053,-1.448535312441053,0.0,0.0,0.0,13.110775189284908
94,2023-10-31,14.489764047519188,9.350866526048222,18.859648205649272,14.489764047519188,14.489764047519188,-0.16331130800035332,-0.16331130800035332,-0.16331130800035332,-0.16331130800035332,-0.16331130800035332,-0.16331130800035332,0.0,0.0,0.0,14.326452739518835
95,2023-11-30,14.422461027319088,7.114909863586534,16.446018606480237,14.422461027319088,14.422461027319088,-2.3049950346614505,-2.3049950346614505,-2.3049950346614505,-2.3049950346614505,-2.3049950346614505,-2.3049950346614505,0.0,0.0,0.0,12.117465992657637
96,2023-12-31,14.352914573112317,12.376938552873469,22.612548616983638,14.352914573112317,14.352914573112317,3.1283400181432484,3.1283400181432484,3.1283400181432484,3.1283400181432484,3.1283400181432484,3.1283400181432484,0.0,0.0,0.0,17.481254591255563
97,2024-01-01,14.350671139105646,4.9247949232857104,14.739927939643357,14.350671139105646,14.350671139105646,-4.504548248699066,-4.504548248699066,-4.504548248699066,-4.504548248699066,-4.504548248699066,-4.504548248699066,0.0,0.0,0.0,9.84612289040658
98,2024-01-02,14.348427705098977,-2.371481662933243,6.894251530088306,14.348427705098977,14.348427705098977,-12.055956968759162,-12.055956968759162,-12.055956968759162,-12.055956968759162,-12.055956968759162,-12.055956968759162,0.0,0.0,0.0,2.2924707363398156
99,2024-01-03,14.346184271092305,-9.789516376308297,-0.6320508408346565,14.346184271092305,14.346184271092305,-19.429328665567073,-19.429328665567073,-19.429328665567073,-19.429328665567073,-19.429328665567073,-19.429328665567073,0.0,0.0,0.0,-5.083144394474768
100,2024-01-04,14.343940837085638,-17.088092269657153,-7.2159587650153165,14.343940837085638,14.343940837085638,-26.531984550319734,-26.531984550319734,-26.531984550319734,-26.531984550319734,-26.531984550319734,-26.531984550319734,0.0,0.0,0.0,-12.188043713234096
101,2024-01-05,14.341697403078966,-23.729320019629835,-13.887983465910077,14.341697403078966,14.341697403078966,-33.27650406502496,-33.27650406502496,-33.27650406502496,-33.27650406502496,-33.27650406502496,-33.27650406502496,0.0,0.0,0.0,-18.93480666194599
102,2024-01-06,14.339453969072299,-30.03794134762238,-20.46566332537738,14.339453969072299,14.339453969072299,-39.581976251932694,-39.581976251932694,-39.581976251932694,-39.581976251932694,-39.581976251932694,-39.581976251932694,0.0,0.0,0.0,-25.242522282860396
103,2024-01-07,14.337210535065626,-35.59474828890747,-26.210097124033155,14.337210535065626,14.337210535065626,-45.37510452045165,-45.37510452045165,-45.37510452045165,-45.37510452045165,-45.37510452045165,-45.37510452045165,0.0,0.0,0.0,-31.037893985386024
104,2024-01-08,14.334967101058957,-40.71184252965113,-31.687208635464287,14.334967101058957,14.334967101058957,-50.591150054578435,-50.591150054578435,-50.591150054578435,-50.591150054578435,-50.591150054578435,-50.591150054578435,0.0,0.0,0.0,-36.25618295351948
105,2024-01-09,14.332723667052287,-45.25954538814857,-36.09434422046247,14.332723667052287,14.332723667052287,-55.17470292217094,-55.17470292217094,-55.17470292217094,-55.17470292217094,-55.17470292217094,-55.17470292217094,0.0,0.0,0.0,-40.84197925511865
106,2024-01-10,14.330480233045618,-49.55401318773162,-39.85854117055818,14.330480233045618,14.330480233045618,-59.08027381668099,-59.08027381668099,-59.08027381668099,-59.08027381668099,-59.08027381668099,-59.08027381668099,0.0,0.0,0.0,-44.74979358363537
107,2024-01-11,14.328236799038946,-52.53212650369174,-42.928818739187626,14.328236799038946,14.328236799038946,-62.272703187966414,-62.272703187966414,-62.272703187966414,-62.272703187966414,-62.272703187966414,-62.272703187966414,0.0,0.0,0.0,-47.94446638892747
108,2024-01-12,14.325993365032277,-55.00546863758569,-45.67061447894848,14.325993365032277,14.325993365032277,-64.72738821670066,-64.72738821670066,-64.72738821670066,-64.72738821670066,-64.72738821670066,-64.72738821670066,0.0,0.0,0.0,-50.401394851668385
109,2024-01-13,14.323749931025606,-56.96720711427309,-47.549511749509,14.323749931025606,14.323749931025606,-66.43033157508502,-66.43033157508502,-66.43033157508502,-66.43033157508502,-66.43033157508502,-66.43033157508502,0.0,0.0,0.0,-52.10658164405942
110,2024-01-14,14.321506497018937,-57.72714451692003,-48.29875299237012,14.321506497018937,14.321506497018937,-67.37801912716158,-67.37801912716158,-67.37801912716158,-67.37801912716158,-67.37801912716158,-67.37801912716158,0.0,0.0,0.0,-53.05651263014264
111,2024-01-15,14.319263063012265,-58.134407890312445,-48.443075589811585,14.319263063012265,14.319263063012265,-67.57713659533945,-67.57713659533945,-67.57713659533945,-67.57713659533945,-67.57713659533945,-67.57713659533945,0.0,0.0,0.0,-53.25787353232719
112,2024-01-16,14.317019629005598,-57.00889618086051,-47.91271336033068,14.317019629005598,14.317019629005598,-67.04413770898381,-67.04413770898381,-67.04413770898381,-67.04413770898381,-67.04413770898381,-67.04413770898381,0.0,0.0,0.0,-52.72711807997821
113,2024-01-17,14.314776194998926,-56.26267409541155,-46.76981417108474,14.314776194998926,14.314776194998926,-65.80467842221545,-65.80467842221545,-65.80467842221545,-65.80467842221545,-65.80467842221545,-65.80467842221545,0.0,0.0,0.0,-51.48990222721652
114,2024-01-18,14.312532760992259,-53.91735806276903,-44.775020073198256,14.312532760992259,14.312532760992259,-63.89293342016129,-63.89293342016129,-63.89293342016129,-63.89293342016129,-63.89293342016129,-63.89293342016129,0.0,0.0,0.0,-49.58040065916903
115,2024-01-19,14.310289326985586,-51.969147637608906,-42.35837954813482,14.310289326985586,14.310289326985586,-61.350812316878894,-61.350812316878894,-61.350812316878894,-61.350812316878894,-61.350812316878894,-61.350812316878894,0.0,0.0,0.0,-47.040522989893304
116,2024-01-20,14.308045892978917,-48.58492693042911,-39.32161512854592,14.308045892978917,14.308045892978917,-58.22709368835646,-58.22709368835646,-58.22709368835646,-58.22709368835646,-58.22709368835646,-58.22709368835646,0.0,0.0,0.0,-43.919047795377544
117,2024-01-21,14.305802458972247,-44.71979431786112,-35.19054787897556,14.305802458972247,14.305802458972247,-54.57649539562818,-54.57649539562818,-54.57649539562818,-54.57649539562818,-54.57649539562818,-54.57649539562818,0.0,0.0,0.0,-40.270692936655934
118,2024-01-22,14.303559024965576,-40.77395929401092,-31.27157084686549,14.303559024965576,14.303559024965576,-50.458699561016665,-50.458699561016665,-50.458699561016665,-50.458699561016665,-50.458699561016665,-50.458699561016665,0.0,0.0,0.0,-36.15514053605109
119,2024-01-23,14.301315590958906,-36.40223102720512,-26.977733643384937,14.301315590958906,14.301315591462226,-45.93735010054208,-45.93735010054208,-45.93735010054208,-45.93735010054208,-45.93735010054208,-45.93735010054208,0.0,0.0,0.0,-31.636034509583176
120,2024-01-24,14.299072156952237,-31.64981780980383,-22.108093852897447,14.299072156952237,14.299072189833531,-41.07903992844712,-41.07903992844712,-41.07903992844712,-41.07903992844712,-41.07903992844712,-41.07903992844712,0.0,0.0,0.0,-26.77996777149489
