,ds,trend,yhat_lower,yhat_upper,trend_lower,trend_upper,additive_terms,additive_terms_lower,additive_terms_upper,yearly,yearly_lower,yearly_upper,multiplicative_terms,multiplicative_terms_lower,multiplicative_terms_upper,yhat
0,2018-01-31,12.268325333333332,5.985704588634551,15.099847130088808,12.268325333333332,12.268325333333332,-1.7199828136116155,-1.7199828136116155,-1.7199828136116155,-1.7199828136116155,-1.7199828136116155,-1.7199828136116155,0.0,0.0,0.0,10.548342519721716
1,2018-02-28,12.347412738194441,12.65158953682221,22.04813790877829,12.347412738194441,12.347412738194441,5.032356948298552,5.032356948298552,5.032356948298552,5.032356948298552,5.032356948298552,5.032356948298552,0.0,0.0,0.0,17.379769686492992
2,2018-03-31,12.434973793576386,8.461151438005972,18.25420348068521,12.434973793576386,12.434973793576386,0.76801567807875,0.76801567807875,0.76801567807875,0.76801567807875,0.76801567807875,0.76801567807875,0.0,0.0,0.0,13.202989471655137
3,2018-04-30,12.519710298718094,6.369445708156786,15.452942332892595,12.519710298718094,12.519710298718094,-1.4554145510415635,-1.4554145510415635,-1.4554145510415635,-1.4554145510415635,-1.4554145510415635,-1.4554145510415635,0.0,0.0,0.0,11.06429574767653
4,2018-05-31,12.607271354031191,7.6229647750390335,16.790869513682996,12.607271354031191,12.607271354031191,-0.1986235854143152,-0.1986235854143152,-0.1986235854143152,-0.1986235854143152,-0.1986235854143152,-0.1986235854143152,0.0,0.0,0.0,12.408647768616875
5,2018-06-30,12.692007859089491,12.076098073697315,21.318877644102162,12.692007859089491,12.692007859089491,4.268759999096745,4.268759999096745,4.268759999096745,4.268759999096745,4.268759999096745,4.268759999096745,0.0,0.0,0.0,16.960767858186237
6,2018-07-31,12.779568914316403,10.336508836951763,19.87661882268928,12.779568914316403,12.779568914316403,2.1728115199256637,2.1728115199256637,2.1728115199256637,2.1728115199256637,2.1728115199256637,2.1728115199256637,0.0,0.0,0.0,14.952380434242066
7,2018-08-31,12.867129969590218,9.759098535317264,19.00354970030564,12.867129969590218,12.867129969590218,1.6039118011863014,1.6039118011863014,1.6039118011863014,1.6039118011863014,1.6039118011863014,1.6039118011863014,0.0,0.0,0.0,14.47104177077652
8,2018-09-30,12.95186647469391,6.66350157752404,15.788086211010379,12.95186647469391,12.95186647469391,-1.532901148733484,-1.532901148733484,-1.532901148733484,-1.532901148733484,-1.532901148733484,-1.532901148733484,0.0,0.0,0.0,11.418965325960425
9,2018-10-31,13.039427529967723,8.887594242274334,18.086026785268228,13.039427529967723,13.039427529967723,0.5018430058312057,0.5018430058312057,0.5018430058312057,0.5018430058312057,0.5018430058312057,0.5018430058312057,0.0,0.0,0.0,13.541270535798928
10,2018-11-30,13.124164034917435,4.964848714787529,14.279381918736716,13.124164034917435,13.124164034917435,-3.40410616751979,-3.40410616751979,-3.40410616751979,-3.40410616751979,-3.40410616751979,-3.40410616751979,0.0,0.0,0.0,9.720057867397644
11,2018-12-31,13.21172509003214,6.175206401147621,15.48142188382725,13.21172509003214,13.21172509003214,-2.4204634040392254,-2.4204634040392254,-2.4204634040392254,-2.4204634040392254,-2.4204634040392254,-2.4204634040392254,0.0,0.0,0.0,10.791261685992914
12,2019-01-31,13.299286144905118,7.193234095542032,16.543175694060995,13.299286144905118,13.299286144905118,-1.4722228949168554,-1.4722228949168554,-1.4722228949168554,-1.4722228949168554,-1.4722228949168554,-1.4722228949168554,0.0,0.0,0.0,11.827063249988262
13,2019-02-28,13.378373549306515,15.222274089953128,24.489800087657162,13.378373549306515,13.378373549306515,6.806992350591865,6.806992350591865,6.806992350591865,6.806992350591865,6.806992350591865,6.806992350591865,0.0,0.0,0.0,20.18536589989838
14,2019-03-31,13.465934604248975,8.939463221769442,17.971422144757973,13.465934604248975,13.465934604248975,0.003771208160945587,0.003771208160945587,0.003771208160945587,0.003771208160945587,0.003771208160945587,0.003771208160945587,0.0,0.0,0.0,13.46970581240992
15,2019-04-30,13.550671109032,6.4255824666252765,16.43572454270141,13.550671109032,13.550671109032,-2.286363557513693,-2.286363557513693,-2.286363557513693,-2.286363557513693,-2.286363557513693,-2.286363557513693,0.0,0.0,0.0,11.264307551518307
16,2019-05-31,13.638232163744057,7.191739258844195,16.157502113868084,13.638232163744057,13.638232163744057,-1.8938794568305317,-1.8938794568305317,-1.8938794568305317,-1.8938794568305317,-1.8938794568305317,-1.8938794568305317,0.0,0.0,0.0,11.744352706913524
17,2019-06-30,13.72296866830411,14.483393609642755,23.95264951151491,13.72296866830411,13.72296866830411,5.518979128211909,5.518979128211909,5.518979128211909,5.518979128211909,5.518979128211909,5.518979128211909,0.0,0.0,0.0,19.24194779651602
18,2019-07-31,13.810529722778494,12.243130226582455,21.760850920494967,13.810529722778494,13.810529722778494,2.9698258493586995,2.9698258493586995,2.9698258493586995,2.9698258493586995,2.9698258493586995,2.9698258493586995,0.0,0.0,0.0,16.780355572137193
19,2019-08-31,13.898090777252879,11.506525578586835,20.774981101007608,13.898090777252879,13.898090777252879,2.2278372829867914,2.2278372829867914,2.2278372829867914,2.2278372829867914,2.2278372829867914,2.2278372829867914,0.0,0.0,0.0,16.12592806023967
20,2019-09-30,13.982827281319567,7.640167054301846,16.895408506765545,13.982827281319567,13.982827281319567,-1.488154895020943,-1.488154895020943,-1.488154895020943,-1.488154895020943,-1.488154895020943,-1.488154895020943,0.0,0.0,0.0,12.494672386298625
21,2019-10-31,14.070388335521812,9.074740361751214,18.32568696527125,14.070388335521812,14.070388335521812,-0.2443764814746583,-0.2443764814746583,-0.2443764814746583,-0.2443764814746583,-0.2443764814746583,-0.2443764814746583,0.0,0.0,0.0,13.826011854047154
22,2019-11-30,14.1551248395885,4.553370054571116,14.421213662950764,14.1551248395885,14.1551248395885,-4.6439179507014865,-4.6439179507014865,-4.6439179507014865,-4.6439179507014865,-4.6439179507014865,-4.6439179507014865,0.0,0.0,0.0,9.511206888887013
23,2019-12-31,14.242685893512743,7.360330887187592,16.62445378636267,14.242685893512743,14.242685893512743,-2.1401302780876916,-2.1401302780876916,-2.1401302780876916,-2.1401302780876916,-2.1401302780876916,-2.1401302780876916,0.0,0.0,0.0,12.10255561542505
24,2020-01-31,14.330246947436988,8.281128045115901,17.808286437432972,14.330246947436988,14.330246947436988,-1.194924322354404,-1.194924322354404,-1.194924322354404,-1.194924322354404,-1.194924322354404,-1.194924322354404,0.0,0.0,0.0,13.135322625082583
25,2020-02-29,14.412158901098525,11.425259122826219,20.348182946714235,14.412158901098525,14.412158901098525,1.3973543157360433,1.3973543157360433,1.3973543157360433,1.3973543157360433,1.3973543157360433,1.3973543157360433,0.0,0.0,0.0,15.809513216834569
26,2020-03-31,14.499719955012582,11.981208121606477,21.23981758571221,14.499719955012582,14.499719955012582,2.1496702059445396,2.1496702059445396,2.1496702059445396,2.1496702059445396,2.1496702059445396,2.1496702059445396,0.0,0.0,0.0,16.64939016095712
27,2020-04-30,14.584456458872342,9.991514228487377,19.2958133202637,14.584456458872342,14.584456458872342,0.1631224254666552,0.1631224254666552,0.1631224254666552,0.1631224254666552,0.1631224254666552,0.1631224254666552,0.0,0.0,0.0,14.747578884338997
28,2020-05-31,14.672017512860759,12.961061925828323,22.581645733235106,14.672017512860759,14.672017512860759,3.2950874590590895,3.2950874590590895,3.2950874590590895,3.2950874590590895,3.2950874590590895,3.2950874590590895,0.0,0.0,0.0,17.96710497191985
29,2020-06-30,14.756754016797231,12.011715254767886,21.091630336042694,14.756754016797231,14.756754016797231,1.8968218003196293,1.8968218003196293,1.8968218003196293,1.8968218003196293,1.8968218003196293,1.8968218003196293,0.0,0.0,0.0,16.65357581711686
30,2020-07-31,14.844315070864923,10.784629743400812,20.23303522579491,14.844315070864923,14.844315070864923,0.5831811547273311,0.5831811547273311,0.5831811547273311,0.5831811547273311,0.5831811547273311,0.5831811547273311,0.0,0.0,0.0,15.427496225592254
31,2020-08-31,14.931876124701306,10.72716727445711,20.192664634021977,14.931876124701306,14.931876124701306,0.30010919582966994,0.30010919582966994,0.30010919582966994,0.30010919582966994,0.30010919582966994,0.30010919582966994,0.0,0.0,0.0,15.231985320530976
32,2020-09-30,15.016612628413935,8.707505031888731,17.70952900437319,15.016612628413935,15.016612628413935,-1.7165225807874522,-1.7165225807874522,-1.7165225807874522,-1.7165225807874522,-1.7165225807874522,-1.7165225807874522,0.0,0.0,0.0,13.300090047626483
33,2020-10-31,15.104173681968486,11.90991523417142,21.613380773275274,15.104173681968486,15.104173681968486,1.9202309661145553,1.9202309661145553,1.9202309661145553,1.9202309661145553,1.9202309661145553,1.9202309661145553,0.0,0.0,0.0,17.024404648083042
34,2020-11-30,15.188910185408375,9.354009369018117,19.131658001223048,15.188910185408375,15.188910185408375,-0.8623617652633625,-0.8623617652633625,-0.8623617652633625,-0.8623617652633625,-0.8623617652633625,-0.8623617652633625,0.0,0.0,0.0,14.326548420145013
35,2020-12-31,15.276471238962927,7.540018328681944,17.02757666385868,15.276471238962927,15.276471238962927,-2.869317709195607,-2.869317709195607,-2.869317709195607,-2.869317709195607,-2.869317709195607,-2.869317709195607,0.0,0.0,0.0,12.40715352976732
36,2021-01-31,15.364032292122818,8.510620078111256,18.067191472721994,15.364032292122818,15.364032292122818,-1.9373096532032668,-1.9373096532032668,-1.9373096532032668,-1.9373096532032668,-1.9373096532032668,-1.9373096532032668,0.0,0.0,0.0,13.426722638919552
37,2021-02-28,15.443119694976915,14.043722435821762,23.678280129250282,15.443119694976915,15.443119694976915,3.228438504787957,3.228438504787957,3.228438504787957,3.228438504787957,3.228438504787957,3.228438504787957,0.0,0.0,0.0,18.67155819976487
38,2021-03-31,15.530680748055163,12.217885605821502,21.600953084658652,15.530680748055163,15.530680748055163,1.4835120468189904,1.4835120468189904,1.4835120468189904,1.4835120468189904,1.4835120468189904,1.4835120468189904,0.0,0.0,0.0,17.014192794874152
39,2021-04-30,15.615417251034115,9.815517044349429,19.35403609283185,15.615417251034115,15.615417251034115,-0.6383388454201624,-0.6383388454201624,-0.6383388454201624,-0.6383388454201624,-0.6383388454201624,-0.6383388454201624,0.0,0.0,0.0,14.977078405613952
40,2021-05-31,15.70297830396698,12.12082577248065,21.87325580098992,15.70297830396698,15.70297830396698,1.5317149744530918,1.5317149744530918,1.5317149744530918,1.5317149744530918,1.5317149744530918,1.5317149744530918,0.0,0.0,0.0,17.23469327842007
41,2021-06-30,15.787714806805234,14.286898326756672,23.17859475829584,15.787714806805234,15.787714806805234,3.060955840068568,3.060955840068568,3.060955840068568,3.060955840068568,3.060955840068568,3.060955840068568,0.0,0.0,0.0,18.848670646873803
42,2021-07-31,15.875272992845465,12.526571147438412,21.95394670511287,15.875272992845465,15.875272992845465,1.3767582815782455,1.3767582815782455,1.3767582815782455,1.3767582815782455,1.3767582815782455,1.3767582815782455,0.0,0.0,0.0,17.25203127442371
43,2021-08-31,15.962831178885695,12.225948284348897,21.906310228248163,15.962831178885695,15.962831178885695,0.9609628145165353,0.9609628145165353,0.9609628145165353,0.9609628145165353,0.9609628145165353,0.9609628145165353,0.0,0.0,0.0,16.92379399340223
44,2021-09-30,16.04756490681715,9.919543286029969,18.917315707650584,16.04756490681715,16.04756490681715,-1.609024063833176,-1.609024063833176,-1.609024063833176,-1.609024063833176,-1.609024063833176,-1.609024063833176,0.0,0.0,0.0,14.438540842983974
45,2021-10-31,16.135123092346323,12.861908565864635,21.725607589364294,16.135123092346323,16.135123092346323,1.2237978504256188,1.2237978504256188,1.2237978504256188,1.2237978504256188,1.2237978504256188,1.2237978504256188,0.0,0.0,0.0,17.35892094277194
46,2021-11-30,16.219854949099606,9.42352878301065,18.4539762254073,16.219854949099606,16.219854949099606,-2.1430129735957455,-2.1430129735957455,-2.1430129735957455,-2.1430129735957455,-2.1430129735957455,-2.1430129735957455,0.0,0.0,0.0,14.07684197550386
47,2021-12-31,16.307411201078,8.840482212903355,18.451206403491195,16.307411201078,16.307411201078,-2.6635306641873258,-2.6635306641873258,-2.6635306641873258,-2.6635306641873258,-2.6635306641873258,-2.6635306641873258,0.0,0.0,0.0,13.643880536890675
48,2022-01-31,16.394967453056395,10.339577684629248,19.19977410472186,16.394967453056395,16.394967453056395,-1.7199828136119115,-1.7199828136119115,-1.7199828136119115,-1.7199828136119115,-1.7199828136119115,-1.7199828136119115,0.0,0.0,0.0,14.674984639444483
49,2022-02-28,16.474050519429554,16.889263842975968,26.09561276738729,16.474050519429554,16.474050519429554,5.032356948304969,5.032356948304969,5.032356948304969,5.032356948304969,5.032356948304969,5.032356948304969,0.0,0.0,0.0,21.506407467734522
50,2022-03-31,16.56160677148555,12.482001836338172,22.168847477330296,16.56160677148555,16.56160677148555,0.7680156780759076,0.7680156780759076,0.7680156780759076,0.7680156780759076,0.7680156780759076,0.7680156780759076,0.0,0.0,0.0,17.32962244956146
51,2022-04-30,16.64633862814633,10.991737812165992,20.050862767297048,16.64633862814633,16.64633862814633,-1.45541455104308,-1.45541455104308,-1.45541455104308,-1.45541455104308,-1.45541455104308,-1.45541455104308,0.0,0.0,0.0,15.19092407710325
52,2022-05-31,16.733894880029137,11.950242712957973,21.075380871533454,16.733894880029137,16.733894880029137,-0.1986235854188088,-0.1986235854188088,-0.1986235854188088,-0.1986235854188088,-0.1986235854188088,-0.1986235854188088,0.0,0.0,0.0,16.53527129461033
53,2022-06-30,16.81862337413595,16.35187339199825,25.54919933677273,16.81862337413595,16.81862337413595,4.268759999101015,4.268759999101015,4.268759999101015,4.268759999101015,4.268759999101015,4.268759999101015,0.0,0.0,0.0,21.087383373236964
54,2022-07-31,16.90617615137965,14.420568405577399,23.896567571450802,16.90617615137965,16.90617615137965,2.172811519914666,2.172811519914666,2.172811519914666,2.172811519914666,2.172811519914666,2.172811519914666,0.0,0.0,0.0,19.078987671294318
55,2022-08-31,16.99372892846354,14.218598208464416,23.376226179241673,16.99372892846354,16.99372892846354,1.6039118011864781,1.6039118011864781,1.6039118011864781,1.6039118011864781,1.6039118011864781,1.6039118011864781,0.0,0.0,0.0,18.597640729650017
56,2022-09-30,17.07845742241569,10.542961196056625,20.209436508825355,17.07845742241569,17.07845742241569,-1.5329011487322008,-1.5329011487322008,-1.5329011487322008,-1.5329011487322008,-1.5329011487322008,-1.5329011487322008,0.0,0.0,0.0,15.545556273683488
57,2022-10-31,17.166010199499578,13.017382890518254,22.476139086537742,17.166010199499578,17.166010199499578,0.5018430058225261,0.5018430058225261,0.5018430058225261,0.5018430058225261,0.5018430058225261,0.5018430058225261,0.0,0.0,0.0,17.667853205322103
58,2022-11-30,17.250738693451723,9.155085881818888,18.418810600837194,17.250738693451723,17.250738693451723,-3.4041061675101894,-3.4041061675101894,-3.4041061675101894,-3.4041061675101894,-3.4041061675101894,-3.4041061675101894,0.0,0.0,0.0,13.846632525941533
59,2022-12-31,17.33829147053561,10.433552104537139,19.769323621910324,17.33829147053561,17.33829147053561,-2.4204634040397237,-2.4204634040397237,-2.4204634040397237,-2.4204634040397237,-2.4204634040397237,-2.4204634040397237,0.0,0.0,0.0,14.917828066495884
60,2023-01-31,17.425844247619498,11.616629677884413,20.590185251107435,17.425844247619498,17.425844247619498,-1.47222289492665,-1.47222289492665,-1.47222289492665,-1.47222289492665,-1.47222289492665,-1.47222289492665,0.0,0.0,0.0,15.953621352692847
61,2023-02-28,17.50492417530817,19.771756851662314,28.498811030063795,17.50492417530817,17.50492417530817,6.806992350588239,6.806992350588239,6.806992350588239,6.806992350588239,6.806992350588239,6.806992350588239,0.0,0.0,0.0,24.311916525896407
62,2023-03-31,17.592476952392058,12.764405492417978,22.11401461061708,17.592476952392058,17.592476952392058,0.0037712081646693414,0.0037712081646693414,0.0037712081646693414,0.0037712081646693414,0.0037712081646693414,0.0037712081646693414,0.0,0.0,0.0,17.596248160556726
63,2023-04-30,17.677205446344207,10.703205538693629,20.073735475048906,17.677205446344207,17.677205446344207,-2.2863635575268852,-2.2863635575268852,-2.2863635575268852,-2.2863635575268852,-2.2863635575268852,-2.2863635575268852,0.0,0.0,0.0,15.390841888817322
64,2023-05-31,17.76475822342809,11.05922080428365,20.85518575256329,17.76475822342809,17.76475822342809,-1.8938794568241153,-1.8938794568241153,-1.8938794568241153,-1.8938794568241153,-1.8938794568241153,-1.8938794568241153,0.0,0.0,0.0,15.870878766603974
65,2023-06-30,17.84948671738024,18.818197933940198,28.141231883883197,17.84948671738024,17.84948671738024,5.518979128216546,5.518979128216546,5.518979128216546,5.518979128216546,5.518979128216546,5.518979128216546,0.0,0.0,0.0,23.368465845596788
66,2023-07-31,17.937039494464127,16.497250332157385,25.67158619881872,17.937039494464127,17.937039494464127,2.969825849356532,2.969825849356532,2.969825849356532,2.969825849356532,2.969825849356532,2.969825849356532,0.0,0.0,0.0,20.90686534382066
67,2023-08-31,18.024592271548016,15.619514281308598,24.781924844278606,18.024592271548016,18.024592271548016,2.227837282997335,2.227837282997335,2.227837282997335,2.227837282997335,2.227837282997335,2.227837282997335,0.0,0.0,0.0,20.25242955454535
68,2023-09-30,18.10932076550016,11.987315921446058,21.4123146650071,18.10932076550016,18.10932076550016,-1.4881548950193846,-1.4881548950193846,-1.4881548950193846,-1.4881548950193846,-1.4881548950193846,-1.4881548950193846,0.0,0.0,0.0,16.621165870480777
69,2023-10-31,18.19687354258405,13.250312587940925,22.762748133095467,18.19687354258405,18.19687354258405,-0.24437648147298652,-0.24437648147298652,-0.24437648147298652,-0.24437648147298652,-0.24437648147298652,-0.24437648147298652,0.0,0.0,0.0,17.952497061111064
70,2023-11-30,18.2816020365362,8.723785309023423,17.97050076474423,18.2816020365362,18.2816020365362,-4.64391795070871,-4.64391795070871,-4.64391795070871,-4.64391795070871,-4.64391795070871,-4.64391795070871,0.0,0.0,0.0,13.63768408582749
71,2023-12-31,18.36915481362009,11.587154332053997,21.01547506266458,18.36915481362009,18.36915481362009,-2.1401302780905787,-2.1401302780905787,-2.1401302780905787,-2.1401302780905787,-2.1401302780905787,-2.1401302780905787,0.0,0.0,0.0,16.22902453552951
72,2024-01-01,18.371979096751822,10.644081969378043,19.746336165408938,18.371979096751822,18.371979096751822,-3.037882809946334,-3.037882809946334,-3.037882809946334,-3.037882809946334,-3.037882809946334,-3.037882809946334,0.0,0.0,0.0,15.334096286805488
73,2024-01-02,18.374803379883563,10.226224056785393,19.48402402993344,18.374803379883563,18.374803379883563,-3.343604065543565,-3.343604065543565,-3.343604065543565,-3.343604065543565,-3.343604065543565,-3.343604065543565,0.0,0.0,0.0,15.031199314339998
74,2024-01-03,18.377627663015303,10.847925101550766,19.936292074414933,18.377627663015303,18.377627663015303,-3.0769200163029082,-3.0769200163029082,-3.0769200163029082,-3.0769200163029082,-3.0769200163029082,-3.0769200163029082,0.0,0.0,0.0,15.300707646712395
75,2024-01-04,18.380451946147037,11.601450891332268,20.91127012177051,18.380451946147037,18.380451946147037,-2.274815828064912,-2.274815828064912,-2.274815828064912,-2.274815828064912,-2.274815828064912,-2.274815828064912,0.0,0.0,0.0,16.105636118082124
76,2024-01-05,18.383276229278778,12.487776240100846,22.017047847077787,18.383276229278778,18.383276229278778,-0.9902140272536678,-0.9902140272536678,-0.9902140272536678,-0.9902140272536678,-0.9902140272536678,-0.9902140272536678,0.0,0.0,0.0,17.39306220202511
77,2024-01-06,18.386100512410515,14.842610628158075,23.387223419338508,18.386100512410515,18.386100512410515,0.709924428107039,0.709924428107039,0.709924428107039,0.709924428107039,0.709924428107039,0.709924428107039,0.0,0.0,0.0,19.096024940517555
78,2024-01-07,18.388924795542255,16.32774365980545,25.267126142188218,18.388924795542255,18.388924795542255,2.7469166125803577,2.7469166125803577,2.7469166125803577,2.7469166125803577,2.7469166125803577,2.7469166125803577,0.0,0.0,0.0,21.135841408122612
79,2024-01-08,18.391749078673996,18.808162337486042,27.857217238085234,18.391749078673996,18.391749078673996,5.033019508065896,5.033019508065896,5.033019508065896,5.033019508065896,5.033019508065896,5.033019508065896,0.0,0.0,0.0,23.424768586739894
80,2024-01-09,18.39457336180573,21.124003168337588,30.500273703728407,18.39457336180573,18.39457336180573,7.474354761013132,7.474354761013132,7.474354761013132,7.474354761013132,7.474354761013132,7.474354761013132,0.0,0.0,0.0,25.86892812281886
81,2024-01-10,18.39739764493747,23.705425860923032,33.36593721160804,18.39739764493747,18.39739764493747,9.974005867122589,9.974005867122589,9.974005867122589,9.974005867122589,9.974005867122589,9.974005867122589,0.0,0.0,0.0,28.37140351206006
82,2024-01-11,18.400221928069204,26.406154180285053,35.89344077121921,18.400221928069204,18.400221928069204,12.435192118884073,12.435192118884073,12.435192118884073,12.435192118884073,12.435192118884073,12.435192118884073,0.0,0.0,0.0,30.835414046953275
83,2024-01-12,18.403046211200945,28.489561979641124,37.66931114591243,18.403046211200945,18.403046211200945,14.764421316993355,14.764421316993355,14.764421316993355,14.764421316993355,14.764421316993355,14.764421316993355,0.0,0.0,0.0,33.1674675281943
84,2024-01-13,18.405870494332685,30.930797085561117,39.95003877193095,18.405870494332685,18.405870494332685,16.874523865775917,16.874523865775917,16.874523865775917,16.874523865775917,16.874523865775917,16.874523865775917,0.0,0.0,0.0,35.2803943601086
85,2024-01-14,18.408694777464422,32.411636952587045,41.79410789076118,18.408694777464422,18.408694777464422,18.687474427946626,18.687474427946626,18.687474427946626,18.687474427946626,18.687474427946626,18.687474427946626,0.0,0.0,0.0,37.096169205411044
86,2024-01-15,18.411519060596163,33.89707739433059,43.069248587687234,18.411519060596163,18.411519060596163,20.136913707687093,20.136913707687093,20.136913707687093,20.136913707687093,20.136913707687093,20.136913707687093,0.0,0.0,0.0,38.548432768283256
87,2024-01-16,18.414343343727896,35.27765156208081,44.92367681581192,18.414343343727896,18.414343343727896,21.170291974505943,21.170291974505943,21.170291974505943,21.170291974505943,21.170291974505943,21.170291974505943,0.0,0.0,0.0,39.584635318233836
88,2024-01-17,18.417167626859637,35.26579584901797,44.660211227134255,18.417167626859637,18.417167626859637,21.750567370744967,21.750567370744967,21.750567370744967,21.750567370744967,21.750567370744967,21.750567370744967,0.0,0.0,0.0,40.167734997604605
89,2024-01-18,18.419991909991374,35.10671880282299,44.967198775851585,18.419991909991374,18.419991909991374,21.857405522678775,21.857405522678775,21.857405522678775,21.857405522678775,21.857405522678775,21.857405522678775,0.0,0.0,0.0,40.27739743267015
90,2024-01-19,18.42281619312311,35.54273758671507,44.55018206074468,18.422816192485634,18.42281619324715,21.487842103672012,21.487842103672012,21.487842103672012,21.487842103672012,21.487842103672012,21.487842103672012,0.0,0.0,0.0,39.91065829679512
91,2024-01-20,18.425640476254852,34.17256522338997,43.99835687666358,18.425640474126265,18.425640477883434,20.656386324107455,20.656386324107455,20.656386324107455,20.656386324107455,20.656386324107455,20.656386324107455,0.0,0.0,0.0,39.08202680036231
92,2024-01-21,18.428464759386593,33.31355350670248,42.15072122708555,18.42846475467848,18.42846476414771,19.39456036456112,19.39456036456112,19.39456036456112,19.39456036456112,19.39456036456112,19.39456036456112,0.0,0.0,0.0,37.823025123947716
93,2024-01-22,18.43128904251833,31.871608228687723,40.96970517730669,18.43128903394347,18.43128905047918,17.749887014194382,17.749887014194382,17.749887014194382,17.749887014194382,17.749887014194382,17.749887014194382,0.0,0.0,0.0,36.181176056712715
94,2024-01-23,18.434113325650067,29.690085849783152,38.88740011099373,18.434113312099967,18.43411333622927,15.784354710736498,15.784354710736498,15.784354710736498,15.784354710736498,15.784354710736498,15.784354710736498,0.0,0.0,0.0,34.21846803638657
95,2024-01-24,18.436937608781804,27.276249963336078,36.56618516154425,18.436937593914944,18.436937622252124,13.572405292906437,13.572405292906437,13.572405292906437,13.572405292906437,13.572405292906437,13.572405292906437,0.0,0.0,0.0,32.00934290168824
